Time	RPelvisAngleX	RPelvisAngleY	RPelvisAngleZ	LPelvisAngleX	LPelvisAngleY	LPelvisAngleZ	RHipAngleX	RHipAngleY	RHipAngleZ	LHipAngleX	LHipAngleY	LHipAngleZ	RKneeAngleX	RKneeAngleY	RKneeAngleZ	LKneeAngleX	LKneeAngleY	LKneeAngleZ	RAnkleAngleX	RAnkleAngleY	RAnkleAngleZ	LAnkleAngleX	LAnkleAngleY	LAnkleAngleZ	RFootAngleX	RFootAngleY	RFootAngleZ	LFootAngleX	LFootAngleY	LFootAngleZ
0	1.75678	1.99238	14.2618	-1.74997	1.38835	12.7868	-0.853218	-3.64108	37.4965	-2.77915	-7.17657	37.9371	2.99861	-21.7173	2.63297	2.84761	-11.3163	4.56476	4.59698	18.8656	2.25369	2.59129	13.5361	1.64018	5.37524	4.05402	24.5626	4.78233	5.08955	23.3888
1	1.87673	2.0501	14.2649	-1.47784	1.47631	12.6322	-0.485342	-3.20621	37.6773	-2.28733	-7.03163	38.1017	2.92623	-22.8297	4.35708	2.29262	-10.8967	6.64034	3.63338	18.2474	2.82184	1.54549	13.0287	1.91193	4.45738	5.22487	23.133	3.734	4.74429	21.4682
2	2.05404	2.03264	14.2637	-1.17956	1.51564	12.4737	-0.00340143	-2.82936	37.8329	-1.74295	-6.86548	38.1595	2.8373	-23.5255	6.33692	1.76319	-10.3086	8.82379	2.25148	17.569	2.85462	0.753663	12.2357	1.71388	3.37609	6.09025	20.7386	3.07826	4.4749	18.9936
3	2.27793	1.93467	14.284	-0.889144	1.49786	12.3622	0.554895	-2.49478	37.9847	-1.20824	-6.65838	38.1835	2.70084	-23.8251	8.27695	1.33086	-9.8077	10.8726	0.951143	16.957	2.05231	0.388192	11.3955	0.870241	2.64434	6.53631	17.6217	3.00218	4.30974	16.1026
4	2.53233	1.75781	14.3349	-0.633881	1.41688	12.3204	1.1291	-2.20255	38.1668	-0.731222	-6.42681	38.2479	2.50986	-23.7064	10.0172	1.00836	-9.48364	12.6733	0.137511	16.4348	0.507549	0.323895	10.7357	-0.458432	2.52826	6.52339	14.2313	3.30767	4.1644	13.0594
5	2.79724	1.5191	14.3912	-0.432844	1.27612	12.3207	1.64718	-2.00174	38.4019	-0.336189	-6.22519	38.3817	2.32681	-23.0715	11.6449	0.764972	-9.19477	14.3265	-0.152859	15.9622	-1.25776	0.341808	10.3181	-1.82929	2.85697	6.06369	11.0145	3.66761	3.92023	10.1808
6	3.0553	1.24552	14.4085	-0.288188	1.08863	12.301	2.06815	-1.94729	38.6817	-0.00917069	-6.11079	38.5439	2.24468	-21.8738	13.3913	0.552677	-8.71987	16.0368	-0.199069	15.4595	-2.7128	0.239884	9.96271	-2.83456	3.24864	5.2654	8.13992	3.80785	3.59405	7.6253
7	3.2995	0.962412	14.3512	-0.180477	0.874324	12.2054	2.40806	-2.04938	38.9537	0.296207	-6.10102	38.6407	2.29274	-20.2236	15.3913	0.328787	-7.98432	17.8939	-0.294794	14.8158	-3.5617	-0.157125	9.4457	-3.2528	3.41052	4.35778	5.62128	3.52815	3.32215	5.44046
8	3.53254	0.688661	14.2097	-0.0783624	0.657337	12.0162	2.72061	-2.25944	39.1256	0.62743	-6.16916	38.5669	2.4146	-18.4099	17.5586	0.0820872	-7.13016	19.7834	-0.632139	13.9746	-3.67756	-0.909639	8.74063	-3.06205	3.17068	3.62361	3.54176	2.79051	3.20541	3.67491
9	3.76486	0.437633	14.0014	0.0477403	0.464317	11.7551	3.06015	-2.48899	39.1027	1.00729	-6.2742	38.2489	2.53012	-16.8325	19.656	-0.167377	-6.3785	21.4874	-1.17924	13.0423	-3.12232	-1.87464	8.02448	-2.40619	2.59258	3.24978	2.00715	1.78598	3.21253	2.35346
10	4.01027	0.221651	13.7582	0.213896	0.324443	11.4639	3.45567	-2.65808	38.8328	1.42683	-6.3801	37.6648	2.59872	-15.7808	21.4662	-0.39079	-5.86644	22.8442	-1.73765	12.2483	-2.10275	-2.81796	7.49585	-1.46637	1.91248	3.19397	1.01049	0.778994	3.22485	1.44154
11	4.27845	0.0563039	13.5101	0.416899	0.265753	11.1855	3.90445	-2.73323	38.3146	1.85192	-6.45841	36.8444	2.62478	-15.288	22.8883	-0.56679	-5.61343	23.8105	-2.17462	11.7764	-0.826732	-3.56303	7.21063	-0.376019	1.28772	3.24942	0.437936	-0.0519686	3.17047	0.861522
12	4.56637	-0.0417793	13.278	0.638387	0.306928	10.9572	4.37709	-2.72219	37.5784	2.23841	-6.50026	35.8612	2.62765	-15.2296	23.9135	-0.690722	-5.56843	24.4318	-2.44305	11.6429	0.540885	-4.01944	7.09032	0.770133	0.78138	3.26955	0.146437	-0.625264	3.07049	0.519609
13	4.8536	-0.0631721	13.0772	0.855413	0.451151	10.8069	4.82796	-2.64791	36.6696	2.55094	-6.53442	34.8146	2.62353	-15.4721	24.5786	-0.779043	-5.63095	24.7982	-2.53729	11.749	1.88152	-4.18864	7.02494	1.9052	0.413806	3.24656	0.0123071	-0.945181	2.96808	0.328406
14	5.10852	-0.0107675	12.9187	1.05016	0.684357	10.747	5.20987	-2.5406	35.6372	2.77504	-6.61869	33.7876	2.62383	-15.9039	24.9373	-0.858509	-5.67373	24.9922	-2.49272	11.999	3.12746	-4.14328	6.93343	2.98519	0.167555	3.2142	-0.05072	-1.07276	2.88218	0.22217
15	5.30359	0.101782	12.8072	1.21378	0.978252	10.7718	5.49044	-2.4437	34.5229	2.91586	-6.80683	32.81	2.63237	-16.4195	25.0357	-0.946698	-5.60196	25.0467	-2.36847	12.3373	4.24584	-3.98067	6.78634	3.97949	0.00627286	3.18825	-0.0916911	-1.08172	2.81757	0.15812
16	5.42738	0.255724	12.7416	1.34263	1.29714	10.8654	5.66217	-2.40746	33.3527	2.98807	-7.11144	31.8598	2.64154	-16.9416	24.9021	-1.03847	-5.40078	24.9473	-2.21522	12.7496	5.22238	-3.78357	6.61056	4.86819	-0.102223	3.17015	-0.132475	-1.03056	2.77437	0.11079
17	5.48368	0.432197	12.7156	1.43202	1.60634	11.0117	5.73982	-2.4723	32.1397	3.00654	-7.49309	30.8966	2.63602	-17.4309	24.5591	-1.10944	-5.12348	24.6663	-2.06042	13.2494	6.05735	-3.60358	6.45746	5.64324	-0.178919	3.15298	-0.179727	-0.955316	2.75159	0.066251
18	5.48279	0.61412	12.7194	1.47376	1.8798	11.1963	5.74955	-2.64989	30.8927	2.98116	-7.89437	29.8898	2.60404	-17.8625	24.0396	-1.13651	-4.8304	24.1941	-1.9152	13.832	6.76504	-3.46143	6.36111	6.30749	-0.236983	3.12994	-0.234664	-0.872094	2.7489	0.0179986
19	5.43568	0.78762	12.7383	1.45782	2.1038	11.4006	5.7183	-2.93122	29.6167	2.91494	-8.26589	28.8216	2.53864	-18.1846	23.3893	-1.10889	-4.55911	23.5459	-1.78564	14.4369	7.37002	-3.35658	6.32787	6.87089	-0.285639	3.10195	-0.297943	-0.784622	2.76523	-0.0362103
20	5.35177	0.941942	12.7521	1.37375	2.27575	11.5998	5.66855	-3.3066	28.309	2.80352	-8.56234	27.679	2.43151	-18.2979	22.6553	-1.02234	-4.34392	22.7494	-1.67752	14.9505	7.89721	-3.27855	6.35425	7.34486	-0.329218	3.07577	-0.370759	-0.692836	2.79764	-0.0975221
21	5.23722	1.06847	12.7384	1.21358	2.39993	11.7682	5.61566	-3.76765	26.9589	2.63871	-8.75062	26.4509	2.27562	-18.0916	21.8716	-0.878298	-4.22239	21.8335	-1.59648	15.2519	8.36218	-3.21377	6.4424	7.73976	-0.365511	3.05715	-0.454453	-0.597006	2.84295	-0.167642
22	5.09416	1.16128	12.6819	0.977562	2.4833	11.8873	5.56475	-4.29482	25.5569	2.41694	-8.83475	25.1349	2.07607	-17.5116	21.0519	-0.690437	-4.20962	20.8269	-1.54757	15.2728	8.76934	-3.14895	6.59684	8.067	-0.389253	3.04817	-0.550095	-0.49747	2.89998	-0.24819
23	4.92153	1.21884	12.5832	0.679286	2.53344	11.9549	5.50869	-4.84332	24.1036	2.1458	-8.85309	23.7459	1.85906	-16.613	20.1931	-0.478166	-4.27659	19.7604	-1.53329	15.0311	9.11806	-3.07779	6.80187	8.33956	-0.39791	3.04928	-0.657535	-0.394346	2.97031	-0.340556
24	4.7183	1.24408	12.4572	0.343672	2.55696	11.9862	5.43261	-5.34967	22.6102	1.84288	-8.84385	22.3157	1.6663	-15.55	19.2833	-0.253387	-4.36404	18.6663	-1.54869	14.6204	9.4117	-3.00529	7.01079	8.57182	-0.392027	3.06251	-0.772695	-0.289464	3.05581	-0.446329
25	4.48796	1.24309	12.324	-0.00107897	2.5589	12.0071	5.32336	-5.75994	21.0909	1.53081	-8.82267	20.8863	1.53885	-14.5096	18.313	-0.0196076	-4.412	17.5774	-1.58106	14.1673	9.66073	-2.9435	7.16153	8.77863	-0.37221	3.09171	-0.888271	-0.186535	3.15545	-0.567175
26	4.23953	1.22391	12.1994	-0.332071	2.54239	12.0441	5.17535	-6.04427	19.5578	1.23081	-8.78345	19.4991	1.50645	-13.6578	17.2794	0.2223	-4.38753	16.5219	-1.61273	13.7961	9.87844	-2.90289	7.2069	8.97037	-0.335997	3.13904	-0.997801	-0.0884931	3.26584	-0.706101
27	3.98395	1.19567	12.092	-0.63565	2.50942	12.1151	4.98972	-6.18763	18.0171	0.956466	-8.71176	18.1822	1.58409	-13.1215	16.1859	0.472297	-4.30283	15.5156	-1.62233	13.606	10.0732	-2.88791	7.14317	9.15062	-0.276324	3.20232	-1.1009	0.00220172	3.38381	-0.867041
28	3.73166	1.16747	12.004	-0.904074	2.46265	12.2251	4.77389	-6.1885	16.4734	0.714731	-8.6029	16.9431	1.76633	-12.9647	15.0417	0.731091	-4.20674	14.5586	-1.58765	13.6491	10.2421	-2.89583	7.01338	9.32082	-0.182819	3.2739	-1.2062	0.0839493	3.50842	-1.04996
29	3.49173	1.14688	11.9347	-1.13072	2.40665	12.3657	4.54132	-6.067	14.9331	0.509823	-8.47438	15.7681	2.02428	-13.1617	13.8615	0.99949	-4.14661	13.6396	-1.49408	13.915	10.3741	-2.91364	6.87662	9.48525	-0.0478182	3.33967	-1.32826	0.162736	3.64253	-1.24713
30	3.27063	1.13844	11.8817	-1.31177	2.34565	12.5209	4.30897	-5.86301	13.406	0.342374	-8.35619	14.6323	2.31252	-13.5957	12.6667	1.27852	-4.14281	12.7451	-1.34681	14.3259	10.4597	-2.9209	6.77591	9.64989	0.12296	3.38479	-1.48182	0.253313	3.79192	-1.44717
31	3.07241	1.14199	11.8418	-1.45003	2.27993	12.6759	4.09518	-5.62614	11.9039	0.207498	-8.26955	13.5134	2.58292	-14.0959	11.4839	1.56933	-4.19252	11.8665	-1.17383	14.7575	10.5007	-2.90644	6.727	9.81914	0.306704	3.40454	-1.67559	0.363791	3.96268	-1.64305
32	2.89805	1.15216	11.8125	-1.55318	2.20549	12.8214	3.91472	-5.40155	10.4381	0.097421	-8.22175	12.3976	2.80162	-14.5064	10.3376	1.87075	-4.27806	11.0027	-1.01515	15.0909	10.5141	-2.87419	6.72246	9.99625	0.471073	3.41033	-1.90759	0.488411	4.15976	-1.83396
33	2.74526	1.16046	11.7913	-1.63018	2.11652	12.9546	3.77332	-5.22278	9.01543	0.00522138	-8.21145	11.281	2.95809	-14.7431	9.24509	2.17719	-4.3762	10.1579	-0.901053	15.2592	10.532	-2.82746	6.74664	10.1824	0.588623	3.42993	-2.16112	0.621181	4.38271	-2.02299
34	2.61148	1.15883	11.7775	-1.68918	2.00827	13.0782	3.66827	-5.11316	7.63697	-0.0742231	-8.23565	10.168	3.06333	-14.8082	8.21447	2.48036	-4.46878	9.34	-0.830326	15.2671	10.5877	-2.76438	6.79208	10.3784	0.656238	3.49853	-2.41109	0.759819	4.62423	-2.21418
35	2.49497	1.14155	11.7732	-1.73721	1.878	13.1994	3.59123	-5.08566	6.30086	-0.144839	-8.29078	9.0699	3.14149	-14.7725	7.24621	2.77156	-4.54564	8.56043	-0.77228	15.1832	10.6978	-2.68527	6.85754	10.5869	0.697331	3.64292	-2.64036	0.899194	4.87568	-2.41145
36	2.39343	1.10413	11.7829	-1.77924	1.72371	13.3272	3.53106	-5.13549	5.00529	-0.207765	-8.36942	8.00348	3.21873	-14.7342	6.33697	3.04155	-4.59489	7.83607	-0.686524	15.1017	10.8576	-2.5916	6.9339	10.8112	0.746373	3.87119	-2.84858	1.03488	5.12947	-2.62045
37	2.30446	1.04305	11.8128	-1.81601	1.5431	13.4691	3.47834	-5.23726	3.75114	-0.259649	-8.45965	6.98609	3.31381	-14.7695	5.48429	3.28073	-4.59836	7.18737	-0.542442	15.0889	11.0487	-2.48337	7.00005	11.0523	0.833145	4.17412	-3.04871	1.16707	5.3787	-2.8501
38	2.22708	0.956413	11.868	-1.84404	1.334	13.6263	3.42871	-5.3506	2.54176	-0.294165	-8.54868	6.02837	3.43335	-14.904	4.69017	3.48114	-4.5396	6.63402	-0.336844	15.1509	11.2536	-2.3589	7.0342	11.3081	0.965591	4.53304	-3.25821	1.29965	5.61751	-3.11139
39	2.16156	0.843971	11.9502	-1.85869	1.09498	13.7902	3.3821	-5.43466	1.38141	-0.306326	-8.62718	5.12853	3.57233	-15.1109	3.96414	3.63812	-4.41652	6.19095	-0.0894821	15.2427	11.4653	-2.21069	7.03083	11.5748	1.13177	4.92604	-3.49272	1.44129	5.84088	-3.41488
40	2.10857	0.706316	12.055	-1.85816	0.825773	13.943	3.34014	-5.46418	0.274699	-0.296813	-8.69186	4.27183	3.71735	-15.3429	3.32519	3.74989	-4.24216	5.86745	0.176481	15.3151	11.6859	-2.0246	7.00437	11.8492	1.31275	5.32839	-3.76483	1.60378	6.04391	-3.76838
41	2.06929	0.543584	12.1726	-1.84515	0.525935	14.0634	3.3048	-5.43886	-0.773109	-0.271188	-8.74285	3.43835	3.8506	-15.5622	2.80126	3.8143	-4.03444	5.66964	0.453645	15.3566	11.9206	-1.78583	6.97792	12.1293	1.49609	5.71177	-4.08398	1.79704	6.22142	-4.17672
42	2.04578	0.355038	12.2913	-1.82471	0.196131	14.1356	3.27786	-5.381	-1.75416	-0.235855	-8.78233	2.61465	3.95405	-15.7344	2.4257	3.82629	-3.80831	5.60245	0.752482	15.3826	12.1734	-1.4852	6.97449	12.4132	1.68145	6.04729	-4.45594	2.0249	6.36586	-4.64404
43	2.04003	0.140916	12.4034	-1.80091	-0.157801	14.1586	3.26011	-5.32363	-2.65507	-0.19485	-8.81507	1.80442	4.01285	-15.8179	2.2313	3.77829	-3.5745	5.6706	1.08845	15.4072	12.4454	-1.12136	7.01309	12.6959	1.87566	6.30996	-4.88464	2.28501	6.46631	-5.17658
44	2.05311	-0.0948654	12.5098	-1.77514	-0.523535	14.1501	3.25123	-5.29522	-3.45545	-0.149182	-8.84359	1.03167	4.01642	-15.7787	2.24457	3.66353	-3.34063	5.87825	1.47408	15.4374	12.732	-0.699458	7.1019	12.9671	2.08808	6.4813	-5.37597	2.57274	6.51092	-5.785
45	2.08318	-0.343843	12.6166	-1.7467	-0.883564	14.1378	3.2476	-5.31083	-4.13572	-0.0999897	-8.86857	0.329013	3.9589	-15.6053	2.4801	3.48024	-3.1043	6.22713	1.91573	15.4792	13.021	-0.227038	7.23098	13.2093	2.32753	6.54876	-5.94139	2.88694	6.48933	-6.4853
46	2.1213	-0.593849	12.7253	-1.71616	-1.21806	14.1444	3.23728	-5.37564	-4.69077	-0.0536541	-8.89528	-0.282142	3.83963	-15.3013	2.93832	3.23296	-2.84786	6.71425	2.4114	15.537	13.2925	0.290729	7.37659	13.4012	2.60024	6.50307	-6.59948	3.23285	6.39267	-7.29721
47	2.14708	-0.831949	12.8245	-1.69042	-1.50896	14.1756	3.19509	-5.49141	-5.13888	-0.0256662	-8.93703	-0.804148	3.66255	-14.8713	3.6068	2.9297	-2.54798	7.33163	2.95212	15.6102	13.5223	0.852131	7.51841	13.5218	2.91007	6.33781	-7.37469	3.6179	6.21281	-8.24169
48	2.13012	-1.04792	12.8908	-1.68476	-1.74234	14.2192	3.08557	-5.65805	-5.5189	-0.0396114	-9.01509	-1.261	3.43337	-14.3253	4.46476	2.5773	-2.18358	8.06945	3.52941	15.697	13.6847	1.45681	7.64888	13.553	3.26145	6.05368	-8.29358	4.04688	5.94279	-9.33995
49	2.0416	-1.23356	12.8978	-1.719	-1.9093	14.255	2.8781	-5.87553	-5.87638	-0.120158	-9.15002	-1.68285	3.15617	-13.6835	5.48923	2.17842	-1.74275	8.92061	4.13708	15.7998	13.7551	2.10461	7.77107	13.479	3.65855	5.66048	-9.38405	4.5215	5.57773	-10.614
50	1.86901	-1.38185	12.8309	-1.80901	-2.00474	14.2702	2.56501	-6.1409	-6.24292	-0.28032	-9.3484	-2.08522	2.83154	-12.9823	6.66129	1.72863	-1.23763	9.88462	4.76707	15.9296	13.708	2.79451	7.89952	13.2821	4.1017	5.17417	-10.6774	5.0395	5.11406	-12.0898
51	1.62302	-1.48806	12.7	-1.95954	-2.02489	14.271	2.16995	-6.43942	-6.61782	-0.510506	-9.59328	-2.45354	2.4547	-12.2757	7.97207	1.21431	-0.720464	10.9702	5.40808	16.1057	13.5131	3.52238	8.06666	12.9351	4.58734	4.61082	-12.2108	5.59132	4.54629	-13.8028
52	1.3324	-1.54777	12.5405	-2.16346	-1.96508	14.2794	1.74231	-6.74144	-6.96176	-0.777621	-9.84675	-2.74483	2.01349	-11.6315	9.42689	0.611854	-0.279093	12.1975	6.04362	16.3527	13.1304	4.27917	8.31999	12.3962	5.1059	3.97943	-14.0324	6.15824	3.86559	-15.8027
53	1.03265	-1.55379	12.4023	-2.40629	-1.82394	14.3138	1.34292	-7.00343	-7.20727	-1.03507	-10.0662	-2.90857	1.49078	-11.1239	11.0448	-0.109228	0.00128862	13.6004	6.64304	16.6916	12.5069	5.04261	8.69692	11.6099	5.63418	3.2807	-16.2054	6.70953	3.06758	-18.1549
54	0.755433	-1.49862	12.324	-2.66923	-1.61197	14.3663	1.02781	-7.1778	-7.28623	-1.23744	-10.2266	-2.91014	0.872491	-10.8228	12.8567	-0.97417	0.0729603	15.2292	7.15281	17.1317	11.5783	5.76325	9.20213	10.5142	6.12912	2.51732	-18.8095	7.19686	2.17272	-20.9358
55	0.52438	-1.38143	12.3036	-2.93222	-1.35252	14.4022	0.833784	-7.2398	-7.16137	-1.35599	-10.333	-2.73197	0.161071	-10.7809	14.9058	-1.98509	-0.0850469	17.1481	7.49505	17.6713	10.2752	6.35713	9.81896	9.04558	6.53076	1.71476	-21.9334	7.55284	1.24172	-24.223
56	0.350651	-1.21145	12.2952	-3.18202	-1.07296	14.3817	0.763352	-7.21409	-6.82996	-1.39543	-10.414	-2.35775	-0.613221	-11.0307	17.2459	-3.10703	-0.498512	19.4171	7.57006	18.3172	8.53095	6.71739	10.5444	7.13569	6.77302	0.929909	-25.6604	7.70681	0.359339	-28.0822
57	0.225404	-1.00572	12.2387	-3.41684	-0.796299	14.2814	0.776289	-7.16503	-6.2967	-1.39909	-10.4949	-1.7659	-1.39469	-11.5918	19.9256	-4.26494	-1.20139	22.0651	7.25708	19.0979	6.28826	6.7414	11.398	4.71585	6.79388	0.230813	-30.0532	7.61696	-0.402565	-32.5528
58	0.122297	-0.786723	12.097	-3.6446	-0.538845	14.1049	0.801906	-7.14634	-5.5542	-1.4301	-10.5666	-0.93839	-2.11513	-12.4775	22.9577	-5.36114	-2.20054	25.0712	6.42728	20.0413	3.52081	6.3532	12.3807	1.75763	6.54666	-0.330425	-35.1287	7.28547	-1.01414	-37.619
59	0.0102314	-0.579882	11.8724	-3.87879	-0.312617	13.8775	0.768439	-7.15802	-4.59225	-1.54002	-10.5801	0.124975	-2.71504	-13.6759	26.2963	-6.31022	-3.42656	28.3656	4.99778	21.1284	0.273524	5.51306	13.4293	-1.66315	6.02398	-0.73606	-40.8195	6.73101	-1.50332	-43.1716
60	-0.133964	-0.412759	11.597	-4.13225	-0.130279	13.6307	0.633804	-7.14417	-3.41453	-1.74655	-10.4697	1.40001	-3.16547	-15.0935	29.8479	-7.06579	-4.69985	31.8582	2.99988	22.2571	-3.28572	4.21141	14.3993	-5.31859	5.26597	-1.02062	-46.9252	5.92641	-1.949	-48.983
61	-0.317307	-0.313747	11.3131	-4.40977	-0.0069531	13.3897	0.399099	-7.02906	-2.04056	-2.03126	-10.1849	2.84538	-3.46958	-16.5066	33.5148	-7.61566	-5.75186	35.4726	0.605474	23.2457	-6.84051	2.44117	15.0857	-8.84613	4.32139	-1.26893	-53.0883	4.74014	-2.4364	-54.7252
62	-0.52936	-0.305921	11.0602	-4.70066	0.04509	13.1723	0.0999996	-6.75888	-0.495401	-2.347	-9.71543	4.41743	-3.64385	-17.6126	37.2236	-7.96373	-6.32392	39.1427	-1.91145	23.8957	-9.98661	0.194989	15.2913	-11.8762	3.20435	-1.5691	-58.8425	2.97789	-2.99366	-60.0428
63	-0.749314	-0.39976	10.871	-4.9775	0.0234038	12.9916	-0.213772	-6.32359	1.1989	-2.63142	-9.10786	6.08089	-3.7067	-18.1782	40.9129	-8.13248	-6.2973	42.7816	-4.23307	24.0904	-12.3735	-2.43281	14.9282	-14.1944	1.94117	-1.95263	-63.7276	0.591692	-3.56687	-64.6273
64	-0.956488	-0.589465	10.7663	-5.20796	-0.0632855	12.8561	-0.497219	-5.76515	3.02278	-2.83135	-8.46367	7.81347	-3.69318	-18.1857	44.508	-8.18824	-5.78591	46.2828	-6.03372	23.893	-13.7995	-5.10672	14.1191	-15.7368	0.678995	-2.39008	-67.3784	-2.10849	-4.06643	-68.2124
65	-1.13766	-0.853716	10.7501	-5.3711	-0.198995	12.7676	-0.721072	-5.17799	4.95675	-2.92494	-7.9104	9.60711	-3.67279	-17.8546	47.9246	-8.24643	-5.10932	49.5582	-7.10074	23.5645	-14.1684	-7.31968	13.1961	-16.4215	-0.376085	-2.83357	-69.5608	-4.53745	-4.43352	-70.5428
66	-1.28651	-1.16054	10.8112	-5.46304	-0.365374	12.7223	-0.873409	-4.68906	6.9859	-2.92431	-7.56517	11.4671	-3.73596	-17.497	51.0885	-8.42957	-4.60022	52.5622	-7.50131	23.4177	-13.4699	-8.68721	12.5168	-16.1164	-1.1703	-3.23902	-70.2371	-6.1933	-4.65782	-71.448
67	-1.39838	-1.47489	10.9326	-5.49113	-0.545021	12.7118	-0.955452	-4.41884	9.10661	-2.86227	-7.50948	13.4057	-3.95786	-17.3231	53.9467	-8.81724	-4.42325	55.276	-7.48305	23.6027	-11.8941	-9.09484	12.2584	-14.8384	-1.7805	-3.55541	-69.6268	-6.87256	-4.74311	-70.9779
68	-1.46677	-1.76685	11.0993	-5.46667	-0.722824	12.7246	-0.976599	-4.43947	11.32	-2.77548	-7.7624	15.4238	-4.36494	-17.3548	56.4684	-9.4169	-4.57782	57.6741	-7.19576	24.0185	-9.86026	-8.60756	12.3851	-12.8721	-2.19516	-3.71376	-68.1347	-6.60585	-4.6737	-69.4169
69	-1.48232	-2.01695	11.2955	-5.40075	-0.88665	12.7437	-0.948275	-4.75018	13.6097	-2.69103	-8.26354	17.4899	-4.91875	-17.4781	58.6425	-10.1551	-4.9921	59.7108	-6.65886	24.4129	-7.81743	-7.42739	12.7602	-10.6317	-2.31209	-3.64663	-66.1685	-5.59497	-4.43325	-67.1423
70	-1.4342	-2.21677	11.5	-5.30147	-1.02714	12.7475	-0.877182	-5.28141	15.9272	-2.62029	-8.8899	19.5375	-5.52562	-17.5581	60.4638	-10.8952	-5.59302	61.3301	-5.93708	24.5643	-6.01676	-5.89739	13.2683	-8.44791	-2.12776	-3.32946	-63.9897	-4.18625	-4.04187	-64.4645
71	-1.31281	-2.36672	11.687	-5.17268	-1.13726	12.716	-0.760974	-5.92665	18.1978	-2.55989	-9.50182	21.4872	-6.07438	-17.5277	61.9162	-11.4835	-6.32764	62.4838	-5.19052	24.3953	-4.46738	-4.39251	13.8521	-6.47693	-1.79137	-2.79638	-61.6811	-2.75211	-3.55137	-61.5622
72	-1.11422	-2.4723	11.8334	-5.01475	-1.2132	12.6412	-0.590929	-6.58495	20.344	-2.49699	-9.99008	23.2771	-6.48187	-17.4058	62.9701	-11.8048	-7.14327	63.1478	-4.56095	23.9624	-3.05916	-3.15458	14.4687	-4.73712	-1.4767	-2.11204	-59.2121	-1.5364	-3.01074	-58.5056
73	-0.845929	-2.54112	11.9282	-4.82627	-1.25545	12.5302	-0.362162	-7.18523	22.3112	-2.41586	-10.3007	24.8803	-6.71368	-17.2686	63.5965	-11.8156	-7.97147	63.3315	-4.0757	23.3855	-1.70169	-2.23135	15.0536	-3.17889	-1.25718	-1.33449	-56.5267	-0.603442	-2.44495	-55.303
74	-0.528294	-2.58011	11.9777	-4.60788	-1.26821	12.4009	-0.0836379	-7.68623	24.086	-2.30636	-10.433	26.3042	-6.77451	-17.2074	63.7829	-11.5441	-8.74415	63.0718	-3.66243	22.7893	-0.37729	-1.53744	15.5393	-1.74382	-1.09952	-0.501756	-53.5977	0.103505	-1.85988	-51.9421
75	-0.188564	-2.59456	12.0031	-4.3661	-1.25818	12.272	0.221828	-8.0641	25.6942	-2.16994	-10.4186	27.5778	-6.68371	-17.2898	63.5434	-11.0615	-9.4197	62.4159	-3.23048	22.2648	0.882914	-0.954129	15.8909	-0.400951	-0.938737	0.362217	-50.4372	0.674702	-1.25685	-48.419
76	0.14809	-2.58818	12.0306	-4.11179	-1.23405	12.1562	0.526043	-8.3001	27.1821	-2.01685	-10.2971	28.7371	-6.45472	-17.5354	62.9153	-10.448	-9.98968	61.4098	-2.73844	21.8475	2.04068	-0.399622	16.1131	0.848251	-0.746031	1.23925	-47.0858	1.17379	-0.639128	-44.7501
77	0.464569	-2.56346	12.0828	-3.85604	-1.20518	12.0587	0.805226	-8.38032	28.5939	-1.85872	-10.1003	29.8142	-6.09277	-17.9164	61.9465	-9.76655	-10.4661	60.0952	-2.20457	21.5161	3.07264	0.152194	16.2246	1.98407	-0.54026	2.11587	-43.5958	1.62322	-0.00769	-40.9703
78	0.75091	-2.52298	12.1715	-3.60847	-1.18028	11.9805	1.04559	-8.29989	29.9547	-1.70246	-9.84771	30.8324	-5.60463	-18.3789	60.679	-9.05554	-10.8618	58.5076	-1.66423	21.2098	3.9706	0.676853	16.2294	2.98542	-0.3486	2.98866	-40.0123	2.00969	0.644553	-37.1251
79	0.999544	-2.47073	12.2955	-3.37713	-1.166	11.9204	1.24374	-8.0527	31.2619	-1.54907	-9.54943	31.8012	-4.99816	-18.8844	59.1354	-8.33394	-11.1846	56.6733	-1.1291	20.8635	4.73493	1.11809	16.1098	3.84353	-0.172352	3.86649	-36.3597	2.29581	1.33482	-33.2586
80	1.20391	-2.41124	12.4422	-3.16751	-1.16485	11.8755	1.40395	-7.64495	32.4922	-1.39696	-9.21293	32.7146	-4.2969	-19.4272	57.3185	-7.61282	-11.4484	54.6043	-0.60313	20.4438	5.3742	1.43663	15.8437	4.56516	-0.00864964	4.76183	-32.6451	2.45615	2.08977	-29.3948
81	1.36264	-2.3468	12.5955	-2.98152	-1.17427	11.8416	1.53427	-7.12006	33.618	-1.24676	-8.84797	33.555	-3.55449	-20.012	55.2199	-6.90115	-11.6814	52.2981	-0.121735	19.9547	5.90597	1.63407	15.4256	5.16603	0.110176	5.67912	-28.875	2.49446	2.9381	-25.5321
82	1.48162	-2.27567	12.7434	-2.81768	-1.18729	11.8155	1.64193	-6.53758	34.6175	-1.10416	-8.46968	34.3027	-2.8278	-20.6306	52.8268	-6.20669	-11.9154	49.7437	0.24933	19.4171	6.34768	1.72432	14.871	5.66253	0.123755	6.60751	-25.063	2.41972	3.89804	-21.658
83	1.57072	-2.1932	12.8801	-2.67261	-1.19427	11.7962	1.72918	-5.95026	35.4769	-0.978576	-8.0989	34.9434	-2.15652	-21.2556	50.126	-5.53486	-12.1679	46.9291	0.453045	18.8562	6.70424	1.71962	14.2053	6.0619	-0.013075	7.51707	-21.2275	2.24194	4.96972	-17.7647
84	1.63939	-2.09452	13.0061	-2.54433	-1.18742	11.7851	1.79254	-5.39965	36.1909	-0.880377	-7.75542	35.4697	-1.56323	-21.8439	47.1085	-4.88605	-12.4313	43.8458	0.475566	18.3021	6.96514	1.63892	13.4533	6.3544	-0.297436	8.36004	-17.3814	1.9886	6.13138	-13.8569
85	1.69501	-1.97604	13.1264	-2.43223	-1.1623	11.7857	1.82544	-4.91508	36.761	-0.817702	-7.45729	35.8791	-1.05432	-22.3397	43.7714	-4.25591	-12.6684	40.4897	0.33684	17.7873	7.10588	1.49002	12.6405	6.51291	-0.686514	9.07344	-13.5367	1.69052	7.33237	-9.95943
86	1.74273	-1.83491	13.249	-2.33483	-1.11532	11.8032	1.81987	-4.51466	37.1941	-0.795882	-7.22061	36.1727	-0.622881	-22.6759	40.1184	-3.63457	-12.8237	36.8607	0.05226	17.3442	7.08603	1.23698	11.8076	6.49652	-1.13288	9.57967	-9.72257	1.34722	8.48752	-6.1252
87	1.78474	-1.66825	13.3829	-2.25092	-1.04358	11.844	1.76654	-4.20816	37.5015	-0.819506	-7.05395	36.3562	-0.25646	-22.7923	36.1664	-3.00816	-12.8504	32.9676	-0.383775	17.0177	6.85834	0.811264	11.0252	6.25779	-1.61072	9.79007	-5.99217	0.926718	9.48391	-2.42871
88	1.81908	-1.47354	13.5331	-2.18016	-0.945866	11.9116	1.65565	-3.99833	37.6958	-0.892771	-6.95988	36.4386	0.0569768	-22.6583	31.955	-2.366	-12.7309	28.84	-0.975225	16.8702	6.39001	0.1763	10.3907	5.7594	-2.1109	9.61984	-2.40281	0.412917	10.204	1.06227
89	1.84109	-1.24941	13.6959	-2.12267	-0.822542	12.0045	1.48147	-3.88546	37.7883	-1.01961	-6.9406	36.433	0.3276	-22.2696	27.5522	-1.70397	-12.4689	24.5427	-1.68122	16.9536	5.67448	-0.606225	9.98955	4.9979	-2.60356	9.01446	1.00898	-0.139071	10.5603	4.31996
90	1.8479	-0.994521	13.8579	-2.07903	-0.674202	12.1158	1.24612	-3.8724	37.7887	-1.20421	-6.99997	36.3572	0.569271	-21.6281	23.0576	-1.01921	-12.0574	20.1855	-2.38671	17.2617	4.73538	-1.37729	9.83973	4.02387	-3.00094	7.9785	4.24197	-0.599729	10.5201	7.36806
91	1.84094	-0.707256	13.999	-2.05049	-0.500446	12.2345	0.957512	-3.96305	37.7086	-1.4509	-7.13833	36.2354	0.808857	-20.7336	18.603	-0.303607	-11.4784	15.919	-2.93049	17.709	3.64629	-1.9451	9.8873	2.94448	-3.17935	6.5909	7.3296	-0.818946	10.1093	10.2637
92	1.824	-0.387897	14.0989	-2.03855	-0.300798	12.3496	0.622916	-4.15125	37.5639	-1.76186	-7.34278	36.1021	1.0871	-19.6088	14.3521	0.453828	-10.7597	11.921	-3.1643	18.1612	2.54825	-2.14418	10.0646	1.90966	-3.03754	4.99756	10.3241	-0.676239	9.40638	13.0708
93	1.80113	-0.0407496	14.1482	-2.04485	-0.0772031	12.4572	0.24946	-4.40971	37.3822	-2.13083	-7.57505	36.0046	1.43816	-18.3568	10.4856	1.25258	-10.0243	8.37713	-2.95746	18.503	1.60956	-1.85172	10.3417	1.07428	-2.49309	3.39495	13.2648	-0.0848252	8.5361	15.8293
94	1.77495	0.323941	14.1556	-2.0696	0.163755	12.562	-0.145549	-4.68277	37.2025	-2.53287	-7.77327	35.997	1.86025	-17.2095	7.16563	2.05764	-9.47417	5.45298	-2.18634	18.7032	0.940211	-1.00564	10.7298	0.534414	-1.45135	2.01046	16.1335	1.00161	7.65354	18.5122
95	1.74615	0.690085	14.1449	-2.10785	0.411343	12.669	-0.52778	-4.88979	37.0656	-2.92022	-7.87691	36.1204	2.30458	-16.4965	4.50324	2.78889	-9.30248	3.27155	-0.825361	18.8303	0.56213	0.323013	11.2534	0.289605	0.106108	1.05905	18.8364	2.51066	6.90388	20.992
96	1.715	1.03835	14.1426	-2.14503	0.652816	12.7748	-0.850414	-4.95226	37.0015	-3.22955	-7.85527	36.3863	2.69175	-16.4973	2.56103	3.34124	-9.58511	1.90927	0.946816	18.9846	0.447216	1.84927	11.9141	0.273711	1.99523	0.683371	21.231	4.15458	6.36229	23.0526
97	1.68556	1.34991	14.163	-2.15465	0.877259	12.8616	-1.06652	-4.82711	37.024	-3.39814	-7.72585	36.7689	2.95144	-17.28	1.38408	3.6265	-10.2048	1.40349	2.75883	19.189	0.569711	3.11931	12.6427	0.424891	3.83223	0.916504	23.1604	5.47206	6.00076	24.4487
98	1.66906	1.60947	14.2021	-2.10472	1.07665	12.9021	-1.14172	-4.52437	37.131	-3.38247	-7.54273	37.208	3.06131	-18.6491	1.01541	3.61026	-10.877	1.74454	4.17368	19.3373	0.932151	3.71772	13.2787	0.722144	5.17795	1.68063	24.4637	6.04784	5.71851	24.9897
99	1.68307	1.80666	14.242	-1.9729	1.24347	12.873	-1.06076	-4.1011	37.3003	-3.17186	-7.36069	37.6207	3.05572	-20.2426	1.46432	3.32277	-11.2878	2.85123	4.84889	19.2637	1.52744	3.49221	13.6233	1.14683	5.72495	2.80886	24.9775	5.75048	5.41932	24.61
100	1.74562	1.93595	14.2645	-1.7589	1.37152	12.7701	-0.826842	-3.6389	37.4916	-2.79198	-7.20278	37.9295	2.99609	-21.7046	2.64977	2.84568	-11.2602	4.5583	4.64934	18.8837	2.24639	2.639	13.5406	1.59905	5.42467	4.07533	24.5571	4.82533	5.07438	23.3826
