Time	Fx1	Fy1	Fz1	COPx1	COPy1	COPz1	Ty1	Fx2	Fy2	Fz2	COPx2	COPy2	COPz2	Ty2	Fx3	Fy3	Fz3	COPx3	COPy3	COPz3	Ty3	Fx4	Fy4	Fz4	COPx4	COPy4	COPz4	Ty4	Fx5	Fy5	Fz5	COPx5	COPy5	COPz5	Ty5
1	0	0	0	1506	0	-203	0	0	0	0	2109	0	-203	0	0	0	0	903	0	-403	0	0	0	0	300	0	-203	0	0	0	0	300	0	200	0
2	-0	-0	-0	1506	0	-203	-0	-0	-0	-0	2109	0	-203	-0	-0	-0	-0	903	0	-403	-0	-0	-0	-0	300	0	-203	-0	-0	-0	-0	300	0	200	-0
3	-0	-0	-0	1506	0	-203	-0	-0	-0	-0	2109	0	-203	-0	-0	-0	-0	903	0	-403	-0	-0	-0	-0	300	0	-203	-0	-0	-0	-0	300	0	200	-0
4	-0	-0	-0	1506	0	-203	-0	-0	-0	-0	2109	0	-203	-0	-0	-0	-0	903	0	-403	-0	-0	-0	-0	300	0	-203	-0	-0	-0	-0	300	0	200	-0
5	-0	-0	-0	1506	0	-203	-0	-0	-0	-0	2109	0	-203	-0	0	0	0	903	0	-403	0	-0	-0	-0	300	0	-203	-0	-0	-0	-0	300	0	200	-0
6	-0	-0	-0	1506	0	-203	-0	-0	-0	-0	2109	0	-203	-0	-0	-0	-0	903	0	-403	-0	0	0	0	300	0	-203	0	-0	-0	-0	300	0	200	-0
7	-0	-0	-0	1506	0	-203	-0	-0	-0	-0	2109	0	-203	-0	-0	-0	-0	903	0	-403	-0	-0	-0	-0	300	0	-203	-0	-0	-0	-0	300	0	200	-0
8	-0	-0	-0	1506	0	-203	-0	-0	-0	-0	2109	0	-203	-0	-0	-0	-0	903	0	-403	-0	-0	-0	-0	300	0	-203	-0	-0	-0	-0	300	0	200	-0
9	-0	-0	-0	1506	0	-203	-0	-0	-0	-0	2109	0	-203	-0	-0	-0	-0	903	0	-403	-0	-0	-0	-0	300	0	-203	-0	-0	-0	-0	300	0	200	-0
10	-0	-0	-0	1506	0	-203	-0	-0	-0	-0	2109	0	-203	-0	-0	-0	-0	903	0	-403	-0	-0	-0	-0	300	0	-203	-0	0	0	0	300	0	200	0
11	-0	-0	-0	1506	0	-203	-0	-0	-0	-0	2109	0	-203	-0	-0	-0	-0	903	0	-403	-0	-0	-0	-0	300	0	-203	-0	-0	-0	-0	300	0	200	-0
12	-0	-0	-0	1506	0	-203	-0	-0	-0	-0	2109	0	-203	-0	-0	-0	-0	903	0	-403	-0	-0	-0	-0	300	0	-203	-0	-0	-0	-0	300	0	200	-0
13	-0	-0	-0	1506	0	-203	-0	-0	-0	-0	2109	0	-203	-0	-0	-0	-0	903	0	-403	-0	-0	-0	-0	300	0	-203	-0	-0	-0	-0	300	0	200	-0
14	-0	-0	-0	1506	0	-203	-0	-0	-0	-0	2109	0	-203	-0	-0	-0	-0	903	0	-403	-0	-0	-0	-0	300	0	-203	-0	-0	-0	-0	300	0	200	-0
15	-0	-0	-0	1506	0	-203	-0	-0	-0	-0	2109	0	-203	-0	-0	-0	-0	903	0	-403	-0	-0	-0	-0	300	0	-203	-0	0	0	0	300	0	200	0
16	-0	-0	-0	1506	0	-203	-0	-0	-0	-0	2109	0	-203	-0	-0	-0	-0	903	0	-403	-0	-0	-0	-0	300	0	-203	-0	-0	-0	-0	300	0	200	-0
17	-0	-0	-0	1506	0	-203	-0	-0	-0	-0	2109	0	-203	-0	-0	-0	-0	903	0	-403	-0	-0	-0	-0	300	0	-203	-0	0	0	0	300	0	200	0
18	-0	-0	-0	1506	0	-203	-0	-0	-0	-0	2109	0	-203	-0	0	0	0	903	0	-403	0	-0	-0	-0	300	0	-203	-0	-0	-0	-0	300	0	200	-0
19	-0	-0	-0	1506	0	-203	-0	-0	-0	-0	2109	0	-203	-0	-0	-0	-0	903	0	-403	-0	0	0	0	300	0	-203	0	-0	-0	-0	300	0	200	-0
20	-0	-0	-0	1506	0	-203	-0	-0	-0	-0	2109	0	-203	-0	-0	-0	-0	903	0	-403	-0	-0	-0	-0	300	0	-203	-0	-0	-0	-0	300	0	200	-0
21	-0	-0	-0	1506	0	-203	-0	-0	-0	-0	2109	0	-203	-0	-0	-0	-0	903	0	-403	-0	0	0	0	300	0	-203	0	-0	-0	-0	300	0	200	-0
22	-0	-0	-0	1506	0	-203	-0	-0	-0	-0	2109	0	-203	-0	-0	-0	-0	903	0	-403	-0	-0	-0	-0	300	0	-203	-0	-0	-0	-0	300	0	200	-0
23	-0	-0	-0	1506	0	-203	-0	-0	-0	-0	2109	0	-203	-0	-0	-0	-0	903	0	-403	-0	-0	-0	-0	300	0	-203	-0	-0	-0	-0	300	0	200	-0
24	-0	-0	-0	1506	0	-203	-0	-0	-0	-0	2109	0	-203	-0	-0	-0	-0	903	0	-403	-0	0	0	0	300	0	-203	0	-0	-0	-0	300	0	200	-0
25	-0	-0	-0	1506	0	-203	-0	-0	-0	-0	2109	0	-203	-0	0	0	0	903	0	-403	0	-0	-0	-0	300	0	-203	-0	-0	-0	-0	300	0	200	-0
26	-0	-0	-0	1506	0	-203	-0	-0	-0	-0	2109	0	-203	-0	-0	-0	-0	903	0	-403	-0	-0	-0	-0	300	0	-203	-0	0	0	0	300	0	200	0
27	-0	-0	-0	1506	0	-203	-0	-0	-0	-0	2109	0	-203	-0	-0	-0	-0	903	0	-403	-0	-0	-0	-0	300	0	-203	-0	-0	-0	-0	300	0	200	-0
28	-0	-0	-0	1506	0	-203	-0	-0	-0	-0	2109	0	-203	-0	-0	-0	-0	903	0	-403	-0	-0	-0	-0	300	0	-203	-0	-0	-0	-0	300	0	200	-0
29	-0	-0	-0	1506	0	-203	-0	-0	-0	-0	2109	0	-203	-0	-0	-0	-0	903	0	-403	-0	-0	-0	-0	300	0	-203	-0	-0	-0	-0	300	0	200	-0
30	-0	-0	-0	1506	0	-203	-0	-0	-0	-0	2109	0	-203	-0	-0	-0	-0	903	0	-403	-0	-0	-0	-0	300	0	-203	-0	-0	-0	-0	300	0	200	-0
31	-0	-0	-0	1506	0	-203	-0	-0	-0	-0	2109	0	-203	-0	-0	-0	-0	903	0	-403	-0	-0	-0	-0	300	0	-203	-0	-0	-0	-0	300	0	200	-0
32	-0	-0	-0	1506	0	-203	-0	-0	-0	-0	2109	0	-203	-0	-0	-0	-0	903	0	-403	-0	-0	-0	-0	300	0	-203	-0	-0	-0	-0	300	0	200	-0
33	-0	-0	-0	1506	0	-203	-0	-0	-0	-0	2109	0	-203	-0	-0	-0	-0	903	0	-403	-0	-0	-0	-0	300	0	-203	-0	-0	-0	-0	300	0	200	-0
34	-0	-0	-0	1506	0	-203	-0	-0	-0	-0	2109	0	-203	-0	0	0	0	903	0	-403	0	0	0	0	300	0	-203	0	-0	-0	-0	300	0	200	-0
35	-0	-0	-0	1506	0	-203	-0	-0	-0	-0	2109	0	-203	-0	-0	-0	-0	903	0	-403	-0	0	0	0	300	0	-203	0	-0	-0	-0	300	0	200	-0
36	-0	-0	-0	1506	0	-203	-0	-0	-0	-0	2109	0	-203	-0	-0	-0	-0	903	0	-403	-0	-0	-0	-0	300	0	-203	-0	-0	-0	-0	300	0	200	-0
37	-0	-0	-0	1506	0	-203	-0	-0	-0	-0	2109	0	-203	-0	-0	-0	-0	903	0	-403	-0	-0	-0	-0	300	0	-203	-0	-0	-0	-0	300	0	200	-0
38	-0	-0	-0	1506	0	-203	-0	-0	-0	-0	2109	0	-203	-0	-0	-0	-0	903	0	-403	-0	-0	-0	-0	300	0	-203	-0	-0	-0	-0	300	0	200	-0
39	-0	-0	-0	1506	0	-203	-0	-0	-0	-0	2109	0	-203	-0	-0	-0	-0	903	0	-403	-0	0	0	0	300	0	-203	0	-0	-0	-0	300	0	200	-0
40	-0	-0	-0	1506	0	-203	-0	-0	-0	-0	2109	0	-203	-0	-0	-0	-0	903	0	-403	-0	-0	-0	-0	300	0	-203	-0	-0	-0	-0	300	0	200	-0
41	-0	-0	-0	1506	0	-203	-0	-0	-0	-0	2109	0	-203	-0	-0	-0	-0	903	0	-403	-0	-0	-0	-0	300	0	-203	-0	-0	-0	-0	300	0	200	-0
42	-0	-0	-0	1506	0	-203	-0	-0	-0	-0	2109	0	-203	-0	-0	-0	-0	903	0	-403	-0	-0	-0	-0	300	0	-203	-0	-0	-0	-0	300	0	200	-0
43	-0	-0	-0	1506	0	-203	-0	-0	-0	-0	2109	0	-203	-0	-0	-0	-0	903	0	-403	-0	0	0	0	300	0	-203	0	-0	-0	-0	300	0	200	-0
44	-0	-0	-0	1506	0	-203	-0	-0	-0	-0	2109	0	-203	-0	0	0	0	903	0	-403	0	-0	-0	-0	300	0	-203	-0	0	0	0	300	0	200	0
45	-0	-0	-0	1506	0	-203	-0	-0	-0	-0	2109	0	-203	-0	-0	-0	-0	903	0	-403	-0	-0	-0	-0	300	0	-203	-0	-0	-0	-0	300	0	200	-0
46	-0	-0	-0	1506	0	-203	-0	-0	-0	-0	2109	0	-203	-0	-0	-0	-0	903	0	-403	-0	0	0	0	300	0	-203	0	-0	-0	-0	300	0	200	-0
47	-0	-0	-0	1506	0	-203	-0	-0	-0	-0	2109	0	-203	-0	-0	-0	-0	903	0	-403	-0	-0	-0	-0	300	0	-203	-0	0	0	0	300	0	200	0
48	-0	-0	-0	1506	0	-203	-0	-0	-0	-0	2109	0	-203	-0	-0	-0	-0	903	0	-403	-0	-0	-0	-0	300	0	-203	-0	-0	-0	-0	300	0	200	-0
49	-0	-0	-0	1506	0	-203	-0	-0	-0	-0	2109	0	-203	-0	-0	-0	-0	903	0	-403	-0	-0	-0	-0	300	0	-203	-0	-0	-0	-0	300	0	200	-0
50	-0	-0	-0	1506	0	-203	-0	-0	-0	-0	2109	0	-203	-0	-0	-0	-0	903	0	-403	-0	-0	-0	-0	300	0	-203	-0	-0	-0	-0	300	0	200	-0
51	-0	-0	-0	1506	0	-203	-0	-0	-0	-0	2109	0	-203	-0	-0	-0	-0	903	0	-403	-0	-0	-0	-0	300	0	-203	-0	-0	-0	-0	300	0	200	-0
52	-0	-0	-0	1506	0	-203	-0	-0	-0	-0	2109	0	-203	-0	-0	-0	-0	903	0	-403	-0	-0	-0	-0	300	0	-203	-0	-0	-0	-0	300	0	200	-0
53	-0	-0	-0	1506	0	-203	-0	-0	-0	-0	2109	0	-203	-0	-0	-0	-0	903	0	-403	-0	0	0	0	300	0	-203	0	-0	-0	-0	300	0	200	-0
54	-0	-0	-0	1506	0	-203	-0	-0	-0	-0	2109	0	-203	-0	-0	-0	-0	903	0	-403	-0	-0	-0	-0	300	0	-203	-0	-0	-0	-0	300	0	200	-0
55	-0	-0	-0	1506	0	-203	-0	-0	-0	-0	2109	0	-203	-0	-0	-0	-0	903	0	-403	-0	-0	-0	-0	300	0	-203	-0	-0	-0	-0	300	0	200	-0
56	-0	-0	-0	1506	0	-203	-0	-0	-0	-0	2109	0	-203	-0	-0	-0	-0	903	0	-403	-0	-0	-0	-0	300	0	-203	-0	-0	-0	-0	300	0	200	-0
57	-0	-0	-0	1506	0	-203	-0	-0	-0	-0	2109	0	-203	-0	-0	-0	-0	903	0	-403	-0	-0	-0	-0	300	0	-203	-0	-0	-0	-0	300	0	200	-0
58	-0	-0	-0	1506	0	-203	-0	-0	-0	-0	2109	0	-203	-0	-0	-0	-0	903	0	-403	-0	-2.24	44.25	-7.74	269.77	0	-244.76	-59.6	-0	-0	-0	300	0	200	-0
59	-0	-0	-0	1506	0	-203	-0	-0	-0	-0	2109	0	-203	-0	-0	-0	-0	903	0	-403	-0	-4.28	177.83	-17.51	273.32	0	-249.15	-50.78	-0	-0	-0	300	0	200	-0
60	-0	-0	-0	1506	0	-203	-0	-0	-0	-0	2109	0	-203	-0	-0	-0	-0	903	0	-403	-0	7.87	349.69	-11.2	274.95	0	-247.77	141.62	-0	-0	-0	300	0	200	-0
61	-0	-0	-0	1506	0	-203	-0	-0	-0	-0	2109	0	-203	-0	-0	-0	-0	903	0	-403	-0	8.28	300.28	-0.54	276.12	0	-248.89	223.98	-0	-0	-0	300	0	200	-0
62	-0	-0	-0	1506	0	-203	-0	-0	-0	-0	2109	0	-203	-0	-0	-0	-0	903	0	-403	-0	1.9	257.92	1.02	277.59	0	-249.09	242.36	-0	-0	-0	300	0	200	-0
63	-0	-0	-0	1506	0	-203	-0	-0	-0	-0	2109	0	-203	-0	0	0	0	903	0	-403	0	-7.94	260.37	1.15	279.76	0	-249.24	255.89	0	0	0	300	0	200	0
64	-0	-0	-0	1506	0	-203	-0	-0	-0	-0	2109	0	-203	-0	0	0	0	903	0	-403	0	-19.95	284.53	-0.2	281	0	-249.49	255.42	-0	-0	-0	300	0	200	-0
65	-0	-0	-0	1506	0	-203	-0	-0	-0	-0	2109	0	-203	-0	-0	-0	-0	903	0	-403	-0	-34.41	301.09	-1.36	282.46	0	-249.13	155.23	-0	-0	-0	300	0	200	-0
66	-0	-0	-0	1506	0	-203	-0	-0	-0	-0	2109	0	-203	-0	-0	-0	-0	903	0	-403	-0	-53.55	314.39	-2.31	284.08	0	-249.46	117.52	-0	-0	-0	300	0	200	-0
67	-0	-0	-0	1506	0	-203	-0	-0	-0	-0	2109	0	-203	-0	-0	-0	-0	903	0	-403	-0	-69.16	321.73	0.2	285.55	0	-249.9	80.55	0	0	0	300	0	200	0
68	-0	-0	-0	1506	0	-203	-0	-0	-0	-0	2109	0	-203	-0	-0	-0	-0	903	0	-403	-0	-78.39	329.6	2.85	287.03	0	-250.12	96.39	-0	-0	-0	300	0	200	-0
69	-0	-0	-0	1506	0	-203	-0	-0	-0	-0	2109	0	-203	-0	0	0	0	903	0	-403	0	-82.33	342.36	5.77	288.04	0	-249.85	74.84	-0	-0	-0	300	0	200	-0
70	-0	-0	-0	1506	0	-203	-0	-0	-0	-0	2109	0	-203	-0	-0	-0	-0	903	0	-403	-0	-75.48	354.85	6.86	288.77	0	-250.15	21.04	-0	-0	-0	300	0	200	-0
71	-0	-0	-0	1506	0	-203	-0	-0	-0	-0	2109	0	-203	-0	-0	-0	-0	903	0	-403	-0	-67.81	368.15	5.63	289.25	0	-250.02	-171.34	0	0	0	300	0	200	0
72	-0	-0	-0	1506	0	-203	-0	-0	-0	-0	2109	0	-203	-0	-0	-0	-0	903	0	-403	-0	-57.9	381.18	4.62	290.27	0	-249.86	-199.41	-0	-0	-0	300	0	200	-0
73	-0	-0	-0	1506	0	-203	-0	-0	-0	-0	2109	0	-203	-0	-0	-0	-0	903	0	-403	-0	-54.44	386.61	3.8	290.65	0	-249.7	-415.69	-0	-0	-0	300	0	200	-0
74	-0	-0	-0	1506	0	-203	-0	-0	-0	-0	2109	0	-203	-0	-0	-0	-0	903	0	-403	-0	-53.21	386.88	4.75	291.73	0	-249.2	-685.96	-0	-0	-0	300	0	200	-0
75	-0	-0	-0	1506	0	-203	-0	-0	-0	-0	2109	0	-203	-0	-0	-0	-0	903	0	-403	-0	-55.39	391.23	8.76	294.15	0	-248.69	-1169.79	-0	-0	-0	300	0	200	-0
76	-0	-0	-0	1506	0	-203	-0	-0	-0	-0	2109	0	-203	-0	-0	-0	-0	903	0	-403	-0	-60.68	396.39	8.28	296.38	0	-248.55	-1328.33	-0	-0	-0	300	0	200	-0
77	-0	-0	-0	1506	0	-203	-0	-0	-0	-0	2109	0	-203	-0	-0	-0	-0	903	0	-403	-0	-67.13	399.1	5.97	298.2	0	-248.13	-1361.25	-0	-0	-0	300	0	200	-0
78	-0	-0	-0	1506	0	-203	-0	-0	-0	-0	2109	0	-203	-0	-0	-0	-0	903	0	-403	-0	-76.97	399.37	3.6	301.24	0	-247.58	-1227.37	-0	-0	-0	300	0	200	-0
79	-0	-0	-0	1506	0	-203	-0	-0	-0	-0	2109	0	-203	-0	-0	-0	-0	903	0	-403	-0	-81.72	400.73	2.99	303.58	0	-247.54	-1089.46	-0	-0	-0	300	0	200	-0
80	-0	-0	-0	1506	0	-203	-0	-0	-0	-0	2109	0	-203	-0	-0	-0	-0	903	0	-403	-0	-86.06	405.35	0.95	305.61	0	-247.23	-976.03	-0	-0	-0	300	0	200	-0
81	-0	-0	-0	1506	0	-203	-0	-0	-0	-0	2109	0	-203	-0	-0	-0	-0	903	0	-403	-0	-87.49	413.49	-1.63	308.14	0	-246.6	-646.74	-0	-0	-0	300	0	200	-0
82	-0	-0	-0	1506	0	-203	-0	-0	-0	-0	2109	0	-203	-0	-0	-0	-0	903	0	-403	-0	-88.78	422.18	-4.41	310.45	0	-246.35	-469.38	-0	-0	-0	300	0	200	-0
83	-0	-0	-0	1506	0	-203	-0	-0	-0	-0	2109	0	-203	-0	-0	-0	-0	903	0	-403	-0	-89.12	435.48	-5.91	312.29	0	-246.07	-227.06	-0	-0	-0	300	0	200	-0
84	-0	-0	-0	1506	0	-203	-0	-0	-0	-0	2109	0	-203	-0	-0	-0	-0	903	0	-403	-0	-90.2	453.13	-8.28	314.43	0	-245.83	-129.52	-0	-0	-0	300	0	200	-0
85	-0	-0	-0	1506	0	-203	-0	-0	-0	-0	2109	0	-203	-0	-0	-0	-0	903	0	-403	-0	-90.34	464.8	-8.35	316.14	0	-245.67	-65.88	-0	-0	-0	300	0	200	-0
86	-0	-0	-0	1506	0	-203	-0	-0	-0	-0	2109	0	-203	-0	-0	-0	-0	903	0	-403	-0	-90.88	477.84	-7.94	317.26	0	-245.6	-190.43	-0	-0	-0	300	0	200	-0
87	-0	-0	-0	1506	0	-203	-0	-0	-0	-0	2109	0	-203	-0	-0	-0	-0	903	0	-403	-0	-91.63	487.07	-6.58	318.58	0	-245.59	-361.29	-0	-0	-0	300	0	200	-0
88	-0	-0	-0	1506	0	-203	-0	-0	-0	-0	2109	0	-203	-0	-0	-0	-0	903	0	-403	-0	-90.27	493.58	-6.79	319.78	0	-245.7	-520.05	-0	-0	-0	300	0	200	-0
89	-0	-0	-0	1506	0	-203	-0	-0	-0	-0	2109	0	-203	-0	-0	-0	-0	903	0	-403	-0	-89.12	501.46	-7.74	320.96	0	-245.55	-614.8	0	0	0	300	0	200	0
90	-0	-0	-0	1506	0	-203	-0	-0	-0	-0	2109	0	-203	-0	-0	-0	-0	903	0	-403	-0	-85.59	504.99	-8.69	321.96	0	-245.55	-550.38	-0	-0	-0	300	0	200	-0
91	-0	-0	-0	1506	0	-203	-0	-0	-0	-0	2109	0	-203	-0	-0	-0	-0	903	0	-403	-0	-83.62	508.79	-9.64	322.45	0	-245.32	-572.39	-0	-0	-0	300	0	200	-0
92	-0	-0	-0	1506	0	-203	-0	-0	-0	-0	2109	0	-203	-0	-0	-0	-0	903	0	-403	-0	-81.38	510.14	-10.05	323.39	0	-245.39	-576.56	-0	-0	-0	300	0	200	-0
93	-0	-0	-0	1506	0	-203	-0	-0	-0	-0	2109	0	-203	-0	-0	-0	-0	903	0	-403	-0	-79.01	513.13	-11.2	324.22	0	-245.09	-462.55	-0	-0	-0	300	0	200	-0
94	-0	-0	-0	1506	0	-203	-0	-0	-0	-0	2109	0	-203	-0	-0	-0	-0	903	0	-403	-0	-76.7	515.57	-11.74	324.74	0	-244.73	-426.11	-0	-0	-0	300	0	200	-0
95	-0	-0	-0	1506	0	-203	-0	-0	-0	-0	2109	0	-203	-0	-0	-0	-0	903	0	-403	-0	-73.98	513.95	-12.22	325.63	0	-245	-389.55	-0	-0	-0	300	0	200	-0
96	-0	-0	-0	1506	0	-203	-0	-0	-0	-0	2109	0	-203	-0	-0	-0	-0	903	0	-403	-0	-71.06	515.57	-12.96	326.14	0	-244.65	-290.46	-0	-0	-0	300	0	200	-0
97	-0	-0	-0	1506	0	-203	-0	-0	-0	-0	2109	0	-203	-0	-0	-0	-0	903	0	-403	-0	-68.69	515.3	-13.85	326.58	0	-244.62	-282.31	-0	-0	-0	300	0	200	-0
98	-0	-0	-0	1506	0	-203	-0	-0	-0	-0	2109	0	-203	-0	-0	-0	-0	903	0	-403	-0	-67.26	515.3	-14.93	327.54	0	-244.19	-275.36	-0	-0	-0	300	0	200	-0
99	-0	-0	-0	1506	0	-203	-0	-0	-0	-0	2109	0	-203	-0	-0	-0	-0	903	0	-403	-0	-64.34	514.49	-16.43	328.12	0	-244.04	-216.87	-0	-0	-0	300	0	200	-0
100	-0	-0	-0	1506	0	-203	-0	-0	-0	-0	2109	0	-203	-0	-0	-0	-0	903	0	-403	-0	-62.31	513.13	-17.17	329.06	0	-243.86	-100.08	-0	-0	-0	300	0	200	-0
101	-0	-0	-0	1506	0	-203	-0	-0	-0	-0	2109	0	-203	-0	-0	-0	-0	903	0	-403	-0	-60.27	512.05	-17.92	329.95	0	-243.51	54.03	-0	-0	-0	300	0	200	-0
102	-0	-0	-0	1506	0	-203	-0	-0	-0	-0	2109	0	-203	-0	-0	-0	-0	903	0	-403	-0	-57.9	509.33	-19.75	331.14	0	-243.27	84.32	-0	-0	-0	300	0	200	-0
103	-0	-0	-0	1506	0	-203	-0	-0	-0	-0	2109	0	-203	-0	-0	-0	-0	903	0	-403	-0	-55.52	507.7	-20.16	331.84	0	-243.21	204.89	-0	-0	-0	300	0	200	-0
104	-0	-0	-0	1506	0	-203	-0	-0	-0	-0	2109	0	-203	-0	-0	-0	-0	903	0	-403	-0	-54.16	507.16	-21.52	332.8	0	-242.41	249.3	-0	-0	-0	300	0	200	-0
105	-0	-0	-0	1506	0	-203	-0	-0	-0	-0	2109	0	-203	-0	-0	-0	-0	903	0	-403	-0	-51.99	504.44	-22.33	334.45	0	-242.15	317.15	-0	-0	-0	300	0	200	-0
106	-0	-0	-0	1506	0	-203	-0	-0	-0	-0	2109	0	-203	-0	-0	-0	-0	903	0	-403	-0	-50.77	502.81	-23.42	335.77	0	-241.95	300.08	-0	-0	-0	300	0	200	-0
107	-0	-0	-0	1506	0	-203	-0	-0	-0	-0	2109	0	-203	-0	-0	-0	-0	903	0	-403	-0	-50.16	500.1	-23.48	336.9	0	-241.72	363.28	-0	-0	-0	300	0	200	-0
108	-0	-0	-0	1506	0	-203	-0	-0	-0	-0	2109	0	-203	-0	-0	-0	-0	903	0	-403	-0	-47.99	496.57	-24.03	338.3	0	-241.33	427.97	-0	-0	-0	300	0	200	-0
109	-0	-0	-0	1506	0	-203	-0	-0	-0	-0	2109	0	-203	-0	0	0	0	903	0	-403	0	-46.29	492.23	-24.37	339.73	0	-241.16	440.77	-0	-0	-0	300	0	200	-0
110	-0	-0	-0	1506	0	-203	-0	-0	-0	-0	2109	0	-203	-0	-0	-0	-0	903	0	-403	-0	-44.73	490.6	-23.89	341.07	0	-240.92	446.15	-0	-0	-0	300	0	200	-0
111	-0	-0	-0	1506	0	-203	-0	-0	-0	-0	2109	0	-203	-0	-0	-0	-0	903	0	-403	-0	-43.03	487.07	-24.23	342.64	0	-240.38	506.12	-0	-0	-0	300	0	200	-0
112	-0	-0	-0	1506	0	-203	-0	-0	-0	-0	2109	0	-203	-0	-0	-0	-0	903	0	-403	-0	-41.81	482.18	-24.23	344.02	0	-239.93	578.66	-0	-0	-0	300	0	200	-0
113	-0	-0	-0	1506	0	-203	-0	-0	-0	-0	2109	0	-203	-0	-0	-0	-0	903	0	-403	-0	-40.72	478.38	-24.77	345.99	0	-239.82	509.31	-0	-0	-0	300	0	200	-0
114	-0	-0	-0	1506	0	-203	-0	-0	-0	-0	2109	0	-203	-0	-0	-0	-0	903	0	-403	-0	-39.1	473.49	-24.57	347.83	0	-239.79	580.98	-0	-0	-0	300	0	200	-0
115	-0	-0	-0	1506	0	-203	-0	-0	-0	-0	2109	0	-203	-0	-0	-0	-0	903	0	-403	-0	-38.55	468.33	-24.64	350.06	0	-239.66	483.68	-0	-0	-0	300	0	200	-0
116	-0	-0	-0	1506	0	-203	-0	-0	-0	-0	2109	0	-203	-0	-0	-0	-0	903	0	-403	-0	-37.4	466.43	-24.71	351.63	0	-239.22	553.91	-0	-0	-0	300	0	200	-0
117	-0	-0	-0	1506	0	-203	-0	-0	-0	-0	2109	0	-203	-0	-0	-0	-0	903	0	-403	-0	-36.18	460.46	-24.98	354.01	0	-239.09	508.77	-0	-0	-0	300	0	200	-0
118	-0	-0	-0	1506	0	-203	-0	-0	-0	-0	2109	0	-203	-0	-0	-0	-0	903	0	-403	-0	-34.75	455.57	-24.84	356.1	0	-238.57	549.17	-0	-0	-0	300	0	200	-0
119	-0	-0	-0	1506	0	-203	-0	-0	-0	-0	2109	0	-203	-0	-0	-0	-0	903	0	-403	-0	-34.14	451.23	-25.05	357.89	0	-238.36	538.9	-0	-0	-0	300	0	200	-0
120	-0	-0	-0	1506	0	-203	-0	-0	-0	-0	2109	0	-203	-0	-0	-0	-0	903	0	-403	-0	-33.46	447.43	-25.18	360.42	0	-237.93	550.95	-0	-0	-0	300	0	200	-0
121	-0	-0	-0	1506	0	-203	-0	-0	-0	-0	2109	0	-203	-0	-0	-0	-0	903	0	-403	-0	-32.65	442.27	-25.52	363.12	0	-237.8	547.43	0	0	0	300	0	200	0
122	-0	-0	-0	1506	0	-203	-0	-0	-0	-0	2109	0	-203	-0	-0	-0	-0	903	0	-403	-0	-32.78	439.01	-26.67	365.31	0	-237.34	395.48	-0	-0	-0	300	0	200	-0
123	-0	-0	-0	1506	0	-203	-0	-0	-0	-0	2109	0	-203	-0	0	0	0	903	0	-403	0	-31.77	434.4	-26.67	368.61	0	-236.97	442.01	-0	-0	-0	300	0	200	-0
124	-0	-0	-0	1506	0	-203	-0	-0	-0	-0	2109	0	-203	-0	-0	-0	-0	903	0	-403	-0	-31.7	431.68	-26.95	370.99	0	-236.52	384.66	0	0	0	300	0	200	0
125	-0	-0	-0	1506	0	-203	-0	-0	-0	-0	2109	0	-203	-0	-0	-0	-0	903	0	-403	-0	-31.02	425.98	-26.81	373.76	0	-236.45	391.66	-0	-0	-0	300	0	200	-0
126	-0	-0	-0	1506	0	-203	-0	-0	-0	-0	2109	0	-203	-0	-0	-0	-0	903	0	-403	-0	-30.34	422.99	-26.13	377.05	0	-236.19	427.44	0	0	0	300	0	200	0
127	-0	-0	-0	1506	0	-203	-0	-0	-0	-0	2109	0	-203	-0	0	0	0	903	0	-403	0	-29.93	419.46	-25.52	379.77	0	-236.04	410.98	-0	-0	-0	300	0	200	-0
128	-0	-0	-0	1506	0	-203	-0	-0	-0	-0	2109	0	-203	-0	-0	-0	-0	903	0	-403	-0	-29.19	417.56	-24.84	382.54	0	-235.67	433.63	-0	-0	-0	300	0	200	-0
129	-0	-0	-0	1506	0	-203	-0	-0	-0	-0	2109	0	-203	-0	-0	-0	-0	903	0	-403	-0	-28.71	414.58	-23.89	385.86	0	-235.74	437.6	-0	-0	-0	300	0	200	-0
130	-0	-0	-0	1506	0	-203	-0	-0	-0	-0	2109	0	-203	-0	-0	-0	-0	903	0	-403	-0	-28.03	411.86	-23.08	389.04	0	-235.25	428.71	-0	-0	-0	300	0	200	-0
131	-0	-0	-0	1506	0	-203	-0	-0	-0	-0	2109	0	-203	-0	-0	-0	-0	903	0	-403	-0	-28.1	410.23	-22.53	391.11	0	-235.24	447.41	-0	-0	-0	300	0	200	-0
132	-0	-0	-0	1506	0	-203	-0	-0	-0	-0	2109	0	-203	-0	-0	-0	-0	903	0	-403	-0	-27.56	406.98	-21.52	394.65	0	-234.99	507.32	-0	-0	-0	300	0	200	-0
133	-0	-0	-0	1506	0	-203	-0	-0	-0	-0	2109	0	-203	-0	-0	-0	-0	903	0	-403	-0	-27.15	405.35	-20.91	397.14	0	-234.88	529.09	-0	-0	-0	300	0	200	-0
134	-0	-0	-0	1506	0	-203	-0	-0	-0	-0	2109	0	-203	-0	-0	-0	-0	903	0	-403	-0	-26	405.35	-20.29	399.97	0	-234.58	636.2	-0	-0	-0	300	0	200	-0
135	-0	-0	-0	1506	0	-203	-0	-0	-0	-0	2109	0	-203	-0	-0	-0	-0	903	0	-403	-0	-25.25	402.09	-19.34	403.38	0	-234.42	761.57	-0	-0	-0	300	0	200	-0
136	-0	-0	-0	1506	0	-203	-0	-0	-0	-0	2109	0	-203	-0	-0	-0	-0	903	0	-403	-0	-24.03	401	-18.67	406.17	0	-234.26	907.97	0	0	0	300	0	200	0
137	-0	-0	-0	1506	0	-203	-0	-0	-0	-0	2109	0	-203	-0	-0	-0	-0	903	0	-403	-0	-23.42	399.1	-18.6	409.1	0	-234.27	881.36	-0	-0	-0	300	0	200	-0
138	-0	-0	-0	1506	0	-203	-0	-0	-0	-0	2109	0	-203	-0	-0	-0	-0	903	0	-403	-0	-22.19	399.37	-18.12	411.96	0	-234.05	1043.57	-0	-0	-0	300	0	200	-0
139	-0	-0	-0	1506	0	-203	-0	-0	-0	-0	2109	0	-203	-0	-0	-0	-0	903	0	-403	-0	-21.65	398.56	-18.05	414.75	0	-234.01	1101.29	-0	-0	-0	300	0	200	-0
140	-0	-0	-0	1506	0	-203	-0	-0	-0	-0	2109	0	-203	-0	0	0	0	903	0	-403	0	-21.58	398.83	-17.92	417.4	0	-234.02	1117.67	-0	-0	-0	300	0	200	-0
141	-0	-0	-0	1506	0	-203	-0	-0	-0	-0	2109	0	-203	-0	-0	-0	-0	903	0	-403	-0	-20.77	399.1	-17.1	420.71	0	-233.96	1262.46	-0	-0	-0	300	0	200	-0
142	-0	-0	-0	1506	0	-203	-0	-0	-0	-0	2109	0	-203	-0	-0	-0	-0	903	0	-403	-0	-20.63	399.1	-16.56	423.48	0	-233.89	1391.28	-0	-0	-0	300	0	200	-0
143	-0	-0	-0	1506	0	-203	-0	-0	-0	-0	2109	0	-203	-0	0	0	0	903	0	-403	0	-19.62	401	-16.15	425.44	0	-233.99	1465.37	-0	-0	-0	300	0	200	-0
144	-0	-0	-0	1506	0	-203	-0	-0	-0	-0	2109	0	-203	-0	-0	-0	-0	903	0	-403	-0	-19.07	403.45	-15.81	428.57	0	-234.18	1612.92	-0	-0	-0	300	0	200	-0
145	-0	-0	-0	1506	0	-203	-0	-0	-0	-0	2109	0	-203	-0	-0	-0	-0	903	0	-403	-0	-18.33	406.16	-15.27	430.29	0	-234.38	1765.72	-0	-0	-0	300	0	200	-0
146	-0	-0	-0	1506	0	-203	-0	-0	-0	-0	2109	0	-203	-0	-0	-0	-0	903	0	-403	-0	-18.26	407.52	-15	432.4	0	-234.17	1835.76	-0	-0	-0	300	0	200	-0
147	-0	-0	-0	1506	0	-203	-0	-0	-0	-0	2109	0	-203	-0	-0	-0	-0	903	0	-403	-0	-17.85	410.78	-14.66	434.91	0	-234.36	1946.32	-0	-0	-0	300	0	200	-0
148	-0	-0	-0	1506	0	-203	-0	-0	-0	-0	2109	0	-203	-0	-0	-0	-0	903	0	-403	-0	-17.1	414.03	-14.8	436.61	0	-234.45	2005.76	-0	-0	-0	300	0	200	-0
149	-0	-0	-0	1506	0	-203	-0	-0	-0	-0	2109	0	-203	-0	-0	-0	-0	903	0	-403	-0	-16.7	418.65	-14.53	437.67	0	-234.99	2100.1	-0	-0	-0	300	0	200	-0
150	-0	-0	-0	1506	0	-203	-0	-0	-0	-0	2109	0	-203	-0	-0	-0	-0	903	0	-403	-0	-15.81	421.64	-14.73	440.04	0	-235.35	2082.2	-0	-0	-0	300	0	200	-0
151	-0	-0	-0	1506	0	-203	-0	-0	-0	-0	2109	0	-203	-0	-0	-0	-0	903	0	-403	-0	-14.12	424.62	-15.27	441.62	0	-235.48	2157.48	-0	-0	-0	300	0	200	-0
152	-0	-0	-0	1506	0	-203	-0	-0	-0	-0	2109	0	-203	-0	-0	-0	-0	903	0	-403	-0	-13.37	429.51	-15.68	442.32	0	-235.56	2143.03	-0	-0	-0	300	0	200	-0
153	-0	-0	-0	1506	0	-203	-0	-0	-0	-0	2109	0	-203	-0	-0	-0	-0	903	0	-403	-0	-12.42	434.67	-16.15	444.12	0	-235.87	2152.68	-0	-0	-0	300	0	200	-0
154	-0	-0	-0	1506	0	-203	-0	-0	-0	-0	2109	0	-203	-0	-0	-0	-0	903	0	-403	-0	-11.4	439.83	-16.29	444.91	0	-236.11	2204.45	-0	-0	-0	300	0	200	-0
155	-0	-0	-0	1506	0	-203	-0	-0	-0	-0	2109	0	-203	-0	-0	-0	-0	903	0	-403	-0	-10.93	442.81	-15.88	446.02	0	-236.36	2236.5	-0	-0	-0	300	0	200	-0
156	-0	-0	-0	1506	0	-203	-0	-0	-0	-0	2109	0	-203	-0	-0	-0	-0	903	0	-403	-0	-9.16	449.6	-16.02	446.48	0	-236.65	2305.06	-0	-0	-0	300	0	200	-0
157	-0	-0	-0	1506	0	-203	-0	-0	-0	-0	2109	0	-203	-0	-0	-0	-0	903	0	-403	-0	-8.08	452.86	-15.88	447.86	0	-236.71	2328.68	-0	-0	-0	300	0	200	-0
158	-0	-0	-0	1506	0	-203	-0	-0	-0	-0	2109	0	-203	-0	-0	-0	-0	903	0	-403	-0	-6.24	458.02	-15.95	448.33	0	-237.09	2418.83	0	0	0	300	0	200	0
159	-0	-0	-0	1506	0	-203	-0	-0	-0	-0	2109	0	-203	-0	-0	-0	-0	903	0	-403	-0	-4.89	463.99	-15.27	449.52	0	-237.3	2591.51	-0	-0	-0	300	0	200	-0
160	-0	-0	-0	1506	0	-203	-0	-0	-0	-0	2109	0	-203	-0	-0	-0	-0	903	0	-403	-0	-2.31	469.42	-15.48	450.08	0	-237.43	2626.74	-0	-0	-0	300	0	200	-0
161	-0	-0	-0	1506	0	-203	-0	-0	-0	-0	2109	0	-203	-0	-0	-0	-0	903	0	-403	-0	-0.34	473.49	-14.93	450.71	0	-237.78	2828.53	-0	-0	-0	300	0	200	-0
162	-0	-0	-0	1506	0	-203	-0	-0	-0	-0	2109	0	-203	-0	-0	-0	-0	903	0	-403	-0	2.51	480.01	-14.25	451.16	0	-237.88	3025.48	-0	-0	-0	300	0	200	-0
163	-0	-0	-0	1506	0	-203	-0	-0	-0	-0	2109	0	-203	-0	0	0	0	903	0	-403	0	5.02	483.81	-14.25	451.83	0	-238.09	3099.48	-0	-0	-0	300	0	200	-0
164	-0	-0	-0	1506	0	-203	-0	-0	-0	-0	2109	0	-203	-0	-0	-0	-0	903	0	-403	-0	6.79	489.78	-14.32	452.32	0	-238.31	3157.71	-0	-0	-0	300	0	200	-0
165	-0	-0	-0	1506	0	-203	-0	-0	-0	-0	2109	0	-203	-0	-0	-0	-0	903	0	-403	-0	9.57	496.03	-14.12	453.07	0	-238.37	3340.7	-0	-0	-0	300	0	200	-0
166	-0	-0	-0	1506	0	-203	-0	-0	-0	-0	2109	0	-203	-0	-0	-0	-0	903	0	-403	-0	11.95	502.27	-13.91	453.39	0	-238.83	3436.3	-0	-0	-0	300	0	200	-0
167	-0	-0	-0	1506	0	-203	-0	-0	-0	-0	2109	0	-203	-0	-0	-0	-0	903	0	-403	-0	14.25	507.7	-13.78	453.81	0	-238.86	3536.05	-0	-0	-0	300	0	200	-0
168	-0	-0	-0	1506	0	-203	-0	-0	-0	-0	2109	0	-203	-0	0	0	0	903	0	-403	0	17.04	513.95	-13.64	454.36	0	-239.39	3687.6	-0	-0	-0	300	0	200	-0
169	-0	-0	-0	1506	0	-203	-0	-0	-0	-0	2109	0	-203	-0	-0	-0	-0	903	0	-403	-0	19.34	518.83	-13.3	455.27	0	-239.37	3811.37	-0	-0	-0	300	0	200	-0
170	-0	-0	-0	1506	0	-203	-0	-0	-0	-0	2109	0	-203	-0	-0	-0	-0	903	0	-403	-0	20.84	525.62	-12.69	455.05	0	-239.45	4011.57	-0	-0	-0	300	0	200	-0
171	-0	-0	-0	1506	0	-203	-0	-0	-0	-0	2109	0	-203	-0	-0	-0	-0	903	0	-403	-0	23.35	530.78	-12.42	455.8	0	-239.82	4141.1	-0	-0	-0	300	0	200	-0
172	-0	-0	-0	1506	0	-203	-0	-0	-0	-0	2109	0	-203	-0	-0	-0	-0	903	0	-403	-0	24.91	534.85	-12.08	456.6	0	-239.85	4209.77	-0	-0	-0	300	0	200	-0
173	-0	-0	-0	1506	0	-203	-0	-0	-0	-0	2109	0	-203	-0	-0	-0	-0	903	0	-403	-0	26.81	540.55	-11.95	456.76	0	-239.95	4327.59	-0	-0	-0	300	0	200	-0
174	-0	-0	-0	1506	0	-203	-0	-0	-0	-0	2109	0	-203	-0	-0	-0	-0	903	0	-403	-0	29.39	545.71	-11.95	457.71	0	-240.05	4364.71	-0	-0	-0	300	0	200	-0
175	-0	-0	-0	1506	0	-203	-0	-0	-0	-0	2109	0	-203	-0	-0	-0	-0	903	0	-403	-0	31.9	551.68	-11.67	457.63	0	-240.15	4523.66	-0	-0	-0	300	0	200	-0
176	-0	-0	-0	1506	0	-203	-0	-0	-0	-0	2109	0	-203	-0	-0	-0	-0	903	0	-403	-0	34.07	554.67	-12.29	458.19	0	-240.42	4515.52	0	0	0	300	0	200	0
177	-0	-0	-0	1506	0	-203	-0	-0	-0	-0	2109	0	-203	-0	0	0	0	903	0	-403	0	36.18	560.37	-12.22	458.58	0	-240.41	4601.62	-0	-0	-0	300	0	200	-0
178	-0	-0	-0	1506	0	-203	-0	-0	-0	-0	2109	0	-203	-0	-0	-0	-0	903	0	-403	-0	38.35	564.99	-12.96	459.02	0	-240.45	4591.22	-0	-0	-0	300	0	200	-0
179	-0	-0	-0	1506	0	-203	-0	-0	-0	-0	2109	0	-203	-0	-0	-0	-0	903	0	-403	-0	39.77	568.52	-12.69	459.27	0	-240.41	4714.09	-0	-0	-0	300	0	200	-0
180	-0	-0	-0	1506	0	-203	-0	-0	-0	-0	2109	0	-203	-0	-0	-0	-0	903	0	-403	-0	42.22	573.4	-13.64	459.76	0	-240.64	4643.52	-0	-0	-0	300	0	200	-0
181	-0	-0	-0	1506	0	-203	-0	-0	-0	-0	2109	0	-203	-0	-0	-0	-0	903	0	-403	-0	44.19	576.66	-13.98	460.17	0	-240.93	4644.56	-0	-0	-0	300	0	200	-0
182	-0	-0	-0	1506	0	-203	-0	-0	-0	-0	2109	0	-203	-0	-0	-0	-0	903	0	-403	-0	46.09	579.38	-13.98	460.66	0	-240.87	4700.23	-0	-0	-0	300	0	200	-0
183	-0	-0	-0	1506	0	-203	-0	-0	-0	-0	2109	0	-203	-0	-0	-0	-0	903	0	-403	-0	48.6	582.91	-15.07	460.89	0	-240.81	4578.05	-0	-0	-0	300	0	200	-0
184	-0	-0	-0	1506	0	-203	-0	-0	-0	-0	2109	0	-203	-0	-0	-0	-0	903	0	-403	-0	51.45	585.35	-15.48	461.07	0	-240.68	4536.54	-0	-0	-0	300	0	200	-0
185	-0	-0	-0	1506	0	-203	-0	-0	-0	-0	2109	0	-203	-0	0	0	0	903	0	-403	0	53.42	587.79	-15.61	461.6	0	-240.68	4581.01	-0	-0	-0	300	0	200	-0
186	-0	-0	-0	1506	0	-203	-0	-0	-0	-0	2109	0	-203	-0	-0	-0	-0	903	0	-403	-0	56.06	591.05	-16.36	461.64	0	-240.83	4460.51	-0	-0	-0	300	0	200	-0
187	-0	-0	-0	1506	0	-203	-0	-0	-0	-0	2109	0	-203	-0	-0	-0	-0	903	0	-403	-0	58.37	592.41	-16.63	461.99	0	-240.9	4376.68	-0	-0	-0	300	0	200	-0
188	-0	-0	-0	1506	0	-203	-0	-0	-0	-0	2109	0	-203	-0	-0	-0	-0	903	0	-403	-0	59.93	592.95	-16.76	462.63	0	-240.94	4281.07	-0	-0	-0	300	0	200	-0
189	-0	-0	-0	1506	0	-203	-0	-0	-0	-0	2109	0	-203	-0	-0	-0	-0	903	0	-403	-0	62.78	594.04	-16.83	463.01	0	-241.12	4219.75	-0	-0	-0	300	0	200	-0
190	-0	-0	-0	1506	0	-203	-0	-0	-0	-0	2109	0	-203	-0	-0	-0	-0	903	0	-403	-0	65.43	594.58	-16.7	463.51	0	-241.2	4155.29	-0	-0	-0	300	0	200	-0
191	-0	-0	-0	1506	0	-203	-0	-0	-0	-0	2109	0	-203	-0	-0	-0	-0	903	0	-403	-0	67.6	593.77	-16.56	463.78	0	-241.23	4104.52	-0	-0	-0	300	0	200	-0
192	-0	-0	-0	1506	0	-203	-0	-0	-0	-0	2109	0	-203	-0	-0	-0	-0	903	0	-403	-0	70.32	592.41	-16.36	464.3	0	-241.44	3976.94	-0	-0	-0	300	0	200	-0
193	-0	-0	-0	1506	0	-203	-0	-0	-0	-0	2109	0	-203	-0	-0	-0	-0	903	0	-403	-0	72.69	590.51	-16.22	464.59	0	-241.35	3758.82	-0	-0	-0	300	0	200	-0
194	-0	-0	-0	1506	0	-203	-0	-0	-0	-0	2109	0	-203	-0	0	0	0	903	0	-403	0	75.54	588.34	-15.48	465.18	0	-241.52	3768.63	-0	-0	-0	300	0	200	-0
195	-0	-0	-0	1506	0	-203	-0	-0	-0	-0	2109	0	-203	-0	-0	-0	-0	903	0	-403	-0	77.99	585.89	-15	465.37	0	-241.54	3679.5	0	0	0	300	0	200	0
196	-0	-0	-0	1506	0	-203	-0	-0	-0	-0	2109	0	-203	-0	-0	-0	-0	903	0	-403	-0	80.43	581.82	-15.27	466.08	0	-241.73	3465	-0	-0	-0	300	0	200	-0
197	-0	-0	-0	1506	0	-203	-0	-0	-0	-0	2109	0	-203	-0	-0	-0	-0	903	0	-403	-0	82.4	579.11	-14.59	466.09	0	-241.65	3367.83	-0	-0	-0	300	0	200	-0
198	-0	-0	-0	1506	0	-203	-0	-0	-0	-0	2109	0	-203	-0	-0	-0	-0	903	0	-403	-0	85.25	573.13	-14.8	466.53	0	-242.08	3107.01	-0	-0	-0	300	0	200	-0
199	-0	-0	-0	1506	0	-203	-0	-0	-0	-0	2109	0	-203	-0	0	0	0	903	0	-403	0	87.63	567.7	-14.39	467	0	-242.19	3023.64	-0	-0	-0	300	0	200	-0
200	-0	-0	-0	1506	0	-203	-0	-0	-0	-0	2109	0	-203	-0	0	0	0	903	0	-403	0	89.93	562.27	-14.05	467.58	0	-242.34	2866.43	-0	-0	-0	300	0	200	-0
201	-0	-0	-0	1506	0	-203	-0	-0	-0	-0	2109	0	-203	-0	0	0	0	903	0	-403	0	92.51	552.5	-14.25	468.38	0	-242.59	2641.9	-0	-0	-0	300	0	200	-0
202	-0	-0	-0	1506	0	-203	-0	-0	-0	-0	2109	0	-203	-0	-0	-0	-0	903	0	-403	-0	95.16	546.53	-13.98	468.22	0	-242.6	2520.8	-0	-0	-0	300	0	200	-0
203	-0	-0	-0	1506	0	-203	-0	-0	-0	-0	2109	0	-203	-0	-0	-0	-0	903	0	-403	-0	96.45	537.29	-13.98	469.21	0	-242.74	2204.44	-0	-0	-0	300	0	200	-0
204	-0	-0	-0	1506	0	-203	-0	-0	-0	-0	2109	0	-203	-0	-0	-0	-0	903	0	-403	-0	98.96	527.52	-13.57	469.26	0	-242.79	2041.88	-0	-0	-0	300	0	200	-0
205	-0	-0	-0	1506	0	-203	-0	-0	-0	-0	2109	0	-203	-0	-0	-0	-0	903	0	-403	-0	100.52	517.2	-13.44	469.52	0	-243.08	1867.94	-0	-0	-0	300	0	200	-0
206	-0	-0	-0	1506	0	-203	-0	-0	-0	-0	2109	0	-203	-0	-0	-0	-0	903	0	-403	-0	101.95	507.7	-13.1	469.87	0	-243.15	1721.52	0	0	0	300	0	200	0
207	-0	-0	-0	1506	0	-203	-0	-0	-0	-0	2109	0	-203	-0	-0	-0	-0	903	0	-403	-0	103.64	494.13	-12.29	470.54	0	-243.44	1619.15	-0	-0	-0	300	0	200	-0
208	-0	-0	-0	1506	0	-203	-0	-0	-0	-0	2109	0	-203	-0	2.38	22.26	1.36	1019.47	0	-332.38	2.4	105	482.45	-12.29	470.61	0	-243.62	1350.6	-0	-0	-0	300	0	200	-0
209	-0	-0	-0	1506	0	-203	-0	-0	-0	-0	2109	0	-203	-0	12.22	169.96	6.92	1025.38	0	-331.99	-44.43	106.49	471.86	-11.61	470.52	0	-243.8	1307.71	0	0	0	300	0	200	0
210	-0	-0	-0	1506	0	-203	-0	-0	-0	-0	2109	0	-203	-0	28.71	471.59	27.22	1023.58	0	-336.11	94.49	107.11	456.39	-10.45	470.59	0	-244.19	1175.26	-0	-0	-0	300	0	200	-0
211	-0	-0	-0	1506	0	-203	-0	-0	-0	-0	2109	0	-203	-0	18.26	392.86	6.38	1026.68	0	-334.89	-173.41	108.46	441.46	-10.25	471.11	0	-244.43	1027.71	-0	-0	-0	300	0	200	-0
212	-0	-0	-0	1506	0	-203	-0	-0	-0	-0	2109	0	-203	-0	0.68	280.73	-1.09	1032.6	0	-331.96	-175.18	108.94	427.34	-8.55	471.25	0	-244.54	1034.82	-0	-0	-0	300	0	200	-0
213	-0	-0	-0	1506	0	-203	-0	-0	-0	-0	2109	0	-203	-0	-13.1	291.32	-4	1032.53	0	-332.27	-848.91	109.21	406.7	-7.13	471.02	0	-244.85	910.22	-0	-0	-0	300	0	200	-0
214	-0	-0	-0	1506	0	-203	-0	-0	-0	-0	2109	0	-203	-0	-31.56	326.61	-3.19	1034.5	0	-332.14	-1055.17	108.94	386.07	-5.43	471.26	0	-245.01	883.27	-0	-0	-0	300	0	200	-0
215	-0	-0	-0	1506	0	-203	-0	-0	-0	-0	2109	0	-203	-0	-65.97	350.23	-2.71	1035.36	0	-332	-1062.37	106.7	366.25	-5.02	472.02	0	-245.48	784.14	-0	-0	-0	300	0	200	-0
216	-0	-0	-0	1506	0	-203	-0	-0	-0	-0	2109	0	-203	-0	-97.81	355.12	-3.33	1037.61	0	-331.11	-806.96	103.85	340.19	-4.34	472.39	0	-245.81	678.58	-0	-0	-0	300	0	200	-0
217	-0	-0	-0	1506	0	-203	-0	-0	-0	-0	2109	0	-203	-0	-125.64	357.83	-2.38	1039.48	0	-330.77	-155.41	101.34	315.75	-3.67	472.32	0	-246.37	545.22	-0	-0	-0	300	0	200	-0
218	-0	-0	-0	1506	0	-203	-0	-0	-0	-0	2109	0	-203	-0	-135.34	372.76	-5.7	1040.45	0	-330.85	-362.7	99.77	292.13	-4.07	472.37	0	-246.2	248.25	-0	-0	-0	300	0	200	-0
219	-0	-0	-0	1506	0	-203	-0	-0	-0	-0	2109	0	-203	-0	-116	388.78	-7.19	1041.28	0	-330.42	-29.91	95.97	257.65	-2.99	473.54	0	-246.68	289.82	-0	-0	-0	300	0	200	-0
220	-0	-0	-0	1506	0	-203	-0	-0	-0	-0	2109	0	-203	-0	-87.9	414.85	-9.64	1041.17	0	-330.32	-115.49	90.27	229.14	-2.44	474.31	0	-247.18	291.94	-0	-0	-0	300	0	200	-0
221	-0	-0	-0	1506	0	-203	-0	-0	-0	-0	2109	0	-203	-0	-64.41	442	-6.24	1041.14	0	-330.42	-299.08	84.03	201.45	-0.75	475.61	0	-247.78	526.46	-0	-0	-0	300	0	200	-0
222	-0	-0	-0	1506	0	-203	-0	-0	-0	-0	2109	0	-203	-0	-55.25	448.78	-5.09	1042.8	0	-330.2	-254.35	74.39	165.89	0.07	477.26	0	-247.56	467.16	0	0	0	300	0	200	0
223	-0	-0	-0	1506	0	-203	-0	-0	-0	-0	2109	0	-203	-0	-56.88	452.86	-1.36	1041.91	0	-331.28	160.36	63.39	136.29	1.63	481.04	0	-249.55	677.24	-0	-0	-0	300	0	200	-0
224	-0	-0	-0	1506	0	-203	-0	-0	-0	-0	2109	0	-203	-0	-66.52	442.27	-1.15	1043.02	0	-331.43	-22.88	50.29	114.84	2.24	481.94	0	-249.84	549.64	0	0	0	300	0	200	0
225	-0	-0	-0	1506	0	-203	-0	-0	-0	-0	2109	0	-203	-0	-75.95	429.24	0.61	1044.83	0	-331.86	655.86	32.44	89.87	2.85	490	0	-252.27	433.3	-0	-0	-0	300	0	200	-0
226	-0	-0	-0	1506	0	-203	-0	-0	-0	-0	2109	0	-203	-0	-83.28	417.83	1.63	1044.94	0	-331.7	1033.47	24.16	70.59	2.65	494.6	0	-253.02	160.13	-0	-0	-0	300	0	200	-0
227	-0	-0	-0	1506	0	-203	-0	-0	-0	-0	2109	0	-203	-0	-84.64	406.43	3.05	1046.34	0	-331.8	833.32	22.6	56.47	1.02	500.76	0	-256.49	132.42	-0	-0	-0	300	0	200	-0
228	-0	-0	-0	1506	0	-203	-0	-0	-0	-0	2109	0	-203	-0	-82.4	406.97	4.55	1047.57	0	-331.9	1244.24	18.26	45.34	1.22	498.64	0	-255.93	110.93	0	0	0	300	0	200	0
229	-0	-0	-0	1506	0	-203	-0	-0	-0	-0	2109	0	-203	-0	-77.99	417.56	4.82	1050.18	0	-332.32	831.02	16.09	36.11	0.34	508.17	0	-259.15	179.11	-0	-0	-0	300	0	200	-0
230	-0	-0	-0	1506	0	-203	-0	-0	-0	-0	2109	0	-203	-0	-77.44	445.53	11.61	1053.23	0	-333.13	574.44	13.1	32.58	1.97	503.62	0	-256.76	358.62	-0	-0	-0	300	0	200	-0
231	-0	-0	-0	1506	0	-203	-0	-0	-0	-0	2109	0	-203	-0	-80.97	467.79	17.38	1055.84	0	-333.33	305.03	8.82	25.79	1.63	506.41	0	-257.01	276.64	-0	-0	-0	300	0	200	-0
232	-0	-0	-0	1506	0	-203	-0	-0	-0	-0	2109	0	-203	-0	-86.47	478.65	22.13	1058.05	0	-333.64	55.19	5.23	20.63	2.17	516.57	0	-260.48	324.31	-0	-0	-0	300	0	200	-0
233	-0	-0	-0	1506	0	-203	-0	-0	-0	-0	2109	0	-203	-0	-93.19	489.78	24.71	1059.99	0	-334.32	-205.8	1.29	17.92	1.56	505.51	0	-250.72	59.99	-0	-0	-0	300	0	200	-0
234	-0	-0	-0	1506	0	-203	-0	-0	-0	-0	2109	0	-203	-0	-98.21	491.68	26.2	1061.85	0	-334.08	-205.77	-0	-0	-0	300	0	-203	-0	-0	-0	-0	300	0	200	-0
235	-0	-0	-0	1506	0	-203	-0	-0	-0	-0	2109	0	-203	-0	-100.18	492.49	27.83	1064	0	-334.22	-305.44	-0	-0	-0	300	0	-203	-0	-0	-0	-0	300	0	200	-0
236	-0	-0	-0	1506	0	-203	-0	-0	-0	-0	2109	0	-203	-0	-99.16	500.91	30.14	1066.25	0	-334.16	-68.47	-0	-0	-0	300	0	-203	-0	-0	-0	-0	300	0	200	-0
237	-0	-0	-0	1506	0	-203	-0	-0	-0	-0	2109	0	-203	-0	-96.11	509.06	30.34	1067.35	0	-334.18	-82.78	-0	-0	-0	300	0	-203	-0	-0	-0	-0	300	0	200	-0
238	-0	-0	-0	1506	0	-203	-0	-0	-0	-0	2109	0	-203	-0	-93.12	518.83	29.73	1067.68	0	-334.68	-144.25	-0	-0	-0	300	0	-203	-0	-0	-0	-0	300	0	200	-0
239	-0	-0	-0	1506	0	-203	-0	-0	-0	-0	2109	0	-203	-0	-91.36	522.36	28.3	1068.52	0	-334.22	400.9	0	0	0	300	0	-203	0	-0	-0	-0	300	0	200	-0
240	-0	-0	-0	1506	0	-203	-0	-0	-0	-0	2109	0	-203	-0	-90.14	521.27	26.4	1069.56	0	-334	330.64	-0	-0	-0	300	0	-203	-0	-0	-0	-0	300	0	200	-0
241	0.97	16.61	-1.31	1286.14	0	-276.88	-82.11	-0	-0	-0	2109	0	-203	-0	-89.59	520.46	26.06	1069.74	0	-333.81	337.46	-0	-0	-0	300	0	-203	-0	-0	-0	-0	300	0	200	-0
242	-0	-0	-0	1506	0	-203	-0	-0	-0	-0	2109	0	-203	-0	-88.51	518.56	25.93	1070.75	0	-333.48	453.99	-0	-0	-0	300	0	-203	-0	-0	-0	-0	300	0	200	-0
243	-0	-0	-0	1506	0	-203	-0	-0	-0	-0	2109	0	-203	-0	-87.76	516.11	27.29	1071.89	0	-332.96	437.31	-0	-0	-0	300	0	-203	-0	-0	-0	-0	300	0	200	-0
244	2.09	19.43	0.8	1265.97	0	-293.86	101.07	-0	-0	-0	2109	0	-203	-0	-87.76	516.11	27.76	1072.02	0	-333.07	282.6	-0	-0	-0	300	0	-203	-0	-0	-0	-0	300	0	200	-0
245	3.54	22.88	1.44	1258.53	0	-313.35	-126.8	-0	-0	-0	2109	0	-203	-0	-84.64	515.3	27.96	1072.53	0	-332.79	197.88	-0	-0	-0	300	0	-203	-0	-0	-0	-0	300	0	200	-0
246	3.22	21.32	-0.66	1207.4	0	-306.76	733.42	-0	-0	-0	2109	0	-203	-0	-83.69	515.3	27.35	1072.08	0	-333.01	97.23	-0	-0	-0	300	0	-203	-0	-0	-0	-0	300	0	200	-0
247	3.06	24.76	-1.47	1251.12	0	-304.52	436.83	-0	-0	-0	2109	0	-203	-0	-81.58	511.5	25.38	1072.82	0	-332.35	37.72	-0	-0	-0	300	0	-203	-0	-0	-0	-0	300	0	200	-0
248	4.34	31.02	-0.5	1292.44	0	-306.75	516	-0	-0	-0	2109	0	-203	-0	-78.94	509.6	24.1	1072.61	0	-332.33	179.99	-0	-0	-0	300	0	-203	-0	-0	-0	-0	300	0	200	-0
249	2.9	29.78	-0.19	1222.26	0	-305.55	-110.45	-0	-0	-0	2109	0	-203	-0	-76.15	508.24	22.4	1072.04	0	-332.15	-15.15	-0	-0	-0	300	0	-203	-0	-0	-0	-0	300	0	200	-0
250	2.73	34.48	0.78	1262.47	0	-297.83	-242.82	-0	-0	-0	2109	0	-203	-0	-72.83	506.88	21.92	1071.97	0	-331.87	87.19	-0	-0	-0	300	0	-203	-0	-0	-0	-0	300	0	200	-0
251	1.61	32.29	-0.5	1222.96	0	-307.37	544.56	-0	-0	-0	2109	0	-203	-0	-70.11	504.71	20.84	1072.21	0	-331.65	-6.76	0	0	0	300	0	-203	0	-0	-0	-0	300	0	200	-0
252	2.74	34.79	1.43	1223.29	0	-305.83	-304.63	-0	-0	-0	2109	0	-203	-0	-68.49	501.45	20.16	1072.73	0	-331.02	5.37	-0	-0	-0	300	0	-203	-0	-0	-0	-0	300	0	200	-0
253	4.18	32.91	1.12	1224.43	0	-323.61	491.66	-0	-0	-0	2109	0	-203	-0	-67.26	501.45	19.89	1072.84	0	-331.02	182.12	-0	-0	-0	300	0	-203	-0	-0	-0	-0	300	0	200	-0
254	3.86	37.61	1.75	1237.58	0	-308.7	-57.6	-0	-0	-0	2109	0	-203	-0	-64.41	500.1	18.6	1072.78	0	-330.99	1.73	-0	-0	-0	300	0	-203	-0	-0	-0	-0	300	0	200	-0
255	3.54	43.56	1.6	1263.79	0	-303.91	98.1	-0	-0	-0	2109	0	-203	-0	-62.1	498.74	17.72	1072.52	0	-330.96	20.96	-0	-0	-0	300	0	-203	-0	-0	-0	-0	300	0	200	-0
256	0.49	44.19	0.95	1261.1	0	-301.47	590.9	-0	-0	-0	2109	0	-203	-0	-59.59	498.2	16.76	1071.65	0	-330.86	-6.87	-0	-0	-0	300	0	-203	-0	-0	-0	-0	300	0	200	-0
257	3.86	36.67	1.43	1211.87	0	-331.35	117.91	-0	-0	-0	2109	0	-203	-0	-56.95	494.4	16.36	1072.25	0	-330.52	-77.52	-0	-0	-0	300	0	-203	-0	0	0	0	300	0	200	0
258	5.31	42.94	1.92	1244.74	0	-312.04	610.49	-0	-0	-0	2109	0	-203	-0	-54.23	493.04	16.22	1072.05	0	-330.6	-113.59	-0	-0	-0	300	0	-203	-0	-0	-0	-0	300	0	200	-0
259	3.86	44.19	2.39	1236.43	0	-303.31	-355.8	-0	-0	-0	2109	0	-203	-0	-52.33	489.51	15.81	1072.56	0	-330.39	7.8	-0	-0	-0	300	0	-203	-0	-0	-0	-0	300	0	200	-0
260	4.34	46.07	4.5	1250.6	0	-305.19	-504.23	-0	-0	-0	2109	0	-203	-0	-49.82	484.62	15.68	1072.76	0	-330.37	-208.89	-0	-0	-0	300	0	-203	-0	0	0	0	300	0	200	0
261	5.47	44.51	2.4	1238.65	0	-308.52	211.47	-0	-0	-0	2109	0	-203	-0	-49.14	480.28	15.75	1073.26	0	-330.32	-12	-0	-0	-0	300	0	-203	-0	-0	-0	-0	300	0	200	-0
262	4.66	46.7	2.39	1254.38	0	-302.76	-369.86	-0	-0	-0	2109	0	-203	-0	-48.12	472.13	15.88	1074.68	0	-329.71	199.37	-0	-0	-0	300	0	-203	-0	-0	-0	-0	300	0	200	-0
263	5.95	44.19	3.05	1227.33	0	-312.83	178.07	-0	-0	-0	2109	0	-203	-0	-46.29	467.79	15.75	1074.18	0	-330.23	68.05	-0	-0	-0	300	0	-203	-0	-0	-0	-0	300	0	200	-0
264	6.92	46.07	2.07	1237	0	-304.45	117.34	-0	-0	-0	2109	0	-203	-0	-44.86	459.37	15.34	1075.25	0	-330.25	-43.31	-0	-0	-0	300	0	-203	-0	-0	-0	-0	300	0	200	-0
265	8.04	46.7	4.01	1244.39	0	-305.92	-278.29	-0	-0	-0	2109	0	-203	-0	-42.22	453.13	15.95	1076.22	0	-330.13	-23.87	-0	-0	-0	300	0	-203	-0	-0	-0	-0	300	0	200	-0
266	7.56	49.83	3.69	1262.91	0	-301.27	13.96	-0	-0	-0	2109	0	-203	-0	-41.06	446.61	16.36	1076.03	0	-330.83	-101.91	-0	-0	-0	300	0	-203	-0	-0	-0	-0	300	0	200	-0
267	6.27	49.52	3.35	1238.6	0	-309.05	-670.36	-0	-0	-0	2109	0	-203	-0	-38.96	438.74	16.56	1077.34	0	-330.95	-182.47	-0	-0	-0	300	0	-203	-0	-0	-0	-0	300	0	200	-0
268	8.52	44.82	2.08	1222.78	0	-320.72	1031.2	-0	-0	-0	2109	0	-203	-0	-39.57	432.77	17.58	1078.32	0	-330.97	15.48	-0	-0	-0	300	0	-203	-0	-0	-0	-0	300	0	200	-0
269	8.52	48.58	2.07	1242.14	0	-303.86	324.62	-0	-0	-0	2109	0	-203	-0	-38.76	423.81	17.58	1079.74	0	-331.11	-50.97	-0	-0	-0	300	0	-203	-0	-0	-0	-0	300	0	200	-0
270	9	49.83	4.33	1246.69	0	-312.74	-204.23	-0	-0	-0	2109	0	-203	-0	-38.21	417.29	18.53	1080.98	0	-330.98	121.43	-0	-0	-0	300	0	-203	-0	-0	-0	-0	300	0	200	-0
271	9	48.27	2.55	1231.79	0	-312.61	196.14	-0	-0	-0	2109	0	-203	-0	-38.21	411.86	18.53	1081.52	0	-331.54	-22.64	-0	-0	-0	300	0	-203	-0	-0	-0	-0	300	0	200	-0
272	9.16	47.95	1.9	1223.63	0	-321.05	252.76	-0	-0	-0	2109	0	-203	-0	-37.06	402.9	18.94	1083.64	0	-331.56	13.93	-0	-0	-0	300	0	-203	-0	-0	-0	-0	300	0	200	-0
273	9.49	54.22	1.75	1261.19	0	-297.8	598.32	-0	-0	-0	2109	0	-203	-0	-35.77	396.66	19.62	1084.37	0	-331.68	-51.12	-0	-0	-0	300	0	-203	-0	0	0	0	300	0	200	0
274	8.2	52.97	4.48	1242.39	0	-303.25	-533.64	-0	-0	-0	2109	0	-203	-0	-34.07	391.23	19.34	1085.4	0	-332.07	-371.32	-0	-0	-0	300	0	-203	-0	0	0	0	300	0	200	0
275	9.33	58.29	4.17	1261.99	0	-306.6	-127.26	-0	-0	-0	2109	0	-203	-0	-33.05	383.35	20.23	1087.64	0	-332.27	-164.63	-0	-0	-0	300	0	-203	-0	-0	-0	-0	300	0	200	-0
276	9.01	53.59	4.16	1241.48	0	-315.01	-195.19	-0	-0	-0	2109	0	-203	-0	-32.58	376.84	19.95	1089.51	0	-332.25	-298.37	-0	-0	-0	300	0	-203	-0	-0	-0	-0	300	0	200	-0
277	8.36	58.92	4.32	1246.79	0	-305.37	-412.61	-0	-0	-0	2109	0	-203	-0	-32.65	369.51	19.89	1091.72	0	-332.04	-214.14	-0	-0	-0	300	0	-203	-0	-0	-0	-0	300	0	200	-0
278	9.65	55.47	4.16	1232.96	0	-316.64	165.1	-0	-0	-0	2109	0	-203	-0	-31.97	364.08	20.02	1092.79	0	-332.77	-148.66	0	0	0	300	0	-203	0	-0	-0	-0	300	0	200	-0
279	9.01	58.3	2.23	1238.12	0	-310.79	436.32	-0	-0	-0	2109	0	-203	-0	-31.77	356.75	19.21	1095.49	0	-332.33	-174.17	-0	-0	-0	300	0	-203	-0	0	0	0	300	0	200	0
280	9.01	62.99	2.07	1259.07	0	-313.02	677.48	-0	-0	-0	2109	0	-203	-0	-30.2	352.95	19.07	1097.06	0	-332.7	-255.81	0	0	0	300	0	-203	0	-0	-0	-0	300	0	200	-0
281	7.08	66.76	2.39	1258.46	0	-303.19	405.02	-0	-0	-0	2109	0	-203	-0	-29.12	347.24	17.92	1098.85	0	-333.17	-380.82	-0	-0	-0	300	0	-203	-0	-0	-0	-0	300	0	200	-0
282	6.43	71.45	4.48	1255.87	0	-305.19	-515.48	-0	-0	-0	2109	0	-203	-0	-26.88	340.73	17.31	1101.95	0	-332.57	-511.08	0	0	0	300	0	-203	0	-0	-0	-0	300	0	200	-0
283	6.76	67.38	4	1251.25	0	-310.05	133.82	-0	-0	-0	2109	0	-203	-0	-25.86	335.84	16.7	1103.37	0	-332.53	-560.7	-0	-0	-0	300	0	-203	-0	-0	-0	-0	300	0	200	-0
284	4.83	74.28	2.22	1253.39	0	-302.26	-8.46	-0	-0	-0	2109	0	-203	-0	-25.11	330.41	15.54	1105.62	0	-333.17	-666.94	-0	-0	-0	300	0	-203	-0	-0	-0	-0	300	0	200	-0
285	5.79	78.04	2.55	1261.31	0	-304.98	299.14	-0	-0	-0	2109	0	-203	-0	-24.37	326.88	15.81	1106.75	0	-333.68	-579.32	-0	-0	-0	300	0	-203	-0	-0	-0	-0	300	0	200	-0
286	3.22	75.22	3.03	1241.33	0	-312.01	-163.66	-0	-0	-0	2109	0	-203	-0	-24.77	321.45	15	1109.33	0	-333.49	-516.85	-0	-0	-0	300	0	-203	-0	-0	-0	-0	300	0	200	-0
287	3.7	76.16	3.03	1244.09	0	-312.14	19.15	-0	-0	-0	2109	0	-203	-0	-23.48	313.58	14.53	1114.07	0	-332.5	-481.21	-0	-0	-0	300	0	-203	-0	-0	-0	-0	300	0	200	-0
288	2.9	83.36	2.4	1250.48	0	-308.93	754.33	-0	-0	-0	2109	0	-203	-0	-23.01	311.41	13.91	1114.75	0	-332.93	-542.63	-0	-0	-0	300	0	-203	-0	-0	-0	-0	300	0	200	-0
289	0.97	84.62	4.33	1242.79	0	-312.49	-447.62	-0	-0	-0	2109	0	-203	-0	-21.24	307.88	12.83	1116.55	0	-333.12	-746	-0	-0	-0	300	0	-203	-0	-0	-0	-0	300	0	200	-0
290	0.33	90.57	4.82	1252.13	0	-313.75	-156.72	-0	-0	-0	2109	0	-203	-0	-20.02	304.35	12.49	1118.62	0	-333.44	-727.59	-0	-0	-0	300	0	-203	-0	0	0	0	300	0	200	0
291	-0.63	94.33	2.55	1249.82	0	-310.48	163.09	-0	-0	-0	2109	0	-203	-0	-18.39	298.37	12.01	1122.89	0	-332.79	-771.43	-0	-0	-0	300	0	-203	-0	-0	-0	-0	300	0	200	-0
292	-0.15	100.92	2.55	1259.93	0	-303.84	68.08	-0	-0	-0	2109	0	-203	-0	-17.72	294.03	11.4	1125.67	0	-332.64	-796.73	-0	-0	-0	300	0	-203	-0	-0	-0	-0	300	0	200	-0
293	-1.6	97.46	2.88	1243.43	0	-318.45	536.57	-0	-0	-0	2109	0	-203	-0	-16.83	292.4	10.93	1126.77	0	-333.19	-822.24	-0	-0	-0	300	0	-203	-0	-0	-0	-0	300	0	200	-0
294	-2.08	104.36	3.52	1244.95	0	-309.79	-81.57	-0	-0	-0	2109	0	-203	-0	-16.29	286.7	10.25	1131.02	0	-332.38	-775.89	-0	-0	-0	300	0	-203	-0	-0	-0	-0	300	0	200	-0
295	-3.69	108.12	4.33	1248.67	0	-310.59	-71.18	-0	-0	-0	2109	0	-203	-0	-15.81	284.8	10.11	1133.03	0	-332.68	-671.48	-0	-0	-0	300	0	-203	-0	-0	-0	-0	300	0	200	-0
296	-6.26	115.96	2.23	1256.88	0	-305.15	300.22	-0	-0	-0	2109	0	-203	-0	-14.32	280.73	8.76	1135.63	0	-332.84	-863.11	-0	-0	-0	300	0	-203	-0	-0	-0	-0	300	0	200	-0
297	-4.17	116.9	3.85	1252.78	0	-309.14	189.95	-0	-0	-0	2109	0	-203	-0	-12.83	276.66	8.28	1138.81	0	-332.21	-942.26	-0	-0	-0	300	0	-203	-0	-0	-0	-0	300	0	200	-0
298	-8.02	120.97	4.02	1249.94	0	-307.05	98.25	-0	-0	-0	2109	0	-203	-0	-11.4	274.21	7.87	1140.76	0	-332.38	-968.94	0	0	0	300	0	-203	0	-0	-0	-0	300	0	200	-0
299	-8.83	125.04	4.33	1245.42	0	-312.26	-601.98	-0	-0	-0	2109	0	-203	-0	-9.84	270.41	6.92	1144.25	0	-333.02	-1064.82	-0	-0	-0	300	0	-203	-0	0	0	0	300	0	200	0
300	-10.11	130.06	4.98	1250.18	0	-309.54	-332.29	-0	-0	-0	2109	0	-203	-0	-8.42	268.78	6.72	1145.35	0	-333.42	-1032.05	0	0	0	300	0	-203	0	-0	-0	-0	300	0	200	-0
301	-10.75	135.08	3.2	1245.53	0	-309	-168.95	-0	-0	-0	2109	0	-203	-0	-7.94	263.89	5.5	1149.89	0	-332.71	-1156.45	0	0	0	300	0	-203	0	-0	-0	-0	300	0	200	-0
302	-11.24	137.58	3.54	1243.73	0	-315.16	448.41	-0	-0	-0	2109	0	-203	-0	-5.7	261.99	5.63	1151.95	0	-332.41	-1046.45	-0	-0	-0	300	0	-203	-0	0	0	0	300	0	200	0
303	-14.13	144.16	4.18	1245.6	0	-311.64	-12.84	-0	-0	-0	2109	0	-203	-0	-5.43	258.19	5.02	1155.13	0	-332.33	-977.16	-0	-0	-0	300	0	-203	-0	-0	-0	-0	300	0	200	-0
304	-14.45	150.74	4.51	1248.13	0	-312.53	-81.91	-0	-0	-0	2109	0	-203	-0	-3.05	253.85	4.55	1159.94	0	-331.55	-1099.27	-0	-0	-0	300	0	-203	-0	0	0	0	300	0	200	0
305	-15.41	154.19	3.38	1245.89	0	-312.14	569.97	-0	-0	-0	2109	0	-203	-0	-1.7	251.68	4.14	1161.82	0	-331.32	-1023.74	-0	-0	-0	300	0	-203	-0	-0	-0	-0	300	0	200	-0
306	-17.98	163.28	4.35	1248.48	0	-308.31	-189.59	-0	-0	-0	2109	0	-203	-0	0.54	248.15	2.78	1165.95	0	-331.25	-1225.96	-0	-0	-0	300	0	-203	-0	-0	-0	-0	300	0	200	-0
307	-18.63	168.91	3.06	1256.87	0	-312.29	385.14	-0	-0	-0	2109	0	-203	-0	2.44	248.15	2.1	1166.89	0	-331.13	-1330.49	-0	-0	-0	300	0	-203	-0	-0	-0	-0	300	0	200	-0
308	-21.84	174.25	4.18	1248.88	0	-307.98	-230.53	-0	-0	-0	2109	0	-203	-0	4.34	245.16	1.02	1171.12	0	-330.2	-1401.71	-0	-0	-0	300	0	-203	-0	-0	-0	-0	300	0	200	-0
309	-21.68	177.07	5.64	1244.87	0	-311.65	-366.89	-0	-0	-0	2109	0	-203	-0	6.72	245.43	0.54	1172.51	0	-330.56	-1423.02	-0	-0	-0	300	0	-203	-0	-0	-0	-0	300	0	200	-0
310	-24.41	185.84	5.48	1253.11	0	-309.8	-312.73	-0	-0	-0	2109	0	-203	-0	7.47	244.35	-0.14	1174.5	0	-330.02	-1405.8	-0	-0	-0	300	0	-203	-0	-0	-0	-0	300	0	200	-0
311	-23.61	192.74	5.64	1253.26	0	-308.27	-487.55	-0	-0	-0	2109	0	-203	-0	10.45	242.72	-0.88	1178.14	0	-329.7	-1407.21	-0	-0	-0	300	0	-203	-0	-0	-0	-0	300	0	200	-0
312	-25.69	197.44	8.39	1250.83	0	-308.34	-598.1	-0	-0	-0	2109	0	-203	-0	13.57	242.99	0.75	1179.25	0	-329.55	-1197.63	-0	-0	-0	300	0	-203	-0	-0	-0	-0	300	0	200	-0
313	-28.59	203.4	4.36	1247.45	0	-309.34	200.41	-0	-0	-0	2109	0	-203	-0	16.15	241.36	1.02	1182.83	0	-328.89	-1110.61	0	0	0	300	0	-203	0	-0	-0	-0	300	0	200	-0
314	-29.07	213.1	8.24	1254.71	0	-308.74	-520.64	-0	-0	-0	2109	0	-203	-0	19.14	243.53	0.48	1182.94	0	-329.15	-978.84	-0	-0	-0	300	0	-203	-0	-0	-0	-0	300	0	200	-0
315	-31.48	217.81	7.27	1255.86	0	-307.53	-377.46	-0	-0	-0	2109	0	-203	-0	22.06	245.7	0.34	1182.21	0	-328.9	-896.7	-0	-0	-0	300	0	-203	-0	0	0	0	300	0	200	0
316	-31.8	224.39	8.4	1253.35	0	-308.41	-837.79	-0	-0	-0	2109	0	-203	-0	25.11	242.99	-0	1187.43	0	-328.36	-876.3	-0	-0	-0	300	0	-203	-0	-0	-0	-0	300	0	200	-0
317	-31.64	223.45	7.44	1247	0	-311.26	-104.32	-0	-0	-0	2109	0	-203	-0	28.24	245.98	-0.81	1187.06	0	-328.09	-713.95	-0	-0	-0	300	0	-203	-0	-0	-0	-0	300	0	200	-0
318	-33.24	233.17	7.76	1250.74	0	-309.42	-502.48	-0	-0	-0	2109	0	-203	-0	30.88	246.25	-2.78	1189.09	0	-328.17	-1041.78	-0	-0	-0	300	0	-203	-0	-0	-0	-0	300	0	200	-0
319	-31.96	240.68	10.34	1254.8	0	-308.07	-449.03	-0	-0	-0	2109	0	-203	-0	33.05	250.05	-3.46	1187.12	0	-328.32	-1002.43	0	0	0	300	0	-203	0	-0	-0	-0	300	0	200	-0
320	-33.08	245.39	10.17	1254.54	0	-308.39	-950.18	-0	-0	-0	2109	0	-203	-0	36.72	250.86	-4.82	1189	0	-328.06	-1063.01	0	0	0	300	0	-203	0	-0	-0	-0	300	0	200	-0
321	-33.4	251.65	12.44	1254.76	0	-308.62	-939.01	-0	-0	-0	2109	0	-203	-0	39.84	252.22	-5.43	1189.48	0	-327.76	-1091.78	-0	-0	-0	300	0	-203	-0	-0	-0	-0	300	0	200	-0
322	-33.56	258.24	12.12	1258.47	0	-306.42	-582.89	-0	-0	-0	2109	0	-203	-0	42.62	253.31	-6.04	1188.91	0	-326.77	-1181.93	-0	-0	-0	300	0	-203	-0	-0	-0	-0	300	0	200	-0
323	-33.24	260.43	12.93	1250.26	0	-309.3	-879.7	-0	-0	-0	2109	0	-203	-0	46.43	253.31	-7.06	1190.38	0	-326.5	-1201.36	0	0	0	300	0	-203	0	-0	-0	-0	300	0	200	-0
324	-33.24	267.95	14.38	1254.16	0	-309.14	-835.08	-0	-0	-0	2109	0	-203	-0	50.02	255.21	-7.53	1189.16	0	-326.75	-1303.71	0	0	0	300	0	-203	0	-0	-0	-0	300	0	200	-0
325	-33.72	271.71	16.32	1251.11	0	-309	-1525.65	-0	-0	-0	2109	0	-203	-0	52.2	255.75	-8.62	1189.63	0	-326.37	-1410.8	-0	-0	-0	300	0	-203	-0	-0	-0	-0	300	0	200	-0
326	-32.28	282.05	16.64	1255.58	0	-309.19	-1186.73	-0	-0	-0	2109	0	-203	-0	56.27	256.29	-9.23	1190.1	0	-326.48	-1356.6	-0	-0	-0	300	0	-203	-0	-0	-0	-0	300	0	200	-0
327	-32.27	282.37	17.61	1246.32	0	-308.23	-1354.5	-0	-0	-0	2109	0	-203	-0	58.1	256.56	-10.11	1189.58	0	-326.24	-1450.37	-0	-0	-0	300	0	-203	-0	-0	-0	-0	300	0	200	-0
328	-33.56	290.51	17.77	1250.37	0	-309.4	-1428.2	-0	-0	-0	2109	0	-203	-0	60.07	255.75	-10.59	1191.62	0	-325.88	-1404.62	-0	-0	-0	300	0	-203	-0	-0	-0	-0	300	0	200	-0
329	-33.4	297.41	18.1	1252.95	0	-308.4	-867.12	-0	-0	-0	2109	0	-203	-0	63.19	257.38	-11.67	1189.26	0	-326.16	-1498.49	-0	-0	-0	300	0	-203	-0	-0	-0	-0	300	0	200	-0
330	-34.52	309.31	21	1257.64	0	-307.05	-1900.01	-0	-0	-0	2109	0	-203	-0	66.18	255.75	-12.15	1191.25	0	-325.72	-1629.03	-0	-0	-0	300	0	-203	-0	-0	-0	-0	300	0	200	-0
331	-33.24	310.88	20.84	1254.45	0	-309.57	-1433.22	-0	-0	-0	2109	0	-203	-0	68.96	256.84	-12.08	1190.13	0	-326.16	-1507.05	-0	-0	-0	300	0	-203	-0	-0	-0	-0	300	0	200	-0
332	-33.24	316.84	18.9	1252.26	0	-309.17	-1348.34	-0	-0	-0	2109	0	-203	-0	71.34	254.39	-13.17	1192.03	0	-325.8	-1734.7	-0	-0	-0	300	0	-203	-0	-0	-0	-0	300	0	200	-0
333	-31.95	325.92	21.33	1254.72	0	-308.73	-1275.74	-0	-0	-0	2109	0	-203	-0	73.85	254.12	-12.96	1191.36	0	-325.82	-1643.65	0	0	0	300	0	-203	0	-0	-0	-0	300	0	200	-0
334	-33.24	331.57	20.18	1251.63	0	-308.91	-1524.02	-0	-0	-0	2109	0	-203	-0	74.87	253.85	-13.3	1190.42	0	-325.52	-1607.63	-0	-0	-0	300	0	-203	-0	-0	-0	-0	300	0	200	-0
335	-33.56	333.45	22.12	1247.37	0	-311.2	-2180.8	-0	-0	-0	2109	0	-203	-0	77.92	251.13	-13.1	1192.75	0	-325.4	-1746.71	0	0	0	300	0	-203	0	-0	-0	-0	300	0	200	-0
336	-33.39	348.49	21.64	1254.6	0	-308.75	-1440.54	-0	-0	-0	2109	0	-203	-0	78.8	250.59	-12.96	1190.85	0	-325.89	-1598.59	-0	-0	-0	300	0	-203	-0	-0	-0	-0	300	0	200	-0
337	-31.47	357.26	20.01	1254.36	0	-308.47	-1688.23	-0	-0	-0	2109	0	-203	-0	80.77	247.06	-12.76	1192.39	0	-325.46	-1718.74	-0	-0	-0	300	0	-203	-0	-0	-0	-0	300	0	200	-0
338	-29.7	362.28	20.33	1252.55	0	-309.04	-1167.2	-0	-0	-0	2109	0	-203	-0	82.13	244.62	-12.01	1191.51	0	-325.81	-1573.45	-0	-0	-0	300	0	-203	-0	-0	-0	-0	300	0	200	-0
339	-29.54	369.49	18.71	1252.26	0	-308.3	-1053.22	-0	-0	-0	2109	0	-203	-0	83.55	240.55	-11.88	1192.78	0	-326.34	-1622.2	-0	-0	-0	300	0	-203	-0	0	0	0	300	0	200	0
340	-29.05	379.83	22.09	1254.43	0	-308.87	-2057.91	-0	-0	-0	2109	0	-203	-0	85.32	238.37	-10.86	1191.08	0	-325.93	-1501.32	-0	-0	-0	300	0	-203	-0	-0	-0	-0	300	0	200	-0
341	-28.57	386.1	20.63	1254.03	0	-308.31	-1763.05	-0	-0	-0	2109	0	-203	-0	85.93	232.94	-10.79	1192.11	0	-326.09	-1545.42	-0	-0	-0	300	0	-203	-0	-0	-0	-0	300	0	200	-0
342	-25.68	387.98	19.48	1247.86	0	-310.26	-2082.76	-0	-0	-0	2109	0	-203	-0	87.35	226.16	-9.91	1195.3	0	-325.24	-1526	-0	-0	-0	300	0	-203	-0	-0	-0	-0	300	0	200	-0
343	-23.43	397.7	17.7	1252.7	0	-308.9	-926.34	-0	-0	-0	2109	0	-203	-0	87.49	225.07	-9.37	1191.32	0	-326.03	-1285.29	0	0	0	300	0	-203	0	-0	-0	-0	300	0	200	-0
344	-22.14	405.85	18.49	1253.92	0	-308.16	-1692.16	-0	-0	-0	2109	0	-203	-0	88.24	218.55	-9.23	1192.21	0	-325.95	-1490.15	-0	-0	-0	300	0	-203	-0	-0	-0	-0	300	0	200	-0
345	-20.54	412.74	19.61	1253.15	0	-309.55	-2100.39	-0	-0	-0	2109	0	-203	-0	88.92	213.12	-8.14	1193.69	0	-325.28	-1355.05	-0	-0	-0	300	0	-203	-0	0	0	0	300	0	200	0
346	-19.09	418.07	17.02	1253.69	0	-308.4	-1706.83	-0	-0	-0	2109	0	-203	-0	89.25	206.61	-7.87	1195.32	0	-324.16	-1499.38	-0	-0	-0	300	0	-203	-0	-0	-0	-0	300	0	200	-0
347	-14.59	424.34	15.23	1254.09	0	-309.17	-1401.27	-0	-0	-0	2109	0	-203	-0	90.2	200.36	-6.92	1195.41	0	-325.15	-1335.91	-0	-0	-0	300	0	-203	-0	-0	-0	-0	300	0	200	-0
348	-12.5	428.41	13.77	1253.35	0	-309.82	-767.64	-0	-0	-0	2109	0	-203	-0	90.75	196.29	-6.24	1191.92	0	-324.66	-1366.25	-0	-0	-0	300	0	-203	-0	-0	-0	-0	300	0	200	-0
349	-8.48	434.37	13.75	1252.21	0	-309.13	-1342.93	-0	-0	-0	2109	0	-203	-0	90.48	189.23	-6.11	1194.68	0	-325.01	-1438.55	-0	-0	-0	300	0	-203	-0	-0	-0	-0	300	0	200	-0
350	-6.23	436.24	14.54	1251.53	0	-311	-1591.86	-0	-0	-0	2109	0	-203	-0	90.48	182.72	-4.34	1193.99	0	-325.03	-1254.16	-0	-0	-0	300	0	-203	-0	-0	-0	-0	300	0	200	-0
351	-4.14	439.07	12.59	1250.69	0	-309.23	-1539.1	-0	-0	-0	2109	0	-203	-0	89.8	175.93	-3.39	1195.02	0	-324.76	-1243.33	-0	-0	-0	300	0	-203	-0	-0	-0	-0	300	0	200	-0
352	0.84	447.22	10.8	1255.03	0	-307.99	-1179.42	-0	-0	-0	2109	0	-203	-0	89.19	170.5	-2.51	1195.75	0	-324.29	-1209.11	0	0	0	300	0	-203	0	-0	-0	-0	300	0	200	-0
353	4.21	442.83	10.8	1251.78	0	-309.71	-961.65	-0	-0	-0	2109	0	-203	-0	87.96	163.17	-0.81	1195.55	0	-323.8	-1131.76	-0	-0	-0	300	0	-203	-0	-0	-0	-0	300	0	200	-0
354	6.78	445.66	8.84	1252.4	0	-308.83	-967.36	-0	-0	-0	2109	0	-203	-0	87.49	155.3	0.54	1198.3	0	-322.71	-1059.34	0	0	0	300	0	-203	0	-0	-0	-0	300	0	200	-0
355	12.41	452.23	5.78	1260.15	0	-308.36	479.93	-0	-0	-0	2109	0	-203	-0	87.29	153.12	1.49	1192.76	0	-325.27	-902.85	-0	-0	-0	300	0	-203	-0	-0	-0	-0	300	0	200	-0
356	20.76	472.6	0.63	1282.89	0	-302.83	2497.04	-0	-0	-0	2109	0	-203	-0	85.86	143.62	2.92	1196.28	0	-323.1	-984.01	0	0	0	300	0	-203	0	-0	-0	-0	300	0	200	-0
357	29.91	601.29	-5.71	1389.65	0	-283.26	5410.12	-0	-0	-0	2109	0	-203	-0	85.79	137.11	4.14	1197.64	0	-322.32	-996.97	-0	-0	-0	300	0	-203	-0	-0	-0	-0	300	0	200	-0
358	58.2	833.23	-18.62	1492.14	0	-268.6	7592.84	-0	-0	-0	2109	0	-203	-0	84.71	133.85	5.16	1193.89	0	-325	-653.98	-0	-0	-0	300	0	-203	-0	-0	-0	-0	300	0	200	-0
359	58.67	757.46	-1.1	1467.63	0	-272.98	2464.14	-0	-0	-0	2109	0	-203	-0	83.42	125.97	5.63	1195.1	0	-323.41	-932.39	-0	-0	-0	300	0	-203	-0	-0	-0	-0	300	0	200	-0
360	48.54	674.49	1.3	1440.37	0	-277.81	640.6	-0	-0	-0	2109	0	-203	-0	82.33	121.36	6.79	1195.64	0	-323.33	-718.06	-0	-0	-0	300	0	-203	-0	-0	-0	-0	300	0	200	-0
361	40.51	654.76	0.48	1439.63	0	-278	-642.14	-0	-0	-0	2109	0	-203	-0	81.11	116.47	7.06	1195.72	0	-323.66	-622.69	-0	-0	-0	300	0	-203	-0	0	0	0	300	0	200	0
362	29.26	666.31	-0.31	1454.16	0	-277.15	-1133.98	-0	-0	-0	2109	0	-203	-0	80.02	109.14	8.21	1198.45	0	-321.24	-632.24	-0	-0	-0	300	0	-203	-0	-0	-0	-0	300	0	200	-0
363	14.31	667.55	-6.9	1465.76	0	-275	-1025.78	-0	-0	-0	2109	0	-203	-0	78.53	105.34	9.23	1194.71	0	-322.48	-337.9	-0	-0	-0	300	0	-203	-0	-0	-0	-0	300	0	200	-0
364	-7.06	661.27	-10.27	1473.3	0	-273.54	-1816.75	-0	-0	-0	2109	0	-203	-0	77.78	99.1	9.71	1197.64	0	-321.44	-408.66	-0	-0	-0	300	0	-203	-0	-0	-0	-0	300	0	200	-0
365	-27.15	642.77	-9.93	1481.49	0	-272.56	-2725.56	-0	-0	-0	2109	0	-203	-0	76.63	94.21	10.11	1195.94	0	-321.6	-459.69	-0	-0	-0	300	0	-203	-0	-0	-0	-0	300	0	200	-0
366	-45.15	631.47	-10.57	1491	0	-271.11	-4409.86	-0	-0	-0	2109	0	-203	-0	74.8	89.87	9.71	1192.61	0	-322.89	-369.64	0	0	0	300	0	-203	0	-0	-0	-0	300	0	200	-0
367	-48.69	617.04	-8.65	1503.58	0	-269.51	-5674.43	-0	-0	-0	2109	0	-203	-0	73.44	84.16	9.23	1197.97	0	-322.7	-419.34	-0	-0	-0	300	0	-203	-0	-0	-0	-0	300	0	200	-0
368	-42.1	614.51	-8.96	1519.17	0	-267.48	-5256.14	-0	-0	-0	2109	0	-203	-0	70.86	78.73	8.96	1193.79	0	-324	-193.26	-0	-0	-0	300	0	-203	-0	-0	-0	-0	300	0	200	-0
369	-27.48	606.65	-8.82	1535.26	0	-265.26	-5693.06	-0	-0	-0	2109	0	-203	-0	67.67	71.4	7.81	1196.41	0	-322.84	-313.93	-0	-0	-0	300	0	-203	-0	-0	-0	-0	300	0	200	-0
370	-9	595.35	-8.49	1552.89	0	-262.12	-4864.13	-0	-0	-0	2109	0	-203	-0	65.57	66.25	6.99	1194.69	0	-324.72	-273.16	-0	-0	-0	300	0	-203	-0	-0	-0	-0	300	0	200	-0
371	-0	570.9	-10.1	1571.68	0	-259.38	-4803.11	-0	-0	-0	2109	0	-203	-0	-0	-0	-0	903	0	-403	-0	0	0	0	300	0	-203	0	-0	-0	-0	300	0	200	-0
372	1.92	542.37	-9.12	1589.52	0	-257.48	-4986.7	-0	-0	-0	2109	0	-203	-0	55.45	45.34	5.16	1197.16	0	-322.69	-1.76	-0	-0	-0	300	0	-203	-0	-0	-0	-0	300	0	200	-0
373	0.15	515.43	-10.72	1606.37	0	-253.62	-4927.45	-0	-0	-0	2109	0	-203	-0	49.07	37.74	4.48	1194.65	0	-323.33	53.3	-0	-0	-0	300	0	-203	-0	-0	-0	-0	300	0	200	-0
374	-11.74	485.66	-10.53	1621.54	0	-250.59	-5123.86	0.64	17.84	3.83	1889.67	0	-241.12	616.23	39.37	25.25	2.78	1196.88	0	-331.99	289.29	-0	-0	-0	300	0	-203	-0	-0	-0	-0	300	0	200	-0
375	-22.99	451.51	-9.05	1642.28	0	-247.46	-4485.5	-1.92	20.97	5.74	1880.77	0	-248.94	197.43	31.29	17.1	1.76	1202.96	0	-335.27	259.75	-0	-0	-0	300	0	-203	-0	0	0	0	300	0	200	0
376	-36.01	426.76	-10.46	1658.86	0	-242.71	-3931.88	-4.47	30.67	7.66	1910.17	0	-240	303.54	-0	-0	-0	903	0	-403	-0	-0	-0	-0	300	0	-203	-0	-0	-0	-0	300	0	200	-0
377	-50.47	402.32	-11.39	1676.71	0	-240	-2883.32	-8.63	36.93	5.26	1901.16	0	-234.82	836.22	-0	-0	-0	903	0	-403	-0	-0	-0	-0	300	0	-203	-0	-0	-0	-0	300	0	200	-0
378	-58.18	380.38	-13.93	1697.77	0	-236.93	-2223.46	-7.67	46.01	3.82	1881.95	0	-232.47	566.72	-0	-0	-0	903	0	-403	-0	-0	-0	-0	300	0	-203	-0	-0	-0	-0	300	0	200	-0
379	-62.68	366.6	-13.11	1712.95	0	-233.99	-1954.39	-7.83	59.15	1.58	1906.86	0	-223.94	940.58	-0	-0	-0	903	0	-403	-0	-0	-0	-0	300	0	-203	-0	-0	-0	-0	300	0	200	-0
380	-65.57	365.96	-11.8	1722.51	0	-232.23	-774.69	-8.79	71.99	0.63	1911.81	0	-219.28	544.11	-0	-0	-0	903	0	-403	-0	-0	-0	-0	300	0	-203	-0	0	0	0	300	0	200	0
381	-69.75	356.24	-14.04	1737.18	0	-229.63	-894.22	-7.52	76.68	-1.93	1897.74	0	-221.35	557.13	-0	-0	-0	903	0	-403	-0	-0	-0	-0	300	0	-203	-0	-0	-0	-0	300	0	200	-0
382	-71.68	358.75	-14.04	1740.2	0	-228.6	-693.14	-9.12	84.82	-4.96	1896.44	0	-216.88	801.73	-0	-0	-0	903	0	-403	-0	-0	-0	-0	300	0	-203	-0	-0	-0	-0	300	0	200	-0
383	-77.79	350.9	-14.5	1753	0	-228.7	-87.45	-10.24	96.71	-7.2	1898.72	0	-220.17	873.49	-0	-0	-0	903	0	-403	-0	-0	-0	-0	300	0	-203	-0	-0	-0	-0	300	0	200	-0
384	-80.04	345.58	-14.32	1760.66	0	-226.79	270.94	-11.67	105.47	-8	1904.83	0	-214.12	1218.16	-0	-0	-0	903	0	-403	-0	-0	-0	-0	300	0	-203	-0	-0	-0	-0	300	0	200	-0
385	-80.36	345.26	-14.47	1765.03	0	-225.85	1186.69	-11.67	111.42	-8.96	1894.95	0	-216.3	1157.52	-0	-0	-0	903	0	-403	-0	-0	-0	-0	300	0	-203	-0	-0	-0	-0	300	0	200	-0
386	-81.32	344.32	-14.3	1770.51	0	-224.25	1367.88	-11.83	123.94	-7.52	1909.44	0	-216.22	828.39	-0	-0	-0	903	0	-403	-0	-0	-0	-0	300	0	-203	-0	-0	-0	-0	300	0	200	-0
387	-79.88	341.5	-16.06	1773.45	0	-224.35	1355.2	-10.72	129.57	-6.88	1904.03	0	-214.25	831.69	-0	-0	-0	903	0	-403	-0	-0	-0	-0	300	0	-203	-0	-0	-0	-0	300	0	200	-0
388	-77.95	340.87	-17.03	1777.15	0	-222.97	1491.04	-11.99	133.02	-6.08	1900.89	0	-219.03	544.39	-0	-0	-0	903	0	-403	-0	-0	-0	-0	300	0	-203	-0	0	0	0	300	0	200	0
389	-76.34	333.04	-20.59	1785.84	0	-222.04	-121.57	-11.2	136.15	-5.45	1894.91	0	-217.88	834.59	-0	-0	-0	903	0	-403	-0	-0	-0	-0	300	0	-203	-0	-0	-0	-0	300	0	200	-0
390	-75.06	339.3	-19.12	1781.59	0	-223.25	673.23	-11.2	144.6	-5.13	1900.06	0	-217.17	670.86	-0	-0	-0	903	0	-403	-0	-0	-0	-0	300	0	-203	-0	-0	-0	-0	300	0	200	-0
391	-74.41	336.48	-20.58	1782.69	0	-223.07	628.5	-10.56	150.23	-4.33	1901.45	0	-219.88	433.31	-0	-0	-0	903	0	-403	-0	0	0	0	300	0	-203	0	-0	-0	-0	300	0	200	-0
392	-74.89	337.43	-21.22	1783.15	0	-222.33	196.3	-12.15	151.8	-5.45	1899.36	0	-216.85	834.36	-0	-0	-0	903	0	-403	-0	0	0	0	300	0	-203	0	-0	-0	-0	300	0	200	-0
393	-71.68	339	-22.02	1780.65	0	-222.24	657.95	-9.76	156.8	-7.04	1898.8	0	-218.33	853.77	-0	-0	-0	903	0	-403	-0	-0	-0	-0	300	0	-203	-0	-0	-0	-0	300	0	200	-0
394	-72.32	340.56	-23.64	1779.48	0	-221.83	-79.12	-8.8	162.44	-7.53	1905.61	0	-219.33	1133.83	-0	-0	-0	903	0	-403	-0	0	0	0	300	0	-203	0	-0	-0	-0	300	0	200	-0
395	-70.07	342.44	-22.83	1779.03	0	-222.05	641.09	-9.12	168.07	-8	1905.62	0	-216.69	821.15	-0	-0	-0	903	0	-403	-0	0	0	0	300	0	-203	0	-0	-0	-0	300	0	200	-0
396	-69.43	341.81	-24.28	1779.99	0	-222.51	153.2	-6.88	170.26	-7.2	1904.1	0	-219.15	613.02	-0	-0	-0	903	0	-403	-0	-0	-0	-0	300	0	-203	-0	0	0	0	300	0	200	0
397	-67.5	343.08	-22.51	1775.6	0	-221.09	518.16	-5.6	170.89	-8.64	1906.67	0	-217.3	885.29	-0	-0	-0	903	0	-403	-0	-0	-0	-0	300	0	-203	-0	-0	-0	-0	300	0	200	-0
398	-67.34	340.25	-23.79	1777.67	0	-221.75	564.31	-6.08	175.58	-7.68	1900.9	0	-216.87	647.63	-0	-0	-0	903	0	-403	-0	-0	-0	-0	300	0	-203	-0	-0	-0	-0	300	0	200	-0
399	-66.38	334.93	-24.45	1783.07	0	-221.36	-12.73	-4.96	179.97	-8.16	1903.48	0	-216.24	822.19	-0	-0	-0	903	0	-403	-0	-0	-0	-0	300	0	-203	-0	-0	-0	-0	300	0	200	-0
400	-65.41	339.01	-23.15	1777.1	0	-220.63	500.06	-4.64	182.78	-8.48	1905.7	0	-215.5	736.07	-0	-0	-0	903	0	-403	-0	-0	-0	-0	300	0	-203	-0	-0	-0	-0	300	0	200	-0
401	-64.29	336.5	-24.11	1781.89	0	-221.57	578.92	-3.21	185.6	-8.16	1903.43	0	-217.05	670.76	-0	-0	-0	903	0	-403	-0	-0	-0	-0	300	0	-203	-0	-0	-0	-0	300	0	200	-0
402	-64.61	332.11	-24.77	1783.98	0	-221.45	-91.02	-1.77	190.92	-9.28	1905.91	0	-215.17	1106.58	0	0	0	903	0	-403	0	-0	-0	-0	300	0	-203	-0	-0	-0	-0	300	0	200	-0
403	-60.91	331.48	-25.25	1781.26	0	-222.92	-10.95	-1.29	189.35	-10.4	1903.36	0	-216.94	864.99	-0	-0	-0	903	0	-403	-0	0	0	0	300	0	-203	0	-0	-0	-0	300	0	200	-0
404	-60.11	330.87	-26.55	1778.85	0	-220.65	-377.55	-0.01	191.55	-10.24	1905.05	0	-217.33	1223.43	-0	-0	-0	903	0	-403	-0	-0	-0	-0	300	0	-203	-0	-0	-0	-0	300	0	200	-0
405	-57.38	327.73	-25.09	1781.1	0	-222.21	39.26	-0.01	192.17	-10.08	1901.15	0	-216.07	826.61	-0	-0	-0	903	0	-403	-0	-0	-0	-0	300	0	-203	-0	-0	-0	-0	300	0	200	-0
406	-57.38	326.8	-25.25	1777.86	0	-221.02	319.38	1.59	198.43	-8.96	1908.73	0	-217.66	542.85	-0	-0	-0	903	0	-403	-0	-0	-0	-0	300	0	-203	-0	-0	-0	-0	300	0	200	-0
407	-56.09	326.18	-24.29	1773.57	0	-220.46	94.87	0.95	195.3	-11.52	1906.01	0	-217.37	1193.35	-0	-0	-0	903	0	-403	-0	-0	-0	-0	300	0	-203	-0	-0	-0	-0	300	0	200	-0
408	-54.97	318.67	-23.16	1777.3	0	-219.99	461.86	2.87	198.43	-9.44	1902.1	0	-215.88	760.56	-0	-0	-0	903	0	-403	-0	-0	-0	-0	300	0	-203	-0	-0	-0	-0	300	0	200	-0
409	-56.09	309.27	-23.49	1780.92	0	-220.57	242.62	4.15	201.56	-9.12	1906.23	0	-215.24	747.16	0	0	0	903	0	-403	0	-0	-0	-0	300	0	-203	-0	-0	-0	-0	300	0	200	-0
410	-54.16	309.28	-20.74	1776.35	0	-220.14	861.25	4.47	201.87	-8.96	1905.07	0	-215.36	671.81	-0	-0	-0	903	0	-403	-0	-0	-0	-0	300	0	-203	-0	-0	-0	-0	300	0	200	-0
411	-53.04	301.76	-21.39	1779.52	0	-220.18	616.21	5.59	205.63	-9.12	1908.46	0	-217.37	686.26	-0	-0	-0	903	0	-403	-0	0	0	0	300	0	-203	0	-0	-0	-0	300	0	200	-0
412	-52.88	294.25	-21.08	1776.31	0	-220.57	280.12	7.18	204.69	-8.8	1907.6	0	-214.97	814.6	-0	-0	-0	903	0	-403	-0	-0	-0	-0	300	0	-203	-0	-0	-0	-0	300	0	200	-0
413	-49.18	289.86	-20.43	1780.58	0	-220.47	548.78	6.86	204.69	-8.96	1905.08	0	-216.85	782.3	0	0	0	903	0	-403	0	-0	-0	-0	300	0	-203	-0	-0	-0	-0	300	0	200	-0
414	-48.86	283.92	-20.6	1779.99	0	-220.21	61.59	8.14	210.01	-8.33	1910.24	0	-217.25	937.48	-0	-0	-0	903	0	-403	-0	-0	-0	-0	300	0	-203	-0	0	0	0	300	0	200	0
415	-47.58	277.03	-19.47	1780.7	0	-222.35	-49.97	7.82	210.32	-8.65	1906.59	0	-216.05	954.66	-0	-0	-0	903	0	-403	-0	-0	-0	-0	300	0	-203	-0	-0	-0	-0	300	0	200	-0
416	-47.25	273.59	-19.8	1780.77	0	-220.32	89.8	8.78	212.83	-8.48	1908.02	0	-217.62	635.51	-0	-0	-0	903	0	-403	-0	-0	-0	-0	300	0	-203	-0	-0	-0	-0	300	0	200	-0
417	-47.26	266.08	-18.67	1782.41	0	-219.76	68.22	9.74	215.33	-8.64	1905.92	0	-216.09	870.61	0	0	0	903	0	-403	0	-0	-0	-0	300	0	-203	-0	0	0	0	300	0	200	0
418	-44.36	258.56	-17.7	1782.75	0	-220.95	326.8	10.22	216.27	-9.28	1907.77	0	-215.66	505.37	-0	-0	-0	903	0	-403	-0	-0	-0	-0	300	0	-203	-0	0	0	0	300	0	200	0
419	-43.88	251.68	-19.97	1781.94	0	-218.59	-321.85	11.02	215.96	-11.04	1906.21	0	-216.24	1149.92	-0	-0	-0	903	0	-403	-0	-0	-0	-0	300	0	-203	-0	-0	-0	-0	300	0	200	-0
420	-43.24	244.17	-17.39	1781.84	0	-219.8	107.12	10.7	221.9	-10.4	1907.91	0	-215.24	705.72	0	0	0	903	0	-403	0	0	0	0	300	0	-203	0	-0	-0	-0	300	0	200	-0
421	-41.63	234.78	-19.15	1782.53	0	-219.88	255.86	12.14	222.53	-10.4	1907.66	0	-216.55	505.22	-0	-0	-0	903	0	-403	-0	-0	-0	-0	300	0	-203	-0	-0	-0	-0	300	0	200	-0
422	-41.47	227.27	-15.93	1779.02	0	-218.44	552.21	12.3	228.79	-13.76	1916.48	0	-214.92	851.3	-0	-0	-0	903	0	-403	-0	-0	-0	-0	300	0	-203	-0	-0	-0	-0	300	0	200	-0
423	-39.54	217.88	-18.34	1782.6	0	-218.96	305.97	12.14	230.98	-12	1909.87	0	-215.25	478.06	-0	-0	-0	903	0	-403	-0	0	0	0	300	0	-203	0	0	0	0	300	0	200	0
424	-40.67	212.88	-18.35	1776.47	0	-216.51	27.52	12.46	235.05	-12	1912.58	0	-215.52	773.22	0	0	0	903	0	-403	0	-0	-0	-0	300	0	-203	-0	-0	-0	-0	300	0	200	-0
425	-37.62	203.48	-17.54	1779.22	0	-218.8	-52.47	11.18	240.99	-13.6	1915.35	0	-214.44	548.21	-0	-0	-0	903	0	-403	-0	-0	-0	-0	300	0	-203	-0	0	0	0	300	0	200	0
426	-38.42	192.85	-18.51	1781.76	0	-216.42	-86.05	11.66	242.56	-13.44	1914.38	0	-215.42	534.73	-0	-0	-0	903	0	-403	-0	-0	-0	-0	300	0	-203	-0	-0	-0	-0	300	0	200	-0
427	-36.33	179.38	-16.42	1788	0	-217.51	-239.8	11.66	242.56	-13.92	1909.73	0	-213.34	687.8	-0	-0	-0	903	0	-403	-0	-0	-0	-0	300	0	-203	-0	-0	-0	-0	300	0	200	-0
428	-35.05	178.45	-17.38	1781.05	0	-217.21	-156.73	11.18	248.5	-14.71	1913.65	0	-213.71	276.7	-0	-0	-0	903	0	-403	-0	-0	-0	-0	300	0	-203	-0	-0	-0	-0	300	0	200	-0
429	-35.85	166.87	-17.55	1783.76	0	-213.08	-320.37	11.82	251.94	-16.79	1915.69	0	-213.21	695.03	-0	-0	-0	903	0	-403	-0	-0	-0	-0	300	0	-203	-0	-0	-0	-0	300	0	200	-0
430	-34.24	161.55	-15.94	1781.37	0	-214.1	-135.4	10.86	256.33	-16.63	1915.88	0	-212.13	427.98	-0	-0	-0	903	0	-403	-0	0	0	0	300	0	-203	0	-0	-0	-0	300	0	200	-0
431	-33.28	156.23	-14.17	1773.79	0	-213.71	492.66	11.33	263.21	-17.11	1918.17	0	-214.26	395.37	-0	-0	-0	903	0	-403	-0	-0	-0	-0	300	0	-203	-0	-0	-0	-0	300	0	200	-0
432	-32.64	147.46	-14.02	1778.03	0	-214.81	-283.64	9.1	265.09	-17.91	1916.28	0	-213.47	645.68	-0	-0	-0	903	0	-403	-0	-0	-0	-0	300	0	-203	-0	-0	-0	-0	300	0	200	-0
433	-30.71	139.95	-12.4	1779.87	0	-214.36	416.69	10.69	268.22	-18.39	1916.02	0	-213.72	551.38	-0	-0	-0	903	0	-403	-0	-0	-0	-0	300	0	-203	-0	-0	-0	-0	300	0	200	-0
434	-31.99	128.05	-12.57	1787.22	0	-210.8	-108.55	10.53	273.54	-19.19	1920.43	0	-213.79	556.49	-0	-0	-0	903	0	-403	-0	0	0	0	300	0	-203	0	-0	-0	-0	300	0	200	-0
435	-30.39	126.49	-9.66	1772.96	0	-210.69	828.87	10.21	280.11	-19.83	1922.78	0	-212.98	542.19	-0	-0	-0	903	0	-403	-0	-0	-0	-0	300	0	-203	-0	-0	-0	-0	300	0	200	-0
436	-28.78	113.34	-9.68	1792.5	0	-212.28	110.8	10.37	282.62	-20.31	1920.03	0	-214.03	290.45	-0	-0	-0	903	0	-403	-0	-0	-0	-0	300	0	-203	-0	-0	-0	-0	300	0	200	-0
437	-29.26	106.77	-7.91	1777.62	0	-210.31	145.2	9.89	287.31	-22.07	1924.56	0	-211.93	676.83	0	0	0	903	0	-403	0	-0	-0	-0	300	0	-203	-0	-0	-0	-0	300	0	200	-0
438	-26.69	98.31	-6.78	1788.87	0	-213.84	321.92	8.13	292	-20.79	1922.74	0	-213.76	355.76	-0	-0	-0	903	0	-403	-0	0	0	0	300	0	-203	0	-0	-0	-0	300	0	200	-0
439	-27.17	92.68	-7.92	1789.59	0	-211.86	-308.76	9.41	296.38	-21.75	1924.01	0	-213.76	803.02	-0	-0	-0	903	0	-403	-0	0	0	0	300	0	-203	0	-0	-0	-0	300	0	200	-0
440	-24.6	86.42	-4.39	1781.1	0	-207.94	171.83	7.49	305.46	-21.11	1926.94	0	-212.72	632.7	-0	-0	-0	903	0	-403	-0	-0	-0	-0	300	0	-203	-0	-0	-0	-0	300	0	200	-0
441	-24.76	77.34	-4.86	1791.44	0	-208.35	262.23	7.65	308.9	-21.75	1926.77	0	-214.54	711.02	-0	-0	-0	903	0	-403	-0	0	0	0	300	0	-203	0	-0	-0	-0	300	0	200	-0
442	-23.48	72.64	-3.6	1787.44	0	-212.53	-743.15	7.49	311.72	-20.64	1926.18	0	-214.62	837.68	-0	-0	-0	903	0	-403	-0	-0	-0	-0	300	0	-203	-0	-0	-0	-0	300	0	200	-0
443	-21.71	72.02	-1.18	1764.94	0	-213.09	218.91	6.69	320.48	-23.35	1928.32	0	-214.48	686.63	-0	-0	-0	903	0	-403	-0	-0	-0	-0	300	0	-203	-0	-0	-0	-0	300	0	200	-0
444	-22.03	60.43	-1.67	1792.58	0	-207.36	174.02	7.01	326.74	-23.19	1930.68	0	-214.24	803.86	-0	-0	-0	903	0	-403	-0	0	0	0	300	0	-203	0	-0	-0	-0	300	0	200	-0
445	-21.87	54.8	0.42	1783.3	0	-210.11	-116.01	5.41	332.68	-25.27	1932.69	0	-214.68	1333	-0	-0	-0	903	0	-403	-0	-0	-0	-0	300	0	-203	-0	0	0	0	300	0	200	0
446	-20.26	53.86	1.4	1767.44	0	-208.67	897.31	3.02	342.7	-24	1934.59	0	-214.6	822.12	-0	-0	-0	903	0	-403	-0	-0	-0	-0	300	0	-203	-0	-0	-0	-0	300	0	200	-0
447	-18.17	47.29	1.05	1772.76	0	-202.67	21.99	2.86	345.2	-26.4	1937.64	0	-215.5	1353.77	-0	-0	-0	903	0	-403	-0	-0	-0	-0	300	0	-203	-0	-0	-0	-0	300	0	200	-0
448	-16.57	40.71	2.02	1776.21	0	-209.82	-100.6	1.74	349.58	-26.08	1934.98	0	-215.08	1180.84	-0	-0	-0	903	0	-403	-0	-0	-0	-0	300	0	-203	-0	-0	-0	-0	300	0	200	-0
449	-15.12	37.27	0.89	1767.72	0	-214.95	-225.38	1.58	357.41	-25.92	1938.59	0	-215.75	1186.75	-0	-0	-0	903	0	-403	-0	-0	-0	-0	300	0	-203	-0	-0	-0	-0	300	0	200	-0
450	-15.44	39.15	2.81	1716.25	0	-208.16	-641.38	-0.98	364.91	-25.92	1939.7	0	-215.28	1177.08	-0	-0	-0	903	0	-403	-0	-0	-0	-0	300	0	-203	-0	-0	-0	-0	300	0	200	-0
451	-14	29.44	2.48	1760.31	0	-201.5	-313.69	-0.5	368.98	-26.08	1939.09	0	-216.28	1328.56	-0	-0	-0	903	0	-403	-0	0	0	0	300	0	-203	0	-0	-0	-0	300	0	200	-0
452	-14.48	25.69	2.8	1723.36	0	-200.71	-524.58	0.29	377.43	-27.68	1942.49	0	-216.09	1626.16	-0	-0	-0	903	0	-403	-0	-0	-0	-0	300	0	-203	-0	-0	-0	-0	300	0	200	-0
453	-11.91	19.41	4.74	1793.47	0	-218.45	194.15	-1.62	382.44	-27.53	1942.14	0	-216.69	1615.28	-0	-0	-0	903	0	-403	-0	-0	-0	-0	300	0	-203	-0	-0	-0	-0	300	0	200	-0
454	-11.26	17.54	3.43	1783	0	-189.36	3.01	-1.94	388.7	-27.37	1943.5	0	-217.99	1691.81	-0	-0	-0	903	0	-403	-0	-0	-0	-0	300	0	-203	-0	-0	-0	-0	300	0	200	-0
455	-0	-0	-0	1506	0	-203	-0	-3.54	396.84	-28.49	1945.75	0	-217.63	1963.66	0	0	0	903	0	-403	0	-0	-0	-0	300	0	-203	-0	-0	-0	-0	300	0	200	-0
456	-0	-0	-0	1506	0	-203	-0	-4.18	404.35	-28.01	1946.23	0	-217.49	1895.38	-0	-0	-0	903	0	-403	-0	-0	-0	-0	300	0	-203	-0	-0	-0	-0	300	0	200	-0
457	-0	-0	-0	1506	0	-203	-0	-4.98	408.73	-29.14	1946.35	0	-218.2	2251.66	-0	-0	-0	903	0	-403	-0	-0	-0	-0	300	0	-203	-0	-0	-0	-0	300	0	200	-0
458	-0	-0	-0	1506	0	-203	-0	-6.9	418.74	-29.46	1948.22	0	-217.16	2098.75	0	0	0	903	0	-403	0	-0	-0	-0	300	0	-203	-0	0	0	0	300	0	200	0
459	-0	-0	-0	1506	0	-203	-0	-4.99	426.57	-30.26	1949.77	0	-219.55	2330.77	-0	-0	-0	903	0	-403	-0	-0	-0	-0	300	0	-203	-0	-0	-0	-0	300	0	200	-0
460	-0	-0	-0	1506	0	-203	-0	-7.54	435.01	-29.94	1951.29	0	-219.11	2413.11	-0	-0	-0	903	0	-403	-0	-0	-0	-0	300	0	-203	-0	0	0	0	300	0	200	0
461	-0	-0	-0	1506	0	-203	-0	-7.86	444.09	-28.19	1951.23	0	-220.02	2399.63	-0	-0	-0	903	0	-403	-0	-0	-0	-0	300	0	-203	-0	-0	-0	-0	300	0	200	-0
462	-0	-0	-0	1506	0	-203	-0	-7.22	449.72	-28.51	1954.39	0	-220.52	2893.02	-0	-0	-0	903	0	-403	-0	-0	-0	-0	300	0	-203	-0	-0	-0	-0	300	0	200	-0
463	-0	-0	-0	1506	0	-203	-0	-7.38	458.17	-26.92	1954.08	0	-220.6	2900.02	-0	-0	-0	903	0	-403	-0	-0	-0	-0	300	0	-203	-0	-0	-0	-0	300	0	200	-0
464	-0	-0	-0	1506	0	-203	-0	-6.11	465.06	-25.32	1954.35	0	-222.11	2812.22	-0	-0	-0	903	0	-403	-0	-0	-0	-0	300	0	-203	-0	-0	-0	-0	300	0	200	-0
465	-0	-0	-0	1506	0	-203	-0	-5.15	474.45	-24.85	1955.4	0	-222.01	3275.26	0	0	0	903	0	-403	0	0	0	0	300	0	-203	0	-0	-0	-0	300	0	200	-0
466	-0	-0	-0	1506	0	-203	-0	-3.87	482.27	-23.26	1956.07	0	-223.02	3226.29	-0	-0	-0	903	0	-403	-0	-0	-0	-0	300	0	-203	-0	-0	-0	-0	300	0	200	-0
467	-0	-0	-0	1506	0	-203	-0	-0.03	491.35	-23.9	1957.36	0	-223.09	3754.91	-0	-0	-0	903	0	-403	-0	-0	-0	-0	300	0	-203	-0	-0	-0	-0	300	0	200	-0
468	-0	-0	-0	1506	0	-203	-0	0.61	499.48	-22.14	1957.38	0	-223.5	3609.14	-0	-0	-0	903	0	-403	-0	-0	-0	-0	300	0	-203	-0	0	0	0	300	0	200	0
469	-0	-0	-0	1506	0	-203	-0	4.12	503.24	-21.03	1957.11	0	-225.33	4005.23	-0	-0	-0	903	0	-403	-0	0	0	0	300	0	-203	0	-0	-0	-0	300	0	200	-0
470	-0	-0	-0	1506	0	-203	-0	5.72	514.19	-20.4	1958.91	0	-224.73	4390.18	-0	-0	-0	903	0	-403	-0	0	0	0	300	0	-203	0	-0	-0	-0	300	0	200	-0
471	-0	-0	-0	1506	0	-203	-0	8.76	518.58	-19.12	1959.01	0	-226.16	4242.58	-0	-0	-0	903	0	-403	-0	-0	-0	-0	300	0	-203	-0	-0	-0	-0	300	0	200	-0
472	-0	-0	-0	1506	0	-203	-0	11.32	524.21	-17.69	1957.99	0	-226.07	4608.61	-0	-0	-0	903	0	-403	-0	-0	-0	-0	300	0	-203	-0	-0	-0	-0	300	0	200	-0
473	-0	-0	-0	1506	0	-203	-0	14.03	528.59	-18.33	1958.78	0	-225.94	4553.99	-0	-0	-0	903	0	-403	-0	-0	-0	-0	300	0	-203	-0	-0	-0	-0	300	0	200	-0
474	-0	-0	-0	1506	0	-203	-0	17.07	536.73	-17.85	1960.4	0	-227.5	5049.03	0	0	0	903	0	-403	0	-0	-0	-0	300	0	-203	-0	-0	-0	-0	300	0	200	-0
475	-0	-0	-0	1506	0	-203	-0	18.03	541.11	-17.05	1960.06	0	-227.1	4907.08	-0	-0	-0	903	0	-403	-0	0	0	0	300	0	-203	0	-0	-0	-0	300	0	200	-0
476	-0	-0	-0	1506	0	-203	-0	21.38	547.69	-15.46	1960.66	0	-228.25	4707.46	-0	-0	-0	903	0	-403	-0	-0	-0	-0	300	0	-203	-0	-0	-0	-0	300	0	200	-0
477	-0	-0	-0	1506	0	-203	-0	23.3	549.56	-17.22	1961.11	0	-228.86	5542.96	-0	-0	-0	903	0	-403	-0	-0	-0	-0	300	0	-203	-0	-0	-0	-0	300	0	200	-0
478	-0	-0	-0	1506	0	-203	-0	25.86	558.64	-16.42	1961.15	0	-228.57	5194.66	-0	-0	-0	903	0	-403	-0	-0	-0	-0	300	0	-203	-0	0	0	0	300	0	200	0
479	-0	-0	-0	1506	0	-203	-0	28.74	565.84	-15.94	1961.84	0	-229.34	5240.55	-0	-0	-0	903	0	-403	-0	-0	-0	-0	300	0	-203	-0	-0	-0	-0	300	0	200	-0
480	-0	-0	-0	1506	0	-203	-0	31.13	573.97	-16.1	1962.6	0	-228.72	5603.32	0	0	0	903	0	-403	0	0	0	0	300	0	-203	0	-0	-0	-0	300	0	200	-0
481	-0	-0	-0	1506	0	-203	-0	32.73	578.98	-15.46	1963.13	0	-229.22	5008.41	-0	-0	-0	903	0	-403	-0	-0	-0	-0	300	0	-203	-0	-0	-0	-0	300	0	200	-0
482	-0	-0	-0	1506	0	-203	-0	35.45	584.61	-18.18	1964.33	0	-229.19	5762.26	-0	-0	-0	903	0	-403	-0	-0	-0	-0	300	0	-203	-0	-0	-0	-0	300	0	200	-0
483	-0	-0	-0	1506	0	-203	-0	37.21	585.55	-17.86	1962.46	0	-229.44	5426.97	-0	-0	-0	903	0	-403	-0	-0	-0	-0	300	0	-203	-0	-0	-0	-0	300	0	200	-0
484	-0	-0	-0	1506	0	-203	-0	40.72	592.44	-18.34	1963.82	0	-230.32	5633.68	-0	-0	-0	903	0	-403	-0	-0	-0	-0	300	0	-203	-0	-0	-0	-0	300	0	200	-0
485	-0	-0	-0	1506	0	-203	-0	42.16	593.69	-19.94	1963.39	0	-229.88	5748.66	0	0	0	903	0	-403	0	-0	-0	-0	300	0	-203	-0	-0	-0	-0	300	0	200	-0
486	-0	-0	-0	1506	0	-203	-0	44.08	599.64	-19.3	1964.26	0	-229.88	5331.76	-0	-0	-0	903	0	-403	-0	-0	-0	-0	300	0	-203	-0	-0	-0	-0	300	0	200	-0
487	-0	-0	-0	1506	0	-203	-0	47.44	604.33	-20.42	1965.55	0	-229.94	5446.32	-0	-0	-0	903	0	-403	-0	-0	-0	-0	300	0	-203	-0	-0	-0	-0	300	0	200	-0
488	-0	-0	-0	1506	0	-203	-0	48.07	605.58	-21.69	1965.07	0	-230.11	5205.38	-0	-0	-0	903	0	-403	-0	-0	-0	-0	300	0	-203	-0	-0	-0	-0	300	0	200	-0
489	-0	-0	-0	1506	0	-203	-0	51.59	607.15	-22.49	1965.61	0	-230.54	5125.15	-0	-0	-0	903	0	-403	-0	-0	-0	-0	300	0	-203	-0	-0	-0	-0	300	0	200	-0
490	-0	-0	-0	1506	0	-203	-0	52.87	609.34	-21.85	1966.95	0	-230.08	5117.63	0	0	0	903	0	-403	0	0	0	0	300	0	-203	0	-0	-0	-0	300	0	200	-0
491	-0	-0	-0	1506	0	-203	-0	55.43	607.15	-20.89	1966.12	0	-230.78	4466.36	0	0	0	903	0	-403	0	-0	-0	-0	300	0	-203	-0	-0	-0	-0	300	0	200	-0
492	-0	-0	-0	1506	0	-203	-0	57.98	605.27	-22.49	1965.68	0	-231.62	5042.83	-0	-0	-0	903	0	-403	-0	0	0	0	300	0	-203	0	-0	-0	-0	300	0	200	-0
493	-0	-0	-0	1506	0	-203	-0	60.22	607.15	-23.93	1967.12	0	-230.9	4947.97	-0	-0	-0	903	0	-403	-0	-0	-0	-0	300	0	-203	-0	-0	-0	-0	300	0	200	-0
494	-0	-0	-0	1506	0	-203	-0	62.3	606.84	-23.44	1967.73	0	-231.31	4411.45	-0	-0	-0	903	0	-403	-0	-0	-0	-0	300	0	-203	-0	-0	-0	-0	300	0	200	-0
495	-0	-0	-0	1506	0	-203	-0	64.86	604.33	-23.29	1968.38	0	-231.04	4627.35	-0	-0	-0	903	0	-403	-0	0	0	0	300	0	-203	0	-0	-0	-0	300	0	200	-0
496	-0	-0	-0	1506	0	-203	-0	67.1	601.83	-25.2	1968.6	0	-231.44	4430.98	-0	-0	-0	903	0	-403	-0	-0	-0	-0	300	0	-203	-0	-0	-0	-0	300	0	200	-0
497	-0	-0	-0	1506	0	-203	-0	69.01	595.26	-25.04	1968.78	0	-232.18	4362.37	-0	-0	-0	903	0	-403	-0	-0	-0	-0	300	0	-203	-0	-0	-0	-0	300	0	200	-0
498	-0	-0	-0	1506	0	-203	-0	71.25	593.06	-25.19	1969.18	0	-231.1	4023.9	-0	-0	-0	903	0	-403	-0	-0	-0	-0	300	0	-203	-0	-0	-0	-0	300	0	200	-0
499	-0	-0	-0	1506	0	-203	-0	74.93	586.81	-24.87	1969.27	0	-232.01	3630.13	-0	-0	-0	903	0	-403	-0	-0	-0	-0	300	0	-203	-0	-0	-0	-0	300	0	200	-0
500	-0	-0	-0	1506	0	-203	-0	76.53	584.61	-25.51	1970.49	0	-231.34	3504.36	-0	-0	-0	903	0	-403	-0	0	0	0	300	0	-203	0	-0	-0	-0	300	0	200	-0
501	-0	-0	-0	1506	0	-203	-0	79.24	578.04	-25.66	1969.9	0	-231.34	3120.13	-0	-0	-0	903	0	-403	-0	-0	-0	-0	300	0	-203	-0	-0	-0	-0	300	0	200	-0
502	-0	-0	-0	1506	0	-203	-0	82.28	570.21	-25.5	1971.21	0	-231.26	3079.53	-0	-0	-0	903	0	-403	-0	-0	-0	-0	300	0	-203	-0	-0	-0	-0	300	0	200	-0
503	-0	-0	-0	1506	0	-203	-0	83.72	563.02	-26.3	1970.79	0	-231.49	2940.73	-0	-0	-0	903	0	-403	-0	-0	-0	-0	300	0	-203	-0	-0	-0	-0	300	0	200	-0
504	-0	-0	-0	1506	0	-203	-0	86.92	552.69	-26.77	1970.64	0	-232.26	2459.19	-0	-0	-0	903	0	-403	-0	-0	-0	-0	300	0	-203	-0	-0	-0	-0	300	0	200	-0
505	-0	-0	-0	1506	0	-203	-0	89.32	545.8	-25.97	1972.09	0	-231.74	2359.58	-0	-0	-0	903	0	-403	-0	0	0	0	300	0	-203	0	-0	-0	-0	300	0	200	-0
506	-0	-0	-0	1506	0	-203	-0	92.03	536.42	-26.93	1971.34	0	-232.18	2176.48	-0	-0	-0	903	0	-403	-0	-0	-0	-0	300	0	-203	-0	-0	-0	-0	300	0	200	-0
507	-0	-0	-0	1506	0	-203	-0	95.71	522.34	-27.57	1969.28	0	-232.52	3261.39	-0	-0	-0	903	0	-403	-0	-0	-0	-0	300	0	-203	-0	-0	-0	-0	300	0	200	-0
508	-0	-0	-0	1506	0	-203	-0	99.39	512.63	-32.54	1970.03	0	-232.6	5686.23	-0	-0	-0	903	0	-403	-0	-0	-0	-0	300	0	-203	-0	-0	-0	-0	300	0	200	-0
509	-0	-0	-0	1506	0	-203	-0	104.35	502	-38.15	1968.81	0	-234.51	9086.89	-0	-0	-0	903	0	-403	-0	-0	-0	-0	300	0	-203	-0	-0	-0	-0	300	0	200	-0
510	-0	-0	-0	1506	0	-203	-0	102.91	490.1	-39.11	1970.38	0	-233.68	9497.07	-0	-0	-0	903	0	-403	-0	-0	-0	-0	300	0	-203	-0	-0	-0	-0	300	0	200	-0
511	-0	-0	-0	1506	0	-203	-0	100.51	476.02	-37.5	1970.64	0	-234.34	7983.8	-0	-0	-0	903	0	-403	-0	-0	-0	-0	300	0	-203	-0	-0	-0	-0	300	0	200	-0
512	-0	-0	-0	1506	0	-203	-0	100.19	460.69	-35.26	1970.22	0	-235.23	7216.64	-0	-0	-0	903	0	-403	-0	-0	-0	-0	300	0	-203	-0	-0	-0	-0	300	0	200	-0
513	-0	-0	-0	1506	0	-203	-0	96.83	436.59	-31.25	1968.64	0	-234.94	5086.84	-0	-0	-0	903	0	-403	-0	-0	-0	-0	300	0	-203	-0	-0	-0	-0	300	0	200	-0
514	-0	-0	-0	1506	0	-203	-0	92.68	420.01	-26.91	1969.04	0	-236.33	2703.53	-0	-0	-0	903	0	-403	-0	0	0	0	300	0	-203	0	-0	-0	-0	300	0	200	-0
515	-0	-0	-0	1506	0	-203	-0	86.12	403.1	-24.66	1970.77	0	-236.15	658.83	0	0	0	903	0	-403	0	-0	-0	-0	300	0	-203	-0	0	0	0	300	0	200	0
516	-0	-0	-0	1506	0	-203	-0	81.17	384.01	-18.74	1969.97	0	-236.18	-1384.16	-0	-0	-0	903	0	-403	-0	0	0	0	300	0	-203	0	-0	-0	-0	300	0	200	-0
517	-0	-0	-0	1506	0	-203	-0	81.33	358.98	-20.81	1971.45	0	-237.09	-854.06	-0	-0	-0	903	0	-403	-0	-0	-0	-0	300	0	-203	-0	-0	-0	-0	300	0	200	-0
518	-0	-0	-0	1506	0	-203	-0	83.73	337.07	-21.3	1967.69	0	-237.15	671.23	-0	-0	-0	903	0	-403	-0	-0	-0	-0	300	0	-203	-0	-0	-0	-0	300	0	200	-0
519	-0	-0	-0	1506	0	-203	-0	87.57	310.47	-21.46	1967.27	0	-238.76	2454.08	-0	-0	-0	903	0	-403	-0	0	0	0	300	0	-203	0	-0	-0	-0	300	0	200	-0
520	-0	-0	-0	1506	0	-203	-0	88.37	290.12	-19.71	1970.62	0	-238	3686.29	-0	-0	-0	903	0	-403	-0	0	0	0	300	0	-203	0	-0	-0	-0	300	0	200	-0
521	-0	-0	-0	1506	0	-203	-0	89.17	258.52	-21.15	1965.73	0	-240.94	4368.88	-0	-0	-0	903	0	-403	-0	0	0	0	300	0	-203	0	-0	-0	-0	300	0	200	-0
522	-0	-0	-0	1506	0	-203	-0	85.5	229.1	-17.15	1965.14	0	-240.38	4294.76	-0	-0	-0	903	0	-403	-0	-0	-0	-0	300	0	-203	-0	-0	-0	-0	300	0	200	-0
523	-0	-0	-0	1506	0	-203	-0	75.75	199.68	-16.34	1964.8	0	-241.18	3738.48	-0	-0	-0	903	0	-403	-0	0	0	0	300	0	-203	0	-0	-0	-0	300	0	200	-0
524	-0	-0	-0	1506	0	-203	-0	65.2	170.58	-11.7	1959.63	0	-246.16	3247.48	-0	-0	-0	903	0	-403	-0	0	0	0	300	0	-203	0	-0	-0	-0	300	0	200	-0
525	-0	-0	-0	1506	0	-203	-0	52.1	143.35	-9.94	1967.48	0	-247.75	2901.25	-0	-0	-0	903	0	-403	-0	-0	-0	-0	300	0	-203	-0	0	0	0	300	0	200	0
526	-0	-0	-0	1506	0	-203	-0	38.36	119.57	-6.1	1965.23	0	-247.56	1925.32	-0	-0	-0	903	0	-403	-0	0	0	0	300	0	-203	0	-0	-0	-0	300	0	200	-0
527	-0	-0	-0	1506	0	-203	-0	29.73	92.02	-7.05	1968.05	0	-255.68	2552.25	-0	-0	-0	903	0	-403	-0	-0	-0	-0	300	0	-203	-0	-0	-0	-0	300	0	200	-0
528	-0	-0	-0	1506	0	-203	-0	21.89	68.24	-6.25	1970.28	0	-258.06	2434.98	-0	-0	-0	903	0	-403	-0	-0	-0	-0	300	0	-203	-0	-0	-0	-0	300	0	200	-0
529	-0	-0	-0	1506	0	-203	-0	14.86	46.64	-7.37	1956.56	0	-275.82	2343.38	-0	-0	-0	903	0	-403	-0	-0	-0	-0	300	0	-203	-0	-0	-0	-0	300	0	200	-0
530	-0	-0	-0	1506	0	-203	-0	8.31	36.63	-7.69	1971.25	0	-281.79	2292.68	-0	-0	-0	903	0	-403	-0	-0	-0	-0	300	0	-203	-0	-0	-0	-0	300	0	200	-0
531	-0	-0	-0	1506	0	-203	-0	5.91	25.67	-8	1954.32	0	-291.1	2011.43	-0	-0	-0	903	0	-403	-0	-0	-0	-0	300	0	-203	-0	-0	-0	-0	300	0	200	-0
532	-0	-0	-0	1506	0	-203	-0	-0	17.85	-5.28	1979.35	0	-332.92	372.82	-0	-0	-0	903	0	-403	-0	0	0	0	300	0	-203	0	-0	-0	-0	300	0	200	-0
533	-0	-0	-0	1506	0	-203	-0	-4.8	15.66	-4.79	1950.47	0	-337.64	-574.91	-0	-0	-0	903	0	-403	-0	0	0	0	300	0	-203	0	-0	-0	-0	300	0	200	-0
534	-0	-0	-0	1506	0	-203	-0	-0	-0	-0	2109	0	-203	-0	-0	-0	-0	903	0	-403	-0	-0	-0	-0	300	0	-203	-0	-0	-0	-0	300	0	200	-0
535	-0	-0	-0	1506	0	-203	-0	-0	-0	-0	2109	0	-203	-0	-0	-0	-0	903	0	-403	-0	-0	-0	-0	300	0	-203	-0	-0	-0	-0	300	0	200	-0
536	-0	-0	-0	1506	0	-203	-0	-0	-0	-0	2109	0	-203	-0	-0	-0	-0	903	0	-403	-0	0	0	0	300	0	-203	0	-0	-0	-0	300	0	200	-0
537	-0	-0	-0	1506	0	-203	-0	-0	-0	-0	2109	0	-203	-0	-0	-0	-0	903	0	-403	-0	-0	-0	-0	300	0	-203	-0	-0	-0	-0	300	0	200	-0
538	-0	-0	-0	1506	0	-203	-0	-0	-0	-0	2109	0	-203	-0	0	0	0	903	0	-403	0	-0	-0	-0	300	0	-203	-0	0	0	0	300	0	200	0
539	-0	-0	-0	1506	0	-203	-0	-0	-0	-0	2109	0	-203	-0	-0	-0	-0	903	0	-403	-0	-0	-0	-0	300	0	-203	-0	-0	-0	-0	300	0	200	-0
540	-0	-0	-0	1506	0	-203	-0	-0	-0	-0	2109	0	-203	-0	-0	-0	-0	903	0	-403	-0	-0	-0	-0	300	0	-203	-0	-0	-0	-0	300	0	200	-0
541	-0	-0	-0	1506	0	-203	-0	-0	-0	-0	2109	0	-203	-0	0	0	0	903	0	-403	0	-0	-0	-0	300	0	-203	-0	-0	-0	-0	300	0	200	-0
542	-0	-0	-0	1506	0	-203	-0	-0	-0	-0	2109	0	-203	-0	-0	-0	-0	903	0	-403	-0	-0	-0	-0	300	0	-203	-0	-0	-0	-0	300	0	200	-0
543	-0	-0	-0	1506	0	-203	-0	-0	-0	-0	2109	0	-203	-0	-0	-0	-0	903	0	-403	-0	-0	-0	-0	300	0	-203	-0	-0	-0	-0	300	0	200	-0
544	-0	-0	-0	1506	0	-203	-0	-0	-0	-0	2109	0	-203	-0	-0	-0	-0	903	0	-403	-0	0	0	0	300	0	-203	0	-0	-0	-0	300	0	200	-0
545	-0	-0	-0	1506	0	-203	-0	-0	-0	-0	2109	0	-203	-0	-0	-0	-0	903	0	-403	-0	-0	-0	-0	300	0	-203	-0	-0	-0	-0	300	0	200	-0
546	-0	-0	-0	1506	0	-203	-0	-0	-0	-0	2109	0	-203	-0	-0	-0	-0	903	0	-403	-0	-0	-0	-0	300	0	-203	-0	-0	-0	-0	300	0	200	-0
547	-0	-0	-0	1506	0	-203	-0	-0	-0	-0	2109	0	-203	-0	-0	-0	-0	903	0	-403	-0	-0	-0	-0	300	0	-203	-0	-0	-0	-0	300	0	200	-0
548	-0	-0	-0	1506	0	-203	-0	-0	-0	-0	2109	0	-203	-0	0	0	0	903	0	-403	0	-0	-0	-0	300	0	-203	-0	-0	-0	-0	300	0	200	-0
549	-0	-0	-0	1506	0	-203	-0	-0	-0	-0	2109	0	-203	-0	-0	-0	-0	903	0	-403	-0	-0	-0	-0	300	0	-203	-0	-0	-0	-0	300	0	200	-0
550	-0	-0	-0	1506	0	-203	-0	-0	-0	-0	2109	0	-203	-0	-0	-0	-0	903	0	-403	-0	-0	-0	-0	300	0	-203	-0	-0	-0	-0	300	0	200	-0
551	-0	-0	-0	1506	0	-203	-0	-0	-0	-0	2109	0	-203	-0	-0	-0	-0	903	0	-403	-0	-0	-0	-0	300	0	-203	-0	-0	-0	-0	300	0	200	-0
552	-0	-0	-0	1506	0	-203	-0	-0	-0	-0	2109	0	-203	-0	0	0	0	903	0	-403	0	0	0	0	300	0	-203	0	-0	-0	-0	300	0	200	-0
553	-0	-0	-0	1506	0	-203	-0	-0	-0	-0	2109	0	-203	-0	0	0	0	903	0	-403	0	-0	-0	-0	300	0	-203	-0	-0	-0	-0	300	0	200	-0
554	-0	-0	-0	1506	0	-203	-0	-0	-0	-0	2109	0	-203	-0	-0	-0	-0	903	0	-403	-0	-0	-0	-0	300	0	-203	-0	-0	-0	-0	300	0	200	-0
555	-0	-0	-0	1506	0	-203	-0	-0	-0	-0	2109	0	-203	-0	-0	-0	-0	903	0	-403	-0	-0	-0	-0	300	0	-203	-0	-0	-0	-0	300	0	200	-0
556	-0	-0	-0	1506	0	-203	-0	-0	-0	-0	2109	0	-203	-0	-0	-0	-0	903	0	-403	-0	-0	-0	-0	300	0	-203	-0	0	0	0	300	0	200	0
557	-0	-0	-0	1506	0	-203	-0	-0	-0	-0	2109	0	-203	-0	-0	-0	-0	903	0	-403	-0	-0	-0	-0	300	0	-203	-0	-0	-0	-0	300	0	200	-0
558	-0	-0	-0	1506	0	-203	-0	-0	-0	-0	2109	0	-203	-0	-0	-0	-0	903	0	-403	-0	-0	-0	-0	300	0	-203	-0	-0	-0	-0	300	0	200	-0
559	-0	-0	-0	1506	0	-203	-0	-0	-0	-0	2109	0	-203	-0	-0	-0	-0	903	0	-403	-0	-0	-0	-0	300	0	-203	-0	-0	-0	-0	300	0	200	-0
560	-0	-0	-0	1506	0	-203	-0	-0	-0	-0	2109	0	-203	-0	-0	-0	-0	903	0	-403	-0	0	0	0	300	0	-203	0	-0	-0	-0	300	0	200	-0
561	-0	-0	-0	1506	0	-203	-0	-0	-0	-0	2109	0	-203	-0	-0	-0	-0	903	0	-403	-0	-0	-0	-0	300	0	-203	-0	-0	-0	-0	300	0	200	-0
562	-0	-0	-0	1506	0	-203	-0	-0	-0	-0	2109	0	-203	-0	-0	-0	-0	903	0	-403	-0	-0	-0	-0	300	0	-203	-0	-0	-0	-0	300	0	200	-0
563	-0	-0	-0	1506	0	-203	-0	-0	-0	-0	2109	0	-203	-0	0	0	0	903	0	-403	0	-0	-0	-0	300	0	-203	-0	-0	-0	-0	300	0	200	-0
564	-0	-0	-0	1506	0	-203	-0	-0	-0	-0	2109	0	-203	-0	-0	-0	-0	903	0	-403	-0	0	0	0	300	0	-203	0	-0	-0	-0	300	0	200	-0
565	-0	-0	-0	1506	0	-203	-0	-0	-0	-0	2109	0	-203	-0	-0	-0	-0	903	0	-403	-0	-0	-0	-0	300	0	-203	-0	-0	-0	-0	300	0	200	-0
566	-0	-0	-0	1506	0	-203	-0	-0	-0	-0	2109	0	-203	-0	-0	-0	-0	903	0	-403	-0	-0	-0	-0	300	0	-203	-0	-0	-0	-0	300	0	200	-0
567	-0	-0	-0	1506	0	-203	-0	-0	-0	-0	2109	0	-203	-0	-0	-0	-0	903	0	-403	-0	-0	-0	-0	300	0	-203	-0	-0	-0	-0	300	0	200	-0
568	-0	-0	-0	1506	0	-203	-0	-0	-0	-0	2109	0	-203	-0	-0	-0	-0	903	0	-403	-0	-0	-0	-0	300	0	-203	-0	-0	-0	-0	300	0	200	-0
569	-0	-0	-0	1506	0	-203	-0	-0	-0	-0	2109	0	-203	-0	0	0	0	903	0	-403	0	0	0	0	300	0	-203	0	-0	-0	-0	300	0	200	-0
570	-0	-0	-0	1506	0	-203	-0	-0	-0	-0	2109	0	-203	-0	0	0	0	903	0	-403	0	-0	-0	-0	300	0	-203	-0	-0	-0	-0	300	0	200	-0
571	-0	-0	-0	1506	0	-203	-0	-0	-0	-0	2109	0	-203	-0	-0	-0	-0	903	0	-403	-0	-0	-0	-0	300	0	-203	-0	-0	-0	-0	300	0	200	-0
572	-0	-0	-0	1506	0	-203	-0	-0	-0	-0	2109	0	-203	-0	-0	-0	-0	903	0	-403	-0	0	0	0	300	0	-203	0	-0	-0	-0	300	0	200	-0
573	-0	-0	-0	1506	0	-203	-0	-0	-0	-0	2109	0	-203	-0	-0	-0	-0	903	0	-403	-0	-0	-0	-0	300	0	-203	-0	-0	-0	-0	300	0	200	-0
574	-0	-0	-0	1506	0	-203	-0	-0	-0	-0	2109	0	-203	-0	-0	-0	-0	903	0	-403	-0	-0	-0	-0	300	0	-203	-0	-0	-0	-0	300	0	200	-0
575	-0	-0	-0	1506	0	-203	-0	-0	-0	-0	2109	0	-203	-0	-0	-0	-0	903	0	-403	-0	-0	-0	-0	300	0	-203	-0	-0	-0	-0	300	0	200	-0
576	-0	-0	-0	1506	0	-203	-0	-0	-0	-0	2109	0	-203	-0	-0	-0	-0	903	0	-403	-0	-0	-0	-0	300	0	-203	-0	-0	-0	-0	300	0	200	-0
577	-0	-0	-0	1506	0	-203	-0	-0	-0	-0	2109	0	-203	-0	-0	-0	-0	903	0	-403	-0	-0	-0	-0	300	0	-203	-0	-0	-0	-0	300	0	200	-0
578	-0	-0	-0	1506	0	-203	-0	-0	-0	-0	2109	0	-203	-0	-0	-0	-0	903	0	-403	-0	-0	-0	-0	300	0	-203	-0	-0	-0	-0	300	0	200	-0
579	-0	-0	-0	1506	0	-203	-0	-0	-0	-0	2109	0	-203	-0	-0	-0	-0	903	0	-403	-0	-0	-0	-0	300	0	-203	-0	-0	-0	-0	300	0	200	-0
580	-0	-0	-0	1506	0	-203	-0	-0	-0	-0	2109	0	-203	-0	-0	-0	-0	903	0	-403	-0	0	0	0	300	0	-203	0	-0	-0	-0	300	0	200	-0
581	-0	-0	-0	1506	0	-203	-0	-0	-0	-0	2109	0	-203	-0	-0	-0	-0	903	0	-403	-0	0	0	0	300	0	-203	0	-0	-0	-0	300	0	200	-0
582	-0	-0	-0	1506	0	-203	-0	-0	-0	-0	2109	0	-203	-0	0	0	0	903	0	-403	0	-0	-0	-0	300	0	-203	-0	-0	-0	-0	300	0	200	-0
583	-0	-0	-0	1506	0	-203	-0	-0	-0	-0	2109	0	-203	-0	-0	-0	-0	903	0	-403	-0	-0	-0	-0	300	0	-203	-0	-0	-0	-0	300	0	200	-0
584	-0	-0	-0	1506	0	-203	-0	-0	-0	-0	2109	0	-203	-0	-0	-0	-0	903	0	-403	-0	-0	-0	-0	300	0	-203	-0	-0	-0	-0	300	0	200	-0
585	-0	-0	-0	1506	0	-203	-0	-0	-0	-0	2109	0	-203	-0	-0	-0	-0	903	0	-403	-0	0	0	0	300	0	-203	0	-0	-0	-0	300	0	200	-0
586	-0	-0	-0	1506	0	-203	-0	-0	-0	-0	2109	0	-203	-0	-0	-0	-0	903	0	-403	-0	-0	-0	-0	300	0	-203	-0	-0	-0	-0	300	0	200	-0
587	-0	-0	-0	1506	0	-203	-0	-0	-0	-0	2109	0	-203	-0	-0	-0	-0	903	0	-403	-0	-0	-0	-0	300	0	-203	-0	-0	-0	-0	300	0	200	-0
588	-0	-0	-0	1506	0	-203	-0	-0	-0	-0	2109	0	-203	-0	-0	-0	-0	903	0	-403	-0	-0	-0	-0	300	0	-203	-0	-0	-0	-0	300	0	200	-0
589	-0	-0	-0	1506	0	-203	-0	-0	-0	-0	2109	0	-203	-0	-0	-0	-0	903	0	-403	-0	-0	-0	-0	300	0	-203	-0	0	0	0	300	0	200	0
590	-0	-0	-0	1506	0	-203	-0	-0	-0	-0	2109	0	-203	-0	-0	-0	-0	903	0	-403	-0	-0	-0	-0	300	0	-203	-0	-0	-0	-0	300	0	200	-0
