Time	RPelvisAngleX	RPelvisAngleY	RPelvisAngleZ	LPelvisAngleX	LPelvisAngleY	LPelvisAngleZ	RHipAngleX	RHipAngleY	RHipAngleZ	LHipAngleX	LHipAngleY	LHipAngleZ	RKneeAngleX	RKneeAngleY	RKneeAngleZ	LKneeAngleX	LKneeAngleY	LKneeAngleZ	RAnkleAngleX	RAnkleAngleY	RAnkleAngleZ	LAnkleAngleX	LAnkleAngleY	LAnkleAngleZ	RFootAngleX	RFootAngleY	RFootAngleZ	LFootAngleX	LFootAngleY	LFootAngleZ
0	-2.46031	6.44443	8.87978	0.48823	6.50177	7.74546	-1.67737	-4.92394	27.0656	-1.52194	-6.55717	27.127	0.2665	-25.8241	-3.82997	2.43625	-16.4268	-3.8656	2.53855	14.8735	-0.221933	0.161587	18.5189	-3.92029	6.07901	11.5804	22.9998	4.7211	-1.704	19.6358
1	-2.49098	6.68202	8.88914	0.500239	6.81911	7.76166	-1.76478	-4.72454	27.0032	-1.57401	-6.48265	26.8678	0.55385	-26.2742	-2.76112	2.60314	-17.5885	-3.39893	2.5161	15.181	-0.203943	0.160621	18.5343	-3.92066	6.40776	11.2668	21.8668	5.01295	-0.953837	18.891
2	-2.47246	6.85169	8.85886	0.540269	7.02135	7.78368	-1.79591	-4.45695	26.8804	-1.57502	-6.24766	26.643	0.88923	-26.611	-1.49577	2.86219	-18.4745	-2.56597	2.32612	15.7137	-0.713477	-0.0186629	18.5265	-4.46049	6.82594	10.5182	19.9482	5.34034	-0.593039	17.2165
3	-2.37625	6.92717	8.7716	0.625767	7.09797	7.79794	-1.71325	-4.10284	26.6586	-1.5012	-5.8749	26.4211	1.18906	-26.804	-0.268427	3.1645	-19.0511	-1.59886	1.91142	16.314	-1.86529	-0.295373	18.509	-5.70482	7.25027	9.43671	17.3191	5.7734	-0.664516	14.6917
4	-2.17962	6.88254	8.61406	0.773657	7.04023	7.78768	-1.48162	-3.64275	26.3241	-1.33645	-5.3956	26.1878	1.39752	-26.7508	0.795143	3.46396	-19.2818	-0.626893	1.28969	16.6947	-3.47181	-0.564194	18.3982	-7.47252	7.53295	8.20779	14.2753	6.27973	-1.07804	11.6525
5	-1.88103	6.70992	8.38294	0.99995	6.84365	7.73145	-1.11784	-3.10017	25.9061	-1.07608	-4.87409	25.9563	1.54496	-26.257	1.80152	3.764	-19.0492	0.424856	0.627483	16.5082	-5.0632	-0.768289	18.0033	-9.21885	7.58978	7.06928	11.2421	6.69858	-1.63574	8.59507
6	-1.50777	6.43261	8.09279	1.31354	6.51566	7.60928	-0.687433	-2.58083	25.479	-0.725907	-4.42577	25.7641	1.72855	-25.1719	3.01208	4.12161	-18.2187	1.77351	0.111733	15.5739	-6.17998	-0.948207	17.1536	-10.3486	7.44636	6.22082	8.53043	6.84331	-2.11179	5.9278
7	-1.10113	6.09587	7.77277	1.70759	6.08263	7.41542	-0.260163	-2.25203	25.1155	-0.299086	-4.18395	25.6421	2.01182	-23.5127	4.5743	4.57403	-16.7843	3.55772	-0.249557	14.0426	-6.60806	-1.18989	15.8803	-10.5507	7.13177	5.71402	6.26723	6.64444	-2.37982	3.8586
8	-0.69466	5.74779	7.45429	2.15848	5.58829	7.16494	0.133227	-2.25254	24.8185	0.187211	-4.22271	25.569	2.36398	-21.4986	6.35408	5.08084	-14.9445	5.66603	-0.63433	12.3404	-6.41813	-1.57986	14.4526	-9.8969	6.61924	5.44775	4.4693	6.15202	-2.47143	2.41864
9	-0.30655	5.42378	7.15489	2.63647	5.08486	6.88813	0.502257	-2.61784	24.5008	0.715824	-4.51603	25.4565	2.69916	-19.4947	8.04432	5.55493	-13.0502	7.78275	-1.22867	10.9627	-5.8401	-2.17648	13.2345	-8.7157	5.88325	5.27435	3.0951	5.45498	-2.50292	1.50132
10	0.0536533	5.14029	6.87204	3.11896	4.62002	6.61513	0.86707	-3.27057	24.0384	1.27289	-4.95813	25.1867	2.95686	-17.8316	9.39546	5.93978	-11.4541	9.5848	-2.05879	10.2202	-5.06426	-2.95812	12.4841	-7.34485	4.97642	5.10236	2.08406	4.6508	-2.55976	0.945957
11	0.381203	4.89779	6.59391	3.59157	4.22525	6.3628	1.24061	-4.05979	23.3424	1.84601	-5.41132	24.6691	3.12952	-16.6314	10.3153	6.23851	-10.3555	10.8846	-2.98144	10.0898	-4.17673	-3.81309	12.2353	-5.98736	4.0329	4.9223	1.37537	3.84943	-2.65425	0.616224
12	0.68292	4.69263	6.3175	4.04119	3.91249	6.13431	1.63141	-4.82681	22.3914	2.42039	-5.75988	23.8737	3.23692	-15.8245	10.8141	6.47935	-9.7397	11.6452	-3.81115	10.3139	-3.23339	-4.6124	12.3295	-4.73133	3.19075	4.76605	0.903303	3.13691	-2.7632	0.418019
13	0.976863	4.5271	6.05656	4.45309	3.67995	5.92937	2.04425	-5.46707	21.2259	2.97812	-5.95023	22.8328	3.30479	-15.3041	10.9395	6.67867	-9.46097	11.9319	-4.43437	10.6485	-2.29845	-5.2756	12.5592	-3.60715	2.52888	4.65841	0.601793	2.54992	-2.86706	0.292174
14	1.27755	4.40707	5.83697	4.81344	3.52179	5.75435	2.47405	-5.95988	19.9276	3.49985	-6.01297	21.6258	3.35383	-15.0347	10.7629	6.83167	-9.36996	11.8619	-4.82566	11.0178	-1.41854	-5.77917	12.8035	-2.61383	2.06558	4.60484	0.416213	2.08957	-2.95517	0.20557
15	1.58365	4.33242	5.68781	5.11055	3.43304	5.62423	2.906	-6.35166	18.5948	3.96576	-6.05495	20.3543	3.39005	-15.0252	10.3689	6.92059	-9.36861	11.563	-5.01163	11.476	-0.61325	-6.13556	13.0668	-1.73485	1.78069	4.59998	0.306273	1.74043	-3.02372	0.140987
16	1.87846	4.29176	5.6315	5.33427	3.40626	5.55794	3.32129	-6.72015	17.3148	4.35802	-6.20045	19.1128	3.40378	-15.2267	9.83918	6.92999	-9.40257	11.1417	-5.041	12.072	0.111127	-6.37106	13.42	-0.95078	1.63176	4.63053	0.241953	1.47993	-3.07578	0.0893714
17	2.13543	4.26653	5.67486	5.47758	3.42617	5.57147	3.69911	-7.14892	16.1424	4.66717	-6.51611	17.9639	3.37695	-15.4846	9.24374	6.85817	-9.44164	10.6649	-4.96756	12.7694	0.754023	-6.51192	13.9119	-0.245641	1.56708	4.67806	0.200327	1.28361	-3.11789	0.0453986
18	2.32527	4.23506	5.8084	5.53982	3.46913	5.6726	4.01933	-7.68798	15.0941	4.89701	-6.9854	16.9298	3.295	-15.6105	8.63511	6.71696	-9.46052	10.1617	-4.83856	13.4686	1.32267	-6.58048	14.5226	0.392106	1.53849	4.725	0.164527	1.12889	-3.15608	0.00492714
19	2.42609	4.17656	6.01048	5.52687	3.50631	5.85606	4.26953	-8.30574	14.1487	5.06267	-7.53715	15.9971	3.15917	-15.4913	8.03804	6.52508	-9.42507	9.63827	-4.68994	14.0587	1.83185	-6.59671	15.1741	0.971694	1.50974	4.75955	0.12335	0.997339	-3.19383	-0.0360686
20	2.42995	4.07455	6.24933	5.4474	3.50724	6.10042	4.44963	-8.90829	13.2561	5.18336	-8.07474	15.1262	2.98442	-15.1092	7.44949	6.30297	-9.30487	9.08984	-4.54539	14.4478	2.2977	-6.57868	15.7682	1.50113	1.46093	4.77855	0.07109	0.875941	-3.23122	-0.08153
21	2.34066	3.9168	6.48908	5.31039	3.44667	6.37064	4.56714	-9.41426	12.3599	5.27501	-8.49285	14.2633	2.78719	-14.5033	6.85616	6.07134	-9.10199	8.50685	-4.41616	14.5993	2.73288	-6.54111	16.2249	1.98703	1.38795	4.7871	0.00680333	0.757751	-3.26553	-0.135237
22	2.16824	3.69724	6.69736	5.1257	3.31244	6.62523	4.63035	-9.77883	11.4152	5.3473	-8.72014	13.3556	2.57995	-13.7644	6.24534	5.8456	-8.84235	7.88466	-4.30445	14.5519	3.14486	-6.49362	16.5084	2.43581	1.29439	4.7959	-0.0685033	0.64135	-3.2927	-0.200187
23	1.92822	3.42499	6.84653	4.90592	3.10772	6.82628	4.64953	-10.0142	10.3902	5.40622	-8.76121	12.3678	2.36702	-12.9965	5.60758	5.62892	-8.54311	7.23209	-4.20886	14.3957	3.53749	-6.44024	16.6327	2.85563	1.18305	4.81729	-0.15446	0.528314	-3.30856	-0.277117
24	1.64077	3.12252	6.91757	4.6674	2.84617	6.94815	4.63709	-10.1784	9.26788	5.45829	-8.68468	11.2859	2.14817	-12.2697	4.94005	5.41565	-8.20591	6.56552	-4.12776	14.2216	3.91496	-6.38117	16.6482	3.25529	1.05373	4.86041	-0.25126	0.420724	-3.30977	-0.364309
25	1.32625	2.81247	6.90692	4.42904	2.54581	6.9817	4.60285	-10.3266	8.05124	5.51273	-8.5832	10.1133	1.92685	-11.6047	4.24897	5.19921	-7.82113	5.89875	-4.05798	14.0749	4.28317	-6.31482	16.6135	3.6412	0.908353	4.9278	-0.357763	0.320474	-3.29432	-0.459319
26	1.00173	2.50904	6.82671	4.20877	2.22428	6.93342	4.55196	-10.4864	6.76121	5.58027	-8.5392	8.8637	1.71223	-10.9894	3.54776	4.97604	-7.3738	5.23761	-3.9908	13.9572	4.6482	-6.23938	16.5728	4.01731	0.757433	5.01482	-0.470947	0.228609	-3.26055	-0.559399
27	0.680767	2.21616	6.69978	4.01925	1.89469	6.82504	4.48708	-10.6644	5.43052	5.66822	-8.59712	7.56057	1.51424	-10.4022	2.85503	4.74872	-6.85697	4.58167	-3.91418	13.8555	5.01363	-6.15456	16.5462	4.38703	0.616403	5.11171	-0.59008	0.144873	-3.20614	-0.661284
28	0.377583	1.93354	6.55712	3.86414	1.56197	6.69174	4.41384	-10.8546	4.10042	5.77526	-8.74726	6.23909	1.34009	-9.81641	2.19138	4.52651	-6.285	3.93011	-3.82869	13.7447	5.37901	-6.06155	16.531	4.75065	0.489757	5.20816	-0.722023	0.0697186	-3.12955	-0.76581
29	0.106677	1.66229	6.43315	3.73906	1.22614	6.57322	4.34021	-11.0419	2.81449	5.89202	-8.9442	4.93926	1.19612	-9.21185	1.5746	4.32016	-5.68998	3.28538	-3.74779	13.5939	5.74376	-5.96079	16.5133	5.10451	0.37111	5.29703	-0.875987	0.00536571	-3.03069	-0.879949
30	-0.122853	1.40391	6.35442	3.63493	0.888201	6.50374	4.27105	-11.214	1.60462	6.00444	-9.13899	3.69718	1.08775	-8.5875	1.0163	4.13836	-5.1076	2.65416	-3.67378	13.3938	6.11085	-5.85368	16.4784	5.44642	0.262823	5.37414	-1.05324	-0.0474043	-2.90953	-1.01175
31	-0.306057	1.16229	6.33595	3.53959	0.550186	6.50558	4.21043	-11.3701	0.487123	6.09547	-9.29478	2.53851	1.01655	-7.95715	0.520997	3.98808	-4.5674	2.04606	-3.5954	13.1563	6.48293	-5.7462	16.4183	5.77838	0.176817	5.4389	-1.25017	-0.0924729	-2.76754	-1.1669
32	-0.44087	0.94394	6.38451	3.44127	0.2155	6.58619	4.16236	-11.516	-0.533017	6.14898	-9.39145	1.4743	0.981127	-7.33595	0.0870933	3.8745	-4.09321	1.47078	-3.50215	12.8934	6.85872	-5.64531	16.3381	6.10555	0.123197	5.4963	-1.46515	-0.1351	-2.60987	-1.34808
33	-0.529933	0.751763	6.49924	3.33496	-0.108333	6.7388	4.12758	-11.6516	-1.46115	6.15758	-9.43223	0.500853	0.979553	-6.74578	-0.2914	3.80046	-3.69692	0.936636	-3.38693	12.6148	7.23517	-5.5502	16.2515	6.43243	0.10813	5.55811	-1.69822	-0.173086	-2.44282	-1.55619
34	-0.58057	0.582953	6.67288	3.22371	-0.413811	6.94628	4.10377	-11.7703	-2.31177	6.12493	-9.44382	-0.395749	1.00849	-6.22808	-0.624007	3.76594	-3.36744	0.451903	-3.24196	12.3465	7.61084	-5.4508	16.1697	6.7593	0.134837	5.63839	-1.94947	-0.19467	-2.26973	-1.79306
35	-0.6024	0.431337	6.89362	3.11446	-0.699229	7.18612	4.08747	-11.8703	-3.10564	6.06099	-9.46321	-1.23598	1.06096	-5.81395	-0.922973	3.76886	-3.07431	0.0242043	-3.06332	12.1191	7.98291	-5.33688	16.0966	7.08288	0.19967	5.74282	-2.22153	-0.187717	-2.08944	-2.06296
36	-0.604037	0.287737	7.14586	3.01402	-0.970673	7.43762	4.07572	-11.9608	-3.86565	5.97697	-9.51622	-2.0412	1.12615	-5.49475	-1.19926	3.80495	-2.78981	-0.342797	-2.8526	11.9488	8.34229	-5.20308	16.0329	7.39834	0.294213	5.8644	-2.52232	-0.146059	-1.89758	-2.37132
37	-0.592937	0.137873	7.41158	2.92673	-1.2417	7.68726	4.06347	-12.0543	-4.6121	5.88246	-9.60565	-2.82783	1.19396	-5.2378	-1.45674	3.86604	-2.504	-0.65125	-2.60936	11.8409	8.67626	-5.04679	15.9839	7.699	0.414767	5.99059	-2.86215	-0.0693829	-1.69243	-2.72347
38	-0.575877	-0.0369633	7.6726	2.8545	-1.53007	7.92766	4.04167	-12.1587	-5.3603	5.78386	-9.71565	-3.60659	1.25902	-5.00826	-1.6903	3.94019	-2.22088	-0.907373	-2.33005	11.8011	8.97205	-4.86578	15.9616	7.97485	0.564277	6.10522	-3.25233	0.0390929	-1.48053	-3.12561
39	-0.557753	-0.254313	7.9128	2.79741	-1.85311	8.15402	4.00088	-12.2763	-6.1201	5.68321	-9.81859	-4.3844	1.31857	-4.77768	-1.88877	4.01448	-1.95219	-1.11752	-2.00694	11.8347	9.21844	-4.65597	15.9801	8.21365	0.751867	6.19251	-3.70353	0.176711	-1.27551	-3.58514
40	-0.54103	-0.52716	8.12004	2.75484	-2.22333	8.36267	3.93448	-12.4005	-6.89576	5.57848	-9.88229	-5.16445	1.37041	-4.5296	-2.03823	4.07875	-1.71053	-1.28363	-1.62926	11.937	9.40576	-4.41275	16.047	8.40503	0.991947	6.2455	-4.22524	0.343274	-1.09371	-4.10948
41	-0.52717	-0.863773	8.28882	2.72546	-2.64617	8.54935	3.83865	-12.5112	-7.68356	5.4639	-9.88223	-5.94676	1.41252	-4.26339	-2.12279	4.12791	-1.49762	-1.39917	-1.19342	12.0957	9.52702	-4.135	16.1592	8.54327	1.29531	6.26356	-4.82766	0.539819	-0.950297	-4.70575
42	-0.516877	-1.26354	8.42134	2.70681	-3.11832	8.70837	3.71314	-12.5892	-8.47075	5.33194	-9.81483	-6.72807	1.43971	-3.98854	-2.12405	4.16013	-1.29687	-1.4472	-0.704427	12.3025	9.58035	-3.82599	16.3045	8.62732	1.66261	6.24467	-5.52118	0.767287	-0.857343	-5.38229
43	-0.511423	-1.71685	8.52569	2.69666	-3.62804	8.83524	3.5588	-12.6268	-9.23719	5.1765	-9.69697	-7.50017	1.44221	-3.71756	-2.02072	4.17452	-1.08028	-1.403	-0.172053	12.5576	9.56716	-3.49175	16.4667	8.65916	2.08449	6.18334	-6.31753	1.02569	-0.822117	-6.14952
44	-0.513237	-2.20768	8.60978	2.69492	-4.15793	8.92938	3.37332	-12.6338	-9.96206	4.99526	-9.55474	-8.25016	1.41187	-3.45078	-1.78934	4.17199	-0.823919	-1.2406	0.386797	12.8594	9.49121	-3.1411	16.6333	8.64006	2.54295	6.07355	-7.23024	1.31357	-0.847463	-7.02074
45	-0.525287	-2.71502	8.67731	2.7052	-4.68748	8.99447	3.15172	-12.6378	-10.6293	4.79239	-9.41765	-8.96251	1.3466	-3.17117	-1.4071	4.15519	-0.51617	-0.937676	0.951807	13.1983	9.35753	-2.7849	16.8042	8.56888	3.01979	5.91248	-8.27277	1.62845	-0.935099	-8.01089
46	-0.548747	-3.21428	8.72817	2.73321	-5.19653	9.03771	2.89303	-12.6694	-11.2295	4.57762	-9.31613	-9.62046	1.24724	-2.8657	-0.857347	4.12491	-0.155993	-0.477421	1.50535	13.5657	9.16684	-2.43463	16.9937	8.44484	3.50351	5.70094	-9.45959	1.96452	-1.08857	-9.13232
47	-0.581243	-3.68052	8.76145	2.78065	-5.6696	9.06695	2.6033	-12.7457	-11.7587	4.35828	-9.2749	-10.2088	1.11367	-2.54653	-0.130843	4.0778	0.248806	0.151294	2.03173	13.964	8.91398	-2.1066	17.2262	8.27274	3.98525	5.44086	-10.8077	2.30527	-1.31392	-10.3906
48	-0.618633	-4.09254	8.77839	2.84045	-6.09693	9.08657	2.29312	-12.8635	-12.2134	4.13192	-9.30593	-10.7184	0.94343	-2.2548	0.777297	4.0097	0.685727	0.953767	2.51437	14.4095	8.58718	-1.83275	17.522	8.06376	4.45428	5.13398	-12.3378	2.61609	-1.61684	-11.7865
49	-0.660343	-4.43334	8.78132	2.89786	-6.47245	9.09561	1.97119	-13.0106	-12.5865	3.88714	-9.40742	-11.1471	0.733167	-2.0379	1.87352	3.91746	1.14906	1.93162	2.93143	14.9178	8.16754	-1.66013	17.8781	7.82948	4.89646	4.78243	-14.0773	2.85043	-1.99804	-13.3223
50	-0.71486	-4.69016	8.77003	2.93602	-6.79093	9.08841	1.63657	-13.1767	-12.8676	3.60949	-9.5699	-11.4988	0.481977	-1.92106	3.17272	3.79918	1.63815	3.08678	3.25264	15.4828	7.62973	-1.62636	18.2695	7.57036	5.29603	4.39118	-16.0634	2.97585	-2.45004	-15.0107
51	-0.79855	-4.85483	8.74066	2.93908	-7.04647	9.05656	1.2765	-13.3559	-13.0417	3.28508	-9.78036	-11.7781	0.197173	-1.90521	4.70229	3.65363	2.13767	4.42487	3.43764	16.0694	6.9449	-1.7302	18.6704	7.26227	5.6373	3.97478	-18.3437	3.00219	-2.95634	-16.8806
52	-0.926183	-4.92482	8.68879	2.89001	-7.23205	8.99024	0.873547	-13.5437	-13.0883	2.90002	-10.023	-11.9844	-0.103787	-1.99389	6.49991	3.47845	2.5985	5.95732	3.43542	16.6364	6.08525	-1.92899	19.0751	6.85217	5.90059	3.56261	-20.9705	2.98199	-3.49412	-18.979
53	-1.10349	-4.90448	8.61412	2.76862	-7.33823	8.87961	0.414967	-13.7337	-12.9813	2.43849	-10.2798	-12.1075	-0.400263	-2.21181	8.60426	3.27262	2.93804	7.7029	3.19161	17.1611	5.03226	-2.18213	19.5023	6.27254	6.06178	3.19086	-23.9873	2.96655	-4.0396	-21.3663
54	-1.3294	-4.80283	8.51793	2.55547	-7.35283	8.71721	-0.104003	-13.9161	-12.6965	1.88474	-10.5358	-12.1252	-0.67805	-2.58468	11.045	3.0416	3.07119	9.69092	2.67357	17.63	3.79791	-2.49308	19.9713	5.45721	6.10666	2.89003	-27.3994	2.96855	-4.56749	-24.1119
55	-1.60262	-4.63287	8.39514	2.24317	-7.26725	8.50226	-0.682413	-14.0799	-12.2234	1.23119	-10.7836	-12.0027	-0.932847	-3.10764	13.8356	2.80232	2.93961	11.9633	1.88644	18.0098	2.44601	-2.8943	20.4759	4.3387	6.03231	2.68575	-31.1457	2.98574	-5.04208	-27.2938
56	-1.92268	-4.41403	8.23452	1.84639	-7.08618	8.2436	-1.31717	-14.2141	-11.5642	0.485899	-11.0239	-11.6958	-1.16331	-3.74405	16.9723	2.58085	2.51796	14.5692	0.865027	18.2366	1.06056	-3.41869	20.9916	2.85171	5.83865	2.61619	-35.1223	3.03027	-5.41743	-30.9861
57	-2.2815	-4.16918	8.02998	1.39608	-6.83041	7.95589	-2.0011	-14.3186	-10.7211	-0.329927	-11.2642	-11.1629	-1.36538	-4.44165	20.4335	2.39635	1.81509	17.5485	-0.320123	18.2327	-0.319927	-4.10232	21.4921	0.966933	5.55898	2.73653	-39.2334	3.11036	-5.65701	-35.2247
58	-2.65918	-3.92214	7.7908	0.921243	-6.53084	7.64985	-2.72101	-14.4003	-9.6878	-1.19291	-11.5079	-10.3825	-1.53449	-5.16657	24.1771	2.2443	0.887637	20.9142	-1.58732	17.9653	-1.67946	-4.99605	21.9438	-1.2539	5.25216	3.08211	-43.3835	3.18906	-5.75744	-39.9566
59	-3.03172	-3.69824	7.54105	0.440049	-6.21982	7.32944	-3.45793	-14.4499	-8.45331	-2.07825	-11.7447	-9.36099	-1.66903	-5.92369	28.1379	2.09218	-0.140241	24.6434	-2.91018	17.4979	-2.93423	-6.1622	22.2876	-3.61462	4.92323	3.62028	-47.4343	3.15287	-5.75829	-44.9965
60	-3.3825	-3.51995	7.3064	-0.03305	-5.92395	6.99673	-4.18786	-14.4407	-7.01698	-2.94845	-11.954	-8.12778	-1.77334	-6.71318	32.2315	1.89044	-1.08339	28.6721	-4.28448	16.946	-3.91971	-7.63793	22.4364	-5.8163	4.52625	4.25539	-51.1911	2.83378	-5.72075	-50.0369
61	-3.70496	-3.40023	7.10196	-0.481551	-5.66067	6.65478	-4.88359	-14.3484	-5.39819	-3.75569	-12.1165	-6.72671	-1.85484	-7.45387	36.3643	1.59399	-1.74721	32.8935	-5.64956	16.3563	-4.46912	-9.34594	22.2745	-7.59287	4.02966	4.89057	-54.439	2.13592	-5.66991	-54.735
62	-3.99605	-3.33809	6.93104	-0.894399	-5.44049	6.30954	-5.51805	-14.1716	-3.6332	-4.4648	-12.2191	-5.20409	-1.91758	-7.98654	40.4369	1.18307	-1.9994	37.1718	-6.87748	15.6549	-4.511	-11.0188	21.6689	-8.81824	3.46273	5.48494	-57.0095	1.17944	-5.54901	-58.7919
63	-4.25037	-3.31933	6.79046	-1.27312	-5.27062	5.97593	-6.06963	-13.9307	-1.76599	-5.06949	-12.2509	-3.59024	-1.95821	-8.19714	44.3418	0.673559	-1.84211	41.3714	-7.82876	14.7592	-4.07896	-12.3006	20.57	-9.44023	2.90868	6.04903	-58.8023	0.246134	-5.25924	-61.9541
64	-4.4606	-3.3241	6.67578	-1.62522	-5.15488	5.68257	-6.52682	-13.6487	0.161367	-5.58402	-12.2001	-1.88731	-1.96434	-8.13455	47.9694	0.114099	-1.43659	45.3794	-8.46776	13.7315	-3.23505	-12.9916	19.1293	-9.37407	2.4125	6.59049	-59.7773	-0.448757	-4.75048	-64.0229
65	-4.61873	-3.33586	6.58561	-1.95062	-5.09131	5.46539	-6.88676	-13.3346	2.11863	-6.02277	-12.0564	-0.0746229	-1.91478	-7.97449	51.2281	-0.426586	-1.02119	49.1093	-8.88818	12.7719	-2.03852	-13.1788	17.6487	-8.55249	1.94435	7.08149	-59.9568	-0.898116	-4.06193	-64.9285
66	-4.71544	-3.34544	6.52443	-2.23673	-5.0714	5.3525	-7.14823	-12.9842	4.09404	-6.38755	-11.8147	1.86976	-1.78543	-7.87727	54.0634	-0.877107	-0.783174	52.4976	-9.19315	12.0679	-0.566633	-13.112	16.4121	-7.04499	1.47948	7.47408	-59.4111	-1.23056	-3.29822	-64.7738
67	-4.74823	-3.35143	6.49598	-2.4633	-5.07985	5.35173	-7.31441	-12.5906	6.08568	-6.66724	-11.4763	3.94366	-1.56171	-7.91079	56.4605	-1.17821	-0.795607	55.5016	-9.41228	11.6986	1.08475	-12.9862	15.571	-5.06142	1.04711	7.73512	-58.2377	-1.54589	-2.57457	-63.78
68	-4.7259	-3.35384	6.49929	-2.60936	-5.09379	5.44885	-7.39517	-12.1479	8.08937	-6.8439	-11.0556	6.10908	-1.23545	-8.06473	58.4303	-1.29284	-1.03668	58.0948	-9.52923	11.6343	2.81789	-12.8597	15.1384	-2.85601	0.69857	7.86282	-56.5485	-1.85032	-1.97078	-62.1918
69	-4.66007	-3.34665	6.53484	-2.6585	-5.08423	5.61524	-7.39908	-11.6517	10.0969	-6.90058	-10.5837	8.30303	-0.796737	-8.28977	59.9904	-1.21008	-1.44629	60.2581	-9.53461	11.7793	4.54202	-12.7176	15.0509	-0.650294	0.465443	7.88054	-54.4562	-2.10522	-1.52193	-60.2192
70	-4.56204	-3.31888	6.60329	-2.60308	-5.02064	5.81576	-7.33243	-11.1041	12.0932	-6.83	-10.1069	10.4561	-0.241273	-8.54217	61.1508	-0.944606	-1.96446	61.9768	-9.43447	12.0297	6.17937	-12.5339	15.2215	1.39427	0.355187	7.82702	-52.0592	-2.27448	-1.22803	-58.0176
71	-4.44046	-3.25677	6.70012	-2.44866	-4.87967	6.01334	-7.20202	-10.5187	14.054	-6.64239	-9.67521	12.5063	0.422617	-8.80622	61.914	-0.532049	-2.53414	63.246	-9.23248	12.3086	7.67509	-12.2881	15.5556	3.18609	0.366653	7.74588	-49.4293	-2.33641	-1.06528	-55.6797
72	-4.29816	-3.14678	6.81316	-2.21601	-4.65381	6.17347	-7.01442	-9.92888	15.9481	-6.36568	-9.32659	14.4082	1.16485	-9.081	62.2812	-0.0186686	-3.08996	64.0777	-8.93013	12.5659	9.00277	-11.9724	15.949	4.70505	0.489883	7.67587	-46.6109	-2.2874	-0.996144	-53.2371
73	-4.13759	-2.98052	6.92364	-1.93551	-4.35136	6.26999	-6.77938	-9.37669	17.7445	-6.03709	-9.08067	16.1351	1.93895	-9.36672	62.2582	0.549176	-3.55928	64.4984	-8.54143	12.7655	10.1572	-11.5964	16.2976	5.98591	0.69796	7.64742	-43.633	-2.14301	-0.979229	-50.6779
74	-3.96609	-2.75835	7.01185	-1.63648	-3.98988	6.29049	-6.5128	-8.88402	19.4163	-5.69138	-8.94235	17.679	2.70704	-9.6656	61.8531	1.13179	-3.87857	64.5403	-8.09503	12.8796	11.1411	-11.1854	16.5186	7.08419	0.954093	7.68302	-40.521	-1.93223	-0.979716	-47.9785
75	-3.79276	-2.48901	7.06459	-1.3394	-3.58932	6.2393	-6.23107	-8.44841	20.9451	-5.35233	-8.90293	19.0506	3.44844	-9.97905	61.0745	1.70411	-4.01361	64.2347	-7.62262	12.8883	11.959	-10.7722	16.568	8.04115	1.22797	7.79574	-37.2984	-1.68584	-0.975579	-45.1328
76	-3.63057	-2.18841	7.0772	-1.05487	-3.16781	6.13597	-5.95001	-8.05376	22.3234	-5.03084	-8.93499	20.2765	4.15089	-10.3028	59.9337	2.26358	-3.97368	63.6074	-7.1532	12.7872	12.617	-10.385	16.4453	8.86928	1.49862	7.98388	-33.9853	-1.42631	-0.957739	-42.1611
77	-3.48997	-1.87249	7.05747	-0.787334	-2.73986	6.00891	-5.67949	-7.67023	23.5552	-4.72879	-8.99114	21.3915	4.81544	-10.6337	58.4409	2.82865	-3.81132	62.6772	-6.72461	12.5889	13.1235	-10.036	16.1868	9.56099	1.73684	8.23052	-30.6013	-1.16409	-0.927376	-39.0985
78	-3.37346	-1.55167	7.02331	-0.539313	-2.31525	5.88769	-5.41809	-7.25661	24.6516	-4.44533	-9.01431	22.4296	5.45523	-10.9821	56.5983	3.42636	-3.60981	61.4544	-6.37034	12.3179	13.4839	-9.72279	15.8541	10.1066	1.91382	8.50771	-27.1637	-0.906521	-0.891836	-35.9774
79	-3.27647	-1.22908	6.99694	-0.31418	-1.90034	5.79744	-5.15596	-6.78868	25.6288	-4.18002	-8.95388	23.4183	6.07011	-11.3706	54.403	4.07483	-3.4682	59.9427	-6.091	12.01	13.6951	-9.43701	15.522	10.5054	2.0267	8.78337	-23.6836	-0.667497	-0.859506	-32.818
80	-3.19118	-0.902193	7.00186	-0.116666	-1.50083	5.7555	-4.88434	-6.27447	26.5088	-3.93176	-8.77744	24.3758	6.63812	-11.8227	51.8552	4.77299	-3.48086	58.142	-5.86083	11.7123	13.7441	-9.16932	15.2574	10.7635	2.09416	9.02574	-20.1708	-0.463754	-0.832677	-29.6305
81	-3.10977	-0.566607	7.05767	0.0490529	-1.12169	5.77098	-4.59886	-5.73962	27.3122	-3.69814	-8.47506	25.3102	7.12862	-12.3651	48.9624	5.50285	-3.71733	56.0507	-5.63591	11.4819	13.6091	-8.90795	15.1006	10.8902	2.14887	9.20766	-16.6417	-0.303189	-0.802826	-26.4165
82	-3.02565	-0.21767	7.17533	0.180814	-0.766243	5.84653	-4.29674	-5.20512	28.0496	-3.47596	-8.05662	26.2208	7.51706	-13.0363	45.7414	6.23554	-4.20813	53.6678	-5.3643	11.3763	13.2631	-8.64894	15.0559	10.8971	2.23009	9.31304	-13.1254	-0.19034	-0.752217	-23.172
83	-2.9355	0.148893	7.35447	0.27858	-0.437651	5.98068	-3.977	-4.67923	28.719	-3.26	-7.53679	27.0994	7.78518	-13.8773	42.2221	6.94016	-4.94219	50.9921	-5.0119	11.432	12.6845	-8.40956	15.0905	10.7936	2.36733	9.34246	-9.66691	-0.139479	-0.661434	-19.8948
84	-2.84137	0.53588	7.58193	0.345641	-0.138903	6.16872	-3.6434	-4.1844	29.3061	-3.04031	-6.92917	27.93	7.90089	-14.8792	38.4534	7.58682	-5.87392	48.0192	-4.57794	11.6368	11.8741	-8.22013	15.1464	10.5767	2.57114	9.31327	-6.31073	-0.166886	-0.52005	-16.5922
85	-2.74979	0.944957	7.83603	0.38973	0.129376	6.40232	-3.30703	-3.76785	29.7914	-2.80369	-6.26595	28.6918	7.82955	-15.9598	34.5033	8.13485	-6.92358	44.744	-4.1028	11.9376	10.8606	-8.11701	15.1659	10.2303	2.82212	9.24831	-3.08944	-0.287143	-0.338093	-13.281
86	-2.66833	1.37689	8.0952	0.420693	0.370244	6.66973	-2.9839	-3.46064	30.1568	-2.5403	-5.59894	29.3623	7.57125	-17.0299	30.4433	8.53424	-7.98814	41.168	-3.63858	12.2761	9.68898	-8.14506	15.1195	9.7334	3.08916	9.17067	-0.0232667	-0.526047	-0.15571	-9.98566
87	-2.60151	1.83245	8.34385	0.446974	0.590154	6.95663	-2.68812	-3.26161	30.3895	-2.24715	-4.97401	29.9182	7.16257	-18.051	26.3396	8.74203	-8.97516	37.3005	-3.20412	12.6088	8.40213	-8.32405	15.0212	9.05764	3.36646	9.11044	2.87143	-0.896346	-0.0410429	-6.73785
88	-2.55074	2.31085	8.57241	0.473579	0.79996	7.2467	-2.42698	-3.16281	30.4863	-1.92726	-4.42257	30.3364	6.6421	-19.0364	22.2599	8.72873	-9.83407	33.1617	-2.77119	12.9219	7.0285	-8.58789	14.9274	8.15485	3.68684	9.10366	5.57208	-1.33642	-0.0701686	-3.5808
89	-2.51627	2.80904	8.77487	0.502866	1.01553	7.52336	-2.20116	-3.15455	30.4521	-1.58579	-3.9708	30.597	6.03344	-20.0277	18.2819	8.4782	-10.5591	28.7905	-2.28107	13.2341	5.58939	-8.7859	14.9167	6.97069	4.10624	9.17347	8.05434	-1.70502	-0.299944	-0.564723
90	-2.4978	3.32333	8.94805	0.535241	1.25414	7.77099	-2.007	-3.21225	30.2992	-1.2281	-3.6497	30.6873	5.3544	-21.0569	14.4903	7.98758	-11.1587	24.253	-1.67816	13.5807	4.119	-8.7551	15.056	5.48727	4.66699	9.30459	10.3045	-1.85008	-0.748014	2.2705
91	-2.4947	3.84842	9.09051	0.569564	1.53066	7.97639	-1.83957	-3.30674	30.0462	-0.8621	-3.48816	30.6044	4.6206	-22.1066	10.9738	7.27671	-11.6325	19.6464	-0.936937	13.99	2.68058	-8.38507	15.3735	3.75932	5.36678	9.44096	12.3251	-1.67387	-1.38728	4.91398
92	-2.50352	4.37815	9.19982	0.606489	1.85823	8.13134	-1.69558	-3.43317	29.7146	-0.501624	-3.49966	30.3582	3.85061	-23.1042	7.8223	6.4013	-11.9726	15.0927	-0.09153	14.4725	1.36448	-7.66221	15.8468	1.92338	6.13719	9.513	14.1204	-1.17409	-2.15139	7.39032
93	-2.51672	4.90756	9.27311	0.650276	2.2476	8.23399	-1.57488	-3.59408	29.323	-0.167517	-3.68594	29.9726	3.08776	-23.9753	5.10759	5.44877	-12.1768	10.727	0.75202	15.0113	0.265447	-6.67741	16.4112	0.170031	6.8537	9.47601	15.6775	-0.445726	-2.94201	9.74609
94	-2.52596	5.43219	9.31064	0.70499	2.70078	8.28829	-1.47956	-3.77509	28.8879	0.117414	-4.03677	29.4827	2.39507	-24.6886	2.86629	4.51995	-12.2832	6.68157	1.46674	15.5531	-0.558387	-5.57614	16.9878	-1.316	7.40188	9.33581	16.966	0.375424	-3.63369	12.0181
95	-2.52747	5.94577	9.31662	0.770343	3.20823	8.30415	-1.41125	-3.94981	28.4258	0.33685	-4.5162	28.9305	1.82292	-25.2631	1.0971	3.70453	-12.4109	3.07418	1.97448	16.0275	-1.1286	-4.48346	17.5198	-2.41817	7.74442	9.14477	17.9376	1.19172	-4.08544	14.1986
96	-2.52203	6.43844	9.29572	0.839407	3.75083	8.29723	-1.36644	-4.09054	27.9523	0.483959	-5.05432	28.3621	1.38621	-25.7415	-0.229673	3.05911	-12.7451	0.0113971	2.26273	16.3674	-1.55355	-3.46542	17.9863	-3.11166	7.92248	8.97121	18.5237	1.97513	-4.17015	16.2194
97	-2.5082	6.89709	9.25112	0.89918	4.30209	8.28537	-1.33529	-4.17724	27.4854	0.558277	-5.56242	27.8259	1.07068	-26.1477	-1.14772	2.6015	-13.4307	-2.4004	2.35348	16.5156	-1.96205	-2.55482	18.3737	-3.43687	7.99437	8.86206	18.6617	2.72367	-3.82254	17.964
98	-2.47866	7.30674	9.18384	0.936944	4.83249	8.28366	-1.30872	-4.201	27.048	0.564707	-5.96148	27.3669	0.863777	-26.4409	-1.65322	2.3229	-14.4672	-4.06	2.29146	16.4156	-2.38112	-1.79686	18.6462	-3.46046	7.98388	8.82151	18.363	3.40351	-3.08311	19.2939
99	-2.42497	7.65507	9.09451	0.94874	5.31513	8.29983	-1.28702	-4.16609	26.6683	0.51609	-6.20587	27.0171	0.784343	-26.5245	-1.67684	2.20617	-15.6943	-4.90199	2.14671	16.0326	-2.69915	-1.25531	18.7597	-3.27134	7.89271	8.81389	17.7201	3.95212	-2.10912	20.0646
100	-2.34462	7.93884	8.98742	0.943511	5.72902	8.33155	-1.27954	-4.09879	26.373	0.435016	-6.28658	26.7815	0.871987	-26.3435	-1.13994	2.23742	-16.8763	-4.94282	1.96367	15.4408	-2.80669	-0.978541	18.7024	-3.01393	7.73699	8.76576	16.8076	4.33722	-1.13684	20.1359
