Time	Fx1	Fy1	Fz1	COPx1	COPy1	COPz1	Ty1	Fx2	Fy2	Fz2	COPx2	COPy2	COPz2	Ty2	Fx3	Fy3	Fz3	COPx3	COPy3	COPz3	Ty3	Fx4	Fy4	Fz4	COPx4	COPy4	COPz4	Ty4	Fx5	Fy5	Fz5	COPx5	COPy5	COPz5	Ty5
1	0	0	0	1506	0	-203	0	0	0	0	2109	0	-203	0	0	0	0	903	0	-403	0	0	0	0	300	0	-203	0	0	0	0	300	0	200	0
2	-0	-0	-0	1506	0	-203	-0	-0	-0	-0	2109	0	-203	-0	-0	-0	-0	903	0	-403	-0	-0	-0	-0	300	0	-203	-0	-0	-0	-0	300	0	200	-0
3	-0	-0	-0	1506	0	-203	-0	-0	-0	-0	2109	0	-203	-0	-0	-0	-0	903	0	-403	-0	-0	-0	-0	300	0	-203	-0	-0	-0	-0	300	0	200	-0
4	-0	-0	-0	1506	0	-203	-0	-0	-0	-0	2109	0	-203	-0	-0	-0	-0	903	0	-403	-0	-0	-0	-0	300	0	-203	-0	-0	-0	-0	300	0	200	-0
5	-0	-0	-0	1506	0	-203	-0	-0	-0	-0	2109	0	-203	-0	0	0	0	903	0	-403	0	-0	-0	-0	300	0	-203	-0	-0	-0	-0	300	0	200	-0
6	-0	-0	-0	1506	0	-203	-0	-0	-0	-0	2109	0	-203	-0	-0	-0	-0	903	0	-403	-0	0	0	0	300	0	-203	0	-0	-0	-0	300	0	200	-0
7	-0	-0	-0	1506	0	-203	-0	-0	-0	-0	2109	0	-203	-0	-0	-0	-0	903	0	-403	-0	-0	-0	-0	300	0	-203	-0	-0	-0	-0	300	0	200	-0
8	-0	-0	-0	1506	0	-203	-0	-0	-0	-0	2109	0	-203	-0	-0	-0	-0	903	0	-403	-0	-0	-0	-0	300	0	-203	-0	-0	-0	-0	300	0	200	-0
9	-0	-0	-0	1506	0	-203	-0	-0	-0	-0	2109	0	-203	-0	0	0	0	903	0	-403	0	-0	-0	-0	300	0	-203	-0	-0	-0	-0	300	0	200	-0
10	-0	-0	-0	1506	0	-203	-0	-0	-0	-0	2109	0	-203	-0	-0	-0	-0	903	0	-403	-0	-0	-0	-0	300	0	-203	-0	-0	-0	-0	300	0	200	-0
11	-0	-0	-0	1506	0	-203	-0	-0	-0	-0	2109	0	-203	-0	-0	-0	-0	903	0	-403	-0	-0	-0	-0	300	0	-203	-0	-0	-0	-0	300	0	200	-0
12	-0	-0	-0	1506	0	-203	-0	-0	-0	-0	2109	0	-203	-0	-0	-0	-0	903	0	-403	-0	-0	-0	-0	300	0	-203	-0	-0	-0	-0	300	0	200	-0
13	-0	-0	-0	1506	0	-203	-0	-0	-0	-0	2109	0	-203	-0	-0	-0	-0	903	0	-403	-0	-0	-0	-0	300	0	-203	-0	-0	-0	-0	300	0	200	-0
14	-0	-0	-0	1506	0	-203	-0	-0	-0	-0	2109	0	-203	-0	-0	-0	-0	903	0	-403	-0	-0	-0	-0	300	0	-203	-0	-0	-0	-0	300	0	200	-0
15	-0	-0	-0	1506	0	-203	-0	-0	-0	-0	2109	0	-203	-0	-0	-0	-0	903	0	-403	-0	0	0	0	300	0	-203	0	-0	-0	-0	300	0	200	-0
16	-0	-0	-0	1506	0	-203	-0	-0	-0	-0	2109	0	-203	-0	-0	-0	-0	903	0	-403	-0	-0	-0	-0	300	0	-203	-0	-0	-0	-0	300	0	200	-0
17	-0	-0	-0	1506	0	-203	-0	-0	-0	-0	2109	0	-203	-0	-0	-0	-0	903	0	-403	-0	-0	-0	-0	300	0	-203	-0	-0	-0	-0	300	0	200	-0
18	-0	-0	-0	1506	0	-203	-0	-0	-0	-0	2109	0	-203	-0	-0	-0	-0	903	0	-403	-0	-0	-0	-0	300	0	-203	-0	-0	-0	-0	300	0	200	-0
19	-0	-0	-0	1506	0	-203	-0	-0	-0	-0	2109	0	-203	-0	-0	-0	-0	903	0	-403	-0	-0	-0	-0	300	0	-203	-0	0	0	0	300	0	200	0
20	-0	-0	-0	1506	0	-203	-0	-0	-0	-0	2109	0	-203	-0	-0	-0	-0	903	0	-403	-0	-0	-0	-0	300	0	-203	-0	-0	-0	-0	300	0	200	-0
21	-0	-0	-0	1506	0	-203	-0	-0	-0	-0	2109	0	-203	-0	-0	-0	-0	903	0	-403	-0	-0	-0	-0	300	0	-203	-0	-0	-0	-0	300	0	200	-0
22	-0	-0	-0	1506	0	-203	-0	-0	-0	-0	2109	0	-203	-0	0	0	0	903	0	-403	0	-0	-0	-0	300	0	-203	-0	-0	-0	-0	300	0	200	-0
23	-0	-0	-0	1506	0	-203	-0	-0	-0	-0	2109	0	-203	-0	-0	-0	-0	903	0	-403	-0	-0	-0	-0	300	0	-203	-0	-0	-0	-0	300	0	200	-0
24	-0	-0	-0	1506	0	-203	-0	-0	-0	-0	2109	0	-203	-0	-0	-0	-0	903	0	-403	-0	-0	-0	-0	300	0	-203	-0	-0	-0	-0	300	0	200	-0
25	-0	-0	-0	1506	0	-203	-0	-0	-0	-0	2109	0	-203	-0	-0	-0	-0	903	0	-403	-0	-0	-0	-0	300	0	-203	-0	-0	-0	-0	300	0	200	-0
26	-0	-0	-0	1506	0	-203	-0	-0	-0	-0	2109	0	-203	-0	-0	-0	-0	903	0	-403	-0	-0	-0	-0	300	0	-203	-0	-0	-0	-0	300	0	200	-0
27	-0	-0	-0	1506	0	-203	-0	-0	-0	-0	2109	0	-203	-0	-0	-0	-0	903	0	-403	-0	0	0	0	300	0	-203	0	-0	-0	-0	300	0	200	-0
28	-0	-0	-0	1506	0	-203	-0	-0	-0	-0	2109	0	-203	-0	-0	-0	-0	903	0	-403	-0	-0	-0	-0	300	0	-203	-0	-0	-0	-0	300	0	200	-0
29	-0	-0	-0	1506	0	-203	-0	-0	-0	-0	2109	0	-203	-0	-0	-0	-0	903	0	-403	-0	-0	-0	-0	300	0	-203	-0	-0	-0	-0	300	0	200	-0
30	-0	-0	-0	1506	0	-203	-0	-0	-0	-0	2109	0	-203	-0	-0	-0	-0	903	0	-403	-0	-0	-0	-0	300	0	-203	-0	-0	-0	-0	300	0	200	-0
31	-0	-0	-0	1506	0	-203	-0	-0	-0	-0	2109	0	-203	-0	-0	-0	-0	903	0	-403	-0	-0	-0	-0	300	0	-203	-0	-0	-0	-0	300	0	200	-0
32	-0	-0	-0	1506	0	-203	-0	-0	-0	-0	2109	0	-203	-0	-0	-0	-0	903	0	-403	-0	-0	-0	-0	300	0	-203	-0	-0	-0	-0	300	0	200	-0
33	-0	-0	-0	1506	0	-203	-0	-0	-0	-0	2109	0	-203	-0	-0	-0	-0	903	0	-403	-0	-0	-0	-0	300	0	-203	-0	-0	-0	-0	300	0	200	-0
34	-0	-0	-0	1506	0	-203	-0	-0	-0	-0	2109	0	-203	-0	-0	-0	-0	903	0	-403	-0	0	0	0	300	0	-203	0	-0	-0	-0	300	0	200	-0
35	-0	-0	-0	1506	0	-203	-0	-0	-0	-0	2109	0	-203	-0	-0	-0	-0	903	0	-403	-0	-0	-0	-0	300	0	-203	-0	-0	-0	-0	300	0	200	-0
36	-0	-0	-0	1506	0	-203	-0	-0	-0	-0	2109	0	-203	-0	-0	-0	-0	903	0	-403	-0	-0	-0	-0	300	0	-203	-0	-0	-0	-0	300	0	200	-0
37	-0	-0	-0	1506	0	-203	-0	-0	-0	-0	2109	0	-203	-0	-0	-0	-0	903	0	-403	-0	-0	-0	-0	300	0	-203	-0	-0	-0	-0	300	0	200	-0
38	-0	-0	-0	1506	0	-203	-0	-0	-0	-0	2109	0	-203	-0	-0	-0	-0	903	0	-403	-0	-0	-0	-0	300	0	-203	-0	-0	-0	-0	300	0	200	-0
39	-0	-0	-0	1506	0	-203	-0	-0	-0	-0	2109	0	-203	-0	0	0	0	903	0	-403	0	-0	-0	-0	300	0	-203	-0	-0	-0	-0	300	0	200	-0
40	-0	-0	-0	1506	0	-203	-0	-0	-0	-0	2109	0	-203	-0	-0	-0	-0	903	0	-403	-0	3.26	16.29	1.22	254.28	0	-280.05	-13.44	-0	-0	-0	300	0	200	-0
41	-0	-0	-0	1506	0	-203	-0	-0	-0	-0	2109	0	-203	-0	-0	-0	-0	903	0	-403	-0	14.66	108.33	0.95	240.54	0	-294.16	149.08	-0	-0	-0	300	0	200	-0
42	-0	-0	-0	1506	0	-203	-0	-0	-0	-0	2109	0	-203	-0	-0	-0	-0	903	0	-403	-0	34.96	443.63	-12.69	243.14	0	-289.06	323.31	-0	-0	-0	300	0	200	-0
43	-0	-0	-0	1506	0	-203	-0	-0	-0	-0	2109	0	-203	-0	-0	-0	-0	903	0	-403	-0	57.96	608.43	-45	244.08	0	-287.64	440.98	-0	-0	-0	300	0	200	-0
44	-0	-0	-0	1506	0	-203	-0	-0	-0	-0	2109	0	-203	-0	-0	-0	-0	903	0	-403	-0	31.97	469.15	-42.29	246.23	0	-287.28	480.72	-0	-0	-0	300	0	200	-0
45	-0	-0	-0	1506	0	-203	-0	-0	-0	-0	2109	0	-203	-0	-0	-0	-0	903	0	-403	-0	10.25	417.84	-33.73	248.24	0	-288.06	176.66	-0	-0	-0	300	0	200	-0
46	-0	-0	-0	1506	0	-203	-0	-0	-0	-0	2109	0	-203	-0	-0	-0	-0	903	0	-403	-0	-8.55	448.24	-29.53	249.91	0	-288.54	68.22	-0	-0	-0	300	0	200	-0
47	-0	-0	-0	1506	0	-203	-0	-0	-0	-0	2109	0	-203	-0	-0	-0	-0	903	0	-403	-0	-40.11	504.99	-29.12	252.12	0	-287.97	218.26	-0	-0	-0	300	0	200	-0
48	-0	-0	-0	1506	0	-203	-0	-0	-0	-0	2109	0	-203	-0	-0	-0	-0	903	0	-403	-0	-71.06	522.63	-24.3	253.84	0	-288.21	-206.97	-0	-0	-0	300	0	200	-0
49	-0	-0	-0	1506	0	-203	-0	-0	-0	-0	2109	0	-203	-0	-0	-0	-0	903	0	-403	-0	-99.98	525.89	-20.23	255.55	0	-288.03	-50.71	-0	-0	-0	300	0	200	-0
50	-0	-0	-0	1506	0	-203	-0	-0	-0	-0	2109	0	-203	-0	-0	-0	-0	903	0	-403	-0	-134.46	519.92	-10.66	258.06	0	-288.68	-154.56	-0	-0	-0	300	0	200	-0
51	-0	-0	-0	1506	0	-203	-0	-0	-0	-0	2109	0	-203	-0	-0	-0	-0	903	0	-403	-0	-147.56	517.2	-4.82	259.57	0	-289.11	-267.54	-0	-0	-0	300	0	200	-0
52	-0	-0	-0	1506	0	-203	-0	-0	-0	-0	2109	0	-203	-0	-0	-0	-0	903	0	-403	-0	-139.07	525.35	-4.14	260.46	0	-289.48	-252.46	-0	-0	-0	300	0	200	-0
53	-0	-0	-0	1506	0	-203	-0	-0	-0	-0	2109	0	-203	-0	-0	-0	-0	903	0	-403	-0	-109.07	554.94	-4.48	261.01	0	-289.91	-21.71	-0	-0	-0	300	0	200	-0
54	-0	-0	-0	1506	0	-203	-0	-0	-0	-0	2109	0	-203	-0	-0	-0	-0	903	0	-403	-0	-87.9	579.65	-2.44	261.31	0	-290.25	86.5	-0	-0	-0	300	0	200	-0
55	-0	-0	-0	1506	0	-203	-0	-0	-0	-0	2109	0	-203	-0	-0	-0	-0	903	0	-403	-0	-76.83	594.85	2.1	261.51	0	-291.04	48.9	-0	-0	-0	300	0	200	-0
56	-0	-0	-0	1506	0	-203	-0	-0	-0	-0	2109	0	-203	-0	-0	-0	-0	903	0	-403	-0	-76.29	605.17	6.79	262.78	0	-291.7	53.69	-0	-0	-0	300	0	200	-0
57	-0	-0	-0	1506	0	-203	-0	-0	-0	-0	2109	0	-203	-0	0	0	0	903	0	-403	0	-84.77	617.12	12.69	265.45	0	-292.82	52.77	-0	-0	-0	300	0	200	-0
58	-0	-0	-0	1506	0	-203	-0	-0	-0	-0	2109	0	-203	-0	-0	-0	-0	903	0	-403	-0	-98.82	633.13	19.89	268.78	0	-294.27	28.58	-0	-0	-0	300	0	200	-0
59	-0	-0	-0	1506	0	-203	-0	-0	-0	-0	2109	0	-203	-0	0	0	0	903	0	-403	0	-122.24	659.2	32.85	273.26	0	-294.72	-194.05	-0	-0	-0	300	0	200	-0
60	-0	-0	-0	1506	0	-203	-0	-0	-0	-0	2109	0	-203	-0	-0	-0	-0	903	0	-403	-0	-140.02	680.65	41.88	276.94	0	-296.43	-531.33	-0	-0	-0	300	0	200	-0
61	-0	-0	-0	1506	0	-203	-0	-0	-0	-0	2109	0	-203	-0	-0	-0	-0	903	0	-403	-0	-153.33	706.44	47.65	280.5	0	-297.12	-686.76	-0	-0	-0	300	0	200	-0
62	-0	-0	-0	1506	0	-203	-0	-0	-0	-0	2109	0	-203	-0	-0	-0	-0	903	0	-403	-0	-162.76	740.65	51.52	284.1	0	-297.97	-871.8	-0	-0	-0	300	0	200	-0
63	-0	-0	-0	1506	0	-203	-0	-0	-0	-0	2109	0	-203	-0	-0	-0	-0	903	0	-403	-0	-164.8	763.45	52.67	286.25	0	-298.48	-801.57	-0	-0	-0	300	0	200	-0
64	-0	-0	-0	1506	0	-203	-0	-0	-0	-0	2109	0	-203	-0	-0	-0	-0	903	0	-403	-0	-164.05	784.09	53.82	287.88	0	-298.74	-643.65	0	0	0	300	0	200	0
65	-0	-0	-0	1506	0	-203	-0	-0	-0	-0	2109	0	-203	-0	-0	-0	-0	903	0	-403	-0	-162.97	808.52	52.26	290.17	0	-299.07	-439.22	-0	-0	-0	300	0	200	-0
66	-0	-0	-0	1506	0	-203	-0	-0	-0	-0	2109	0	-203	-0	-0	-0	-0	903	0	-403	-0	-163.51	829.16	50.02	291.47	0	-299.06	-154.49	-0	-0	-0	300	0	200	-0
67	-0	-0	-0	1506	0	-203	-0	-0	-0	-0	2109	0	-203	-0	0	0	0	903	0	-403	0	-163.37	841.37	46.22	292.59	0	-299.49	75.25	-0	-0	-0	300	0	200	-0
68	-0	-0	-0	1506	0	-203	-0	-0	-0	-0	2109	0	-203	-0	-0	-0	-0	903	0	-403	-0	-162.42	859.02	44.05	293.9	0	-299.45	74.66	-0	-0	-0	300	0	200	-0
69	-0	-0	-0	1506	0	-203	-0	-0	-0	-0	2109	0	-203	-0	-0	-0	-0	903	0	-403	-0	-159.71	872.87	43.03	294.83	0	-299.86	96.21	-0	-0	-0	300	0	200	-0
70	-0	-0	-0	1506	0	-203	-0	-0	-0	-0	2109	0	-203	-0	-0	-0	-0	903	0	-403	-0	-155.43	887.53	43.37	295.59	0	-299.72	114.74	-0	-0	-0	300	0	200	-0
71	-0	-0	-0	1506	0	-203	-0	-0	-0	-0	2109	0	-203	-0	-0	-0	-0	903	0	-403	-0	-149.39	904.36	42.9	296.32	0	-299.64	-31.52	-0	-0	-0	300	0	200	-0
72	-0	-0	-0	1506	0	-203	-0	-0	-0	-0	2109	0	-203	-0	-0	-0	-0	903	0	-403	-0	-143.49	914.13	42.15	296.97	0	-299.89	102.27	-0	-0	-0	300	0	200	-0
73	-0	-0	-0	1506	0	-203	-0	-0	-0	-0	2109	0	-203	-0	-0	-0	-0	903	0	-403	-0	-138.06	920.11	41.81	297.44	0	-299.92	106.96	-0	-0	-0	300	0	200	-0
74	-0	-0	-0	1506	0	-203	-0	-0	-0	-0	2109	0	-203	-0	-0	-0	-0	903	0	-403	-0	-130.59	922.01	39.43	298.31	0	-299.89	246.48	0	0	0	300	0	200	0
75	-0	-0	-0	1506	0	-203	-0	-0	-0	-0	2109	0	-203	-0	-0	-0	-0	903	0	-403	-0	-125.16	919.56	37.53	298.97	0	-299.89	417.37	0	0	0	300	0	200	0
76	-0	-0	-0	1506	0	-203	-0	-0	-0	-0	2109	0	-203	-0	-0	-0	-0	903	0	-403	-0	-120.75	913.05	35.16	299.47	0	-299.93	415.25	0	0	0	300	0	200	0
77	-0	-0	-0	1506	0	-203	-0	-0	-0	-0	2109	0	-203	-0	-0	-0	-0	903	0	-403	-0	-114.78	903.27	33.6	300.5	0	-299.9	494.19	-0	-0	-0	300	0	200	-0
78	-0	-0	-0	1506	0	-203	-0	-0	-0	-0	2109	0	-203	-0	-0	-0	-0	903	0	-403	-0	-110.7	892.96	32.1	301.28	0	-299.98	372.68	-0	-0	-0	300	0	200	-0
79	-0	-0	-0	1506	0	-203	-0	-0	-0	-0	2109	0	-203	-0	-0	-0	-0	903	0	-403	-0	-106.43	883.45	31.43	302	0	-299.99	264.62	-0	-0	-0	300	0	200	-0
80	-0	-0	-0	1506	0	-203	-0	-0	-0	-0	2109	0	-203	-0	-0	-0	-0	903	0	-403	-0	-101.06	869.34	30.07	303.05	0	-299.94	214.36	-0	-0	-0	300	0	200	-0
81	-0	-0	-0	1506	0	-203	-0	-0	-0	-0	2109	0	-203	-0	-0	-0	-0	903	0	-403	-0	-96.18	857.12	29.25	303.72	0	-299.76	181.14	-0	-0	-0	300	0	200	-0
82	-0	-0	-0	1506	0	-203	-0	-0	-0	-0	2109	0	-203	-0	-0	-0	-0	903	0	-403	-0	-91.56	842.46	28.71	304.75	0	-300.03	86.98	-0	-0	-0	300	0	200	-0
83	-0	-0	-0	1506	0	-203	-0	-0	-0	-0	2109	0	-203	-0	-0	-0	-0	903	0	-403	-0	-86.34	825.63	27.69	305.93	0	-299.94	114.6	-0	-0	-0	300	0	200	-0
84	-0	-0	-0	1506	0	-203	-0	-0	-0	-0	2109	0	-203	-0	0	0	0	903	0	-403	0	-81.99	811.78	27.08	306.98	0	-299.81	48.93	-0	-0	-0	300	0	200	-0
85	-0	-0	-0	1506	0	-203	-0	-0	-0	-0	2109	0	-203	-0	-0	-0	-0	903	0	-403	-0	-77.65	796.3	26.88	308.11	0	-299.94	-106.79	-0	-0	-0	300	0	200	-0
86	-0	-0	-0	1506	0	-203	-0	-0	-0	-0	2109	0	-203	-0	-0	-0	-0	903	0	-403	-0	-72.42	777.3	27.42	309.37	0	-300.04	-104.43	-0	-0	-0	300	0	200	-0
87	-0	-0	-0	1506	0	-203	-0	-0	-0	-0	2109	0	-203	-0	0	0	0	903	0	-403	0	-68.35	760.47	28.03	310.54	0	-300.16	-170.06	-0	-0	-0	300	0	200	-0
88	-0	-0	-0	1506	0	-203	-0	-0	-0	-0	2109	0	-203	-0	0	0	0	903	0	-403	0	-64.75	743.63	28.91	311.76	0	-300.37	-329.43	-0	-0	-0	300	0	200	-0
89	-0	-0	-0	1506	0	-203	-0	-0	-0	-0	2109	0	-203	-0	-0	-0	-0	903	0	-403	-0	-60.2	722.18	29.53	313.33	0	-300.59	-182.35	-0	-0	-0	300	0	200	-0
90	-0	-0	-0	1506	0	-203	-0	-0	-0	-0	2109	0	-203	-0	-0	-0	-0	903	0	-403	-0	-56.88	704.54	30.2	314.7	0	-301	-289.12	-0	-0	-0	300	0	200	-0
91	-0	-0	-0	1506	0	-203	-0	-0	-0	-0	2109	0	-203	-0	-0	-0	-0	903	0	-403	-0	-53.76	690.69	30.14	316.05	0	-300.79	-366.41	-0	-0	-0	300	0	200	-0
92	-0	-0	-0	1506	0	-203	-0	-0	-0	-0	2109	0	-203	-0	0	0	0	903	0	-403	0	-50.09	669.51	30.68	317.8	0	-301.04	-282.42	-0	-0	-0	300	0	200	-0
93	-0	-0	-0	1506	0	-203	-0	-0	-0	-0	2109	0	-203	-0	-0	-0	-0	903	0	-403	-0	-47.17	653.77	31.49	319.91	0	-301.39	-337.11	-0	-0	-0	300	0	200	-0
94	-0	-0	-0	1506	0	-203	-0	-0	-0	-0	2109	0	-203	-0	0	0	0	903	0	-403	0	-44.59	638.56	31.97	321.69	0	-303.13	-370.62	-0	-0	-0	300	0	200	-0
95	-0	-0	-0	1506	0	-203	-0	-0	-0	-0	2109	0	-203	-0	-0	-0	-0	903	0	-403	-0	-41.61	622.82	32.99	324.05	0	-303.36	-215.48	-0	-0	-0	300	0	200	-0
96	-0	-0	-0	1506	0	-203	-0	-0	-0	-0	2109	0	-203	-0	-0	-0	-0	903	0	-403	-0	-38.42	608.7	33.73	325.94	0	-303.83	-114.23	-0	-0	-0	300	0	200	-0
97	-0	-0	-0	1506	0	-203	-0	-0	-0	-0	2109	0	-203	-0	-0	-0	-0	903	0	-403	-0	-36.24	597.02	34.28	327.49	0	-304.16	4.71	0	0	0	300	0	200	0
98	-0	-0	-0	1506	0	-203	-0	-0	-0	-0	2109	0	-203	-0	-0	-0	-0	903	0	-403	-0	-33.39	582.63	34.55	330.09	0	-304.69	124.19	0	0	0	300	0	200	0
99	-0	-0	-0	1506	0	-203	-0	-0	-0	-0	2109	0	-203	-0	-0	-0	-0	903	0	-403	-0	-31.43	571.5	34.96	332.15	0	-304.89	262.79	-0	-0	-0	300	0	200	-0
100	-0	-0	-0	1506	0	-203	-0	-0	-0	-0	2109	0	-203	-0	-0	-0	-0	903	0	-403	-0	-30.2	560.1	34.82	334.47	0	-305.36	346.26	-0	-0	-0	300	0	200	-0
101	-0	-0	-0	1506	0	-203	-0	-0	-0	-0	2109	0	-203	-0	-0	-0	-0	903	0	-403	-0	-28.91	547.61	34	337.02	0	-305.68	346.62	-0	-0	-0	300	0	200	-0
102	-0	-0	-0	1506	0	-203	-0	-0	-0	-0	2109	0	-203	-0	-0	-0	-0	903	0	-403	-0	-28.24	536.75	32.99	339.49	0	-306.27	334.93	-0	-0	-0	300	0	200	-0
103	-0	-0	-0	1506	0	-203	-0	-0	-0	-0	2109	0	-203	-0	-0	-0	-0	903	0	-403	-0	-27.22	528.88	31.7	341.52	0	-306.56	350.65	-0	-0	-0	300	0	200	-0
104	-0	-0	-0	1506	0	-203	-0	-0	-0	-0	2109	0	-203	-0	-0	-0	-0	903	0	-403	-0	-26.27	518.56	29.93	344.28	0	-307.1	144.36	-0	-0	-0	300	0	200	-0
105	-0	-0	-0	1506	0	-203	-0	-0	-0	-0	2109	0	-203	-0	-0	-0	-0	903	0	-403	-0	-25.38	511.77	27.9	346.52	0	-307.24	54.73	-0	-0	-0	300	0	200	-0
106	-0	-0	-0	1506	0	-203	-0	-0	-0	-0	2109	0	-203	-0	-0	-0	-0	903	0	-403	-0	-24.16	506.07	26.34	348.73	0	-307.35	-24.56	-0	-0	-0	300	0	200	-0
107	-0	-0	-0	1506	0	-203	-0	-0	-0	-0	2109	0	-203	-0	-0	-0	-0	903	0	-403	-0	-22.94	496.57	24.23	351.72	0	-308.49	-304.94	0	0	0	300	0	200	0
108	-0	-0	-0	1506	0	-203	-0	-0	-0	-0	2109	0	-203	-0	-0	-0	-0	903	0	-403	-0	-21.92	491.14	22.67	353.86	0	-308.39	-360.27	-0	-0	-0	300	0	200	-0
109	-0	-0	-0	1506	0	-203	-0	-0	-0	-0	2109	0	-203	-0	-0	-0	-0	903	0	-403	-0	-20.91	488.15	20.91	356.17	0	-308.67	-476.26	-0	-0	-0	300	0	200	-0
110	-0	-0	-0	1506	0	-203	-0	-0	-0	-0	2109	0	-203	-0	0	0	0	903	0	-403	0	-19.95	481.64	19.28	358.59	0	-309.12	-764.23	-0	-0	-0	300	0	200	-0
111	-0	-0	-0	1506	0	-203	-0	-0	-0	-0	2109	0	-203	-0	-0	-0	-0	903	0	-403	-0	-18.87	476.75	17.72	361.1	0	-309.66	-895.76	-0	-0	-0	300	0	200	-0
112	-0	-0	-0	1506	0	-203	-0	-0	-0	-0	2109	0	-203	-0	-0	-0	-0	903	0	-403	-0	-17.44	474.04	16.56	363.43	0	-309.9	-929.71	-0	-0	-0	300	0	200	-0
113	-0	-0	-0	1506	0	-203	-0	-0	-0	-0	2109	0	-203	-0	-0	-0	-0	903	0	-403	-0	-16.36	471.05	15.81	366.26	0	-310.16	-1203.28	-0	-0	-0	300	0	200	-0
114	-0	-0	-0	1506	0	-203	-0	-0	-0	-0	2109	0	-203	-0	-0	-0	-0	903	0	-403	-0	-15.88	468.88	15.81	368.42	0	-310.84	-1308.18	-0	-0	-0	300	0	200	-0
115	-0	-0	-0	1506	0	-203	-0	-0	-0	-0	2109	0	-203	-0	-0	-0	-0	903	0	-403	-0	-14.73	467.52	15.81	370.36	0	-311.39	-1418.04	-0	-0	-0	300	0	200	-0
116	-0	-0	-0	1506	0	-203	-0	-0	-0	-0	2109	0	-203	-0	0	0	0	903	0	-403	0	-13.64	467.25	16.56	372.85	0	-311.95	-1571.12	-0	-0	-0	300	0	200	-0
117	-0	-0	-0	1506	0	-203	-0	-0	-0	-0	2109	0	-203	-0	-0	-0	-0	903	0	-403	-0	-12.49	467.25	17.78	375.36	0	-312.42	-1560.76	-0	-0	-0	300	0	200	-0
118	-0	-0	-0	1506	0	-203	-0	-0	-0	-0	2109	0	-203	-0	-0	-0	-0	903	0	-403	-0	-12.15	467.25	18.94	377.66	0	-313.22	-1742.37	-0	-0	-0	300	0	200	-0
119	-0	-0	-0	1506	0	-203	-0	-0	-0	-0	2109	0	-203	-0	0	0	0	903	0	-403	0	-11	469.42	20.63	379.92	0	-313.74	-1804.59	-0	-0	-0	300	0	200	-0
120	-0	-0	-0	1506	0	-203	-0	-0	-0	-0	2109	0	-203	-0	-0	-0	-0	903	0	-403	-0	-10.45	470.51	22.19	382.22	0	-314.48	-1819.32	-0	-0	-0	300	0	200	-0
121	-0	-0	-0	1506	0	-203	-0	-0	-0	-0	2109	0	-203	-0	-0	-0	-0	903	0	-403	-0	-9.43	473.76	23.55	383.81	0	-314.76	-1885.26	-0	-0	-0	300	0	200	-0
122	-0	-0	-0	1506	0	-203	-0	-0	-0	-0	2109	0	-203	-0	0	0	0	903	0	-403	0	-8.28	478.65	25.59	386.62	0	-315.18	-1901.78	-0	-0	-0	300	0	200	-0
123	-0	-0	-0	1506	0	-203	-0	-0	-0	-0	2109	0	-203	-0	-0	-0	-0	903	0	-403	-0	-7.4	482.18	26.88	388.3	0	-315.56	-1946.92	-0	-0	-0	300	0	200	-0
124	-0	-0	-0	1506	0	-203	-0	-0	-0	-0	2109	0	-203	-0	-0	-0	-0	903	0	-403	-0	-6.52	484.35	28.37	390.21	0	-316.82	-2052.48	-0	-0	-0	300	0	200	-0
125	-0	-0	-0	1506	0	-203	-0	-0	-0	-0	2109	0	-203	-0	-0	-0	-0	903	0	-403	-0	-5.43	491.14	29.8	392.28	0	-317.12	-2090.34	-0	-0	-0	300	0	200	-0
126	-0	-0	-0	1506	0	-203	-0	-0	-0	-0	2109	0	-203	-0	-0	-0	-0	903	0	-403	-0	-4.41	496.84	31.36	394.3	0	-317.2	-2101.46	-0	-0	-0	300	0	200	-0
127	-0	-0	-0	1506	0	-203	-0	-0	-0	-0	2109	0	-203	-0	-0	-0	-0	903	0	-403	-0	-4.14	502.27	31.9	395.89	0	-317.56	-2275.18	-0	-0	-0	300	0	200	-0
128	-0	-0	-0	1506	0	-203	-0	-0	-0	-0	2109	0	-203	-0	-0	-0	-0	903	0	-403	-0	-2.85	508.52	32.65	398.26	0	-318.51	-2339.59	-0	-0	-0	300	0	200	-0
129	-0	-0	-0	1506	0	-203	-0	-0	-0	-0	2109	0	-203	-0	0	0	0	903	0	-403	0	-2.17	516.12	33.39	399.73	0	-318.52	-2464.72	0	0	0	300	0	200	0
130	-0	-0	-0	1506	0	-203	-0	-0	-0	-0	2109	0	-203	-0	-0	-0	-0	903	0	-403	-0	-1.22	523.18	33.67	401.39	0	-318.65	-2603.15	-0	-0	-0	300	0	200	-0
131	-0	-0	-0	1506	0	-203	-0	-0	-0	-0	2109	0	-203	-0	-0	-0	-0	903	0	-403	-0	-0.34	534.85	34.21	402.76	0	-318.37	-2735.21	-0	-0	-0	300	0	200	-0
132	-0	-0	-0	1506	0	-203	-0	-0	-0	-0	2109	0	-203	-0	-0	-0	-0	903	0	-403	-0	0.81	543.54	34.62	404.06	0	-318.4	-2903.07	-0	-0	-0	300	0	200	-0
133	-0	-0	-0	1506	0	-203	-0	-0	-0	-0	2109	0	-203	-0	-0	-0	-0	903	0	-403	-0	1.36	550.6	35.02	406.16	0	-319.08	-3094.29	-0	-0	-0	300	0	200	-0
134	-0	-0	-0	1506	0	-203	-0	-0	-0	-0	2109	0	-203	-0	-0	-0	-0	903	0	-403	-0	2.65	563.36	35.63	407.52	0	-318.95	-3052.1	-0	-0	-0	300	0	200	-0
135	-0	-0	-0	1506	0	-203	-0	-0	-0	-0	2109	0	-203	-0	-0	-0	-0	903	0	-403	-0	3.19	575.3	35.97	408.98	0	-318.74	-3278.34	-0	-0	-0	300	0	200	-0
136	-0	-0	-0	1506	0	-203	-0	-0	-0	-0	2109	0	-203	-0	-0	-0	-0	903	0	-403	-0	3.73	586.44	36.11	410.23	0	-318.69	-3467.9	-0	-0	-0	300	0	200	-0
137	-0	-0	-0	1506	0	-203	-0	-0	-0	-0	2109	0	-203	-0	-0	-0	-0	903	0	-403	-0	4.68	599.47	36.38	411.65	0	-318.84	-3575.52	-0	-0	-0	300	0	200	-0
138	-0	-0	-0	1506	0	-203	-0	-0	-0	-0	2109	0	-203	-0	0	0	0	903	0	-403	0	5.97	610.06	37.81	413.7	0	-318.93	-3549.57	0	0	0	300	0	200	0
139	-0	-0	-0	1506	0	-203	-0	-0	-0	-0	2109	0	-203	-0	-0	-0	-0	903	0	-403	-0	8.01	622	40.39	414.7	0	-318.97	-3341.24	-0	-0	-0	300	0	200	-0
140	-0	-0	-0	1506	0	-203	-0	-0	-0	-0	2109	0	-203	-0	-0	-0	-0	903	0	-403	-0	8.42	639.11	42.15	416.21	0	-318.99	-3269.28	-0	-0	-0	300	0	200	-0
141	-0	-0	-0	1506	0	-203	-0	-0	-0	-0	2109	0	-203	-0	0	0	0	903	0	-403	0	7.53	652.95	42.15	416.85	0	-317.7	-3480.25	0	0	0	300	0	200	0
142	-0	-0	-0	1506	0	-203	-0	-0	-0	-0	2109	0	-203	-0	-0	-0	-0	903	0	-403	-0	7.26	668.43	42.42	417.88	0	-317.1	-3495.47	-0	-0	-0	300	0	200	-0
143	-0	-0	-0	1506	0	-203	-0	-0	-0	-0	2109	0	-203	-0	0	0	0	903	0	-403	0	8.01	685.26	41.95	419.45	0	-316.98	-3597.86	-0	-0	-0	300	0	200	-0
144	-0	-0	-0	1506	0	-203	-0	-0	-0	-0	2109	0	-203	-0	-0	-0	-0	903	0	-403	-0	8.89	700.19	41.47	420.25	0	-317.05	-3761.54	-0	-0	-0	300	0	200	-0
145	-0	-0	-0	1506	0	-203	-0	-0	-0	-0	2109	0	-203	-0	-0	-0	-0	903	0	-403	-0	10.72	713.5	41	421.1	0	-316.76	-3893.39	-0	-0	-0	300	0	200	-0
146	-0	-0	-0	1506	0	-203	-0	-0	-0	-0	2109	0	-203	-0	0	0	0	903	0	-403	0	13.78	730.6	39.3	421.87	0	-316.7	-4146.04	-0	-0	-0	300	0	200	-0
147	-0	-0	-0	1506	0	-203	-0	-0	-0	-0	2109	0	-203	-0	-0	-0	-0	903	0	-403	-0	16.56	746.08	38.55	422.42	0	-316.25	-4381.38	-0	-0	-0	300	0	200	-0
148	-0	-0	-0	1506	0	-203	-0	-0	-0	-0	2109	0	-203	-0	-0	-0	-0	903	0	-403	-0	19.48	759.92	36.79	422.96	0	-315.89	-4636.47	-0	-0	-0	300	0	200	-0
149	-0	-0	-0	1506	0	-203	-0	-0	-0	-0	2109	0	-203	-0	-0	-0	-0	903	0	-403	-0	23.69	777.57	35.43	423.52	0	-315.44	-5019.04	-0	-0	-0	300	0	200	-0
150	-0	-0	-0	1506	0	-203	-0	-0	-0	-0	2109	0	-203	-0	-0	-0	-0	903	0	-403	-0	27.01	790.33	33.33	424.18	0	-315.45	-5330.82	-0	-0	-0	300	0	200	-0
151	-0	-0	-0	1506	0	-203	-0	-0	-0	-0	2109	0	-203	-0	-0	-0	-0	903	0	-403	-0	28.58	804.45	33.26	424.2	0	-315.06	-5514.13	-0	-0	-0	300	0	200	-0
152	-0	-0	-0	1506	0	-203	-0	-0	-0	-0	2109	0	-203	-0	-0	-0	-0	903	0	-403	-0	33.46	819.38	32.24	425.42	0	-314.88	-5752.43	-0	-0	-0	300	0	200	-0
153	-0	-0	-0	1506	0	-203	-0	-0	-0	-0	2109	0	-203	-0	-0	-0	-0	903	0	-403	-0	36.38	831.6	32.38	425.85	0	-314.62	-5890.82	-0	-0	-0	300	0	200	-0
154	-0	-0	-0	1506	0	-203	-0	-0	-0	-0	2109	0	-203	-0	-0	-0	-0	903	0	-403	-0	40.59	843.54	32.17	426.22	0	-314.16	-5913.3	-0	-0	-0	300	0	200	-0
155	-0	-0	-0	1506	0	-203	-0	-0	-0	-0	2109	0	-203	-0	-0	-0	-0	903	0	-403	-0	45.54	858.75	31.77	426.8	0	-313.96	-6092.64	-0	-0	-0	300	0	200	-0
156	-0	-0	-0	1506	0	-203	-0	-0	-0	-0	2109	0	-203	-0	-0	-0	-0	903	0	-403	-0	50.36	870.69	32.1	427.12	0	-313.87	-6021.49	-0	-0	-0	300	0	200	-0
157	-0	-0	-0	1506	0	-203	-0	-0	-0	-0	2109	0	-203	-0	0	0	0	903	0	-403	0	55.11	880.2	31.63	427.61	0	-313.81	-6018.3	-0	-0	-0	300	0	200	-0
158	-0	-0	-0	1506	0	-203	-0	-0	-0	-0	2109	0	-203	-0	-0	-0	-0	903	0	-403	-0	59.86	892.14	32.38	428.33	0	-313.71	-5969.31	-0	-0	-0	300	0	200	-0
159	-0	-0	-0	1506	0	-203	-0	-0	-0	-0	2109	0	-203	-0	-0	-0	-0	903	0	-403	-0	64.55	901.65	32.51	428.57	0	-313.35	-5936.52	-0	-0	-0	300	0	200	-0
160	-0	-0	-0	1506	0	-203	-0	-0	-0	-0	2109	0	-203	-0	-0	-0	-0	903	0	-403	-0	67.53	908.43	33.67	429.29	0	-313.45	-5829.04	-0	-0	-0	300	0	200	-0
161	-0	-0	-0	1506	0	-203	-0	-0	-0	-0	2109	0	-203	-0	-0	-0	-0	903	0	-403	-0	72.56	917.66	34.07	429.63	0	-313.27	-5795.47	0	0	0	300	0	200	0
162	-0	-0	-0	1506	0	-203	-0	-0	-0	-0	2109	0	-203	-0	-0	-0	-0	903	0	-403	-0	76.63	923.91	35.09	430.26	0	-313.12	-5632.86	0	0	0	300	0	200	0
163	-0	-0	-0	1506	0	-203	-0	-0	-0	-0	2109	0	-203	-0	-0	-0	-0	903	0	-403	-0	80.97	928.25	35.77	430.87	0	-312.86	-5396.58	-0	-0	-0	300	0	200	-0
164	-0	-0	-0	1506	0	-203	-0	-0	-0	-0	2109	0	-203	-0	-0	-0	-0	903	0	-403	-0	86.2	931.51	36.24	431.39	0	-312.98	-5313.82	-0	-0	-0	300	0	200	-0
165	-0	-0	-0	1506	0	-203	-0	-0	-0	-0	2109	0	-203	-0	-0	-0	-0	903	0	-403	-0	91.63	933.95	36.45	432.05	0	-312.83	-5024.78	-0	-0	-0	300	0	200	-0
166	-0	-0	-0	1506	0	-203	-0	-0	-0	-0	2109	0	-203	-0	-0	-0	-0	903	0	-403	-0	96.04	936.4	35.97	432.16	0	-312.69	-4927.82	-0	-0	-0	300	0	200	-0
167	-0	-0	-0	1506	0	-203	-0	-0	-0	-0	2109	0	-203	-0	-0	-0	-0	903	0	-403	-0	101.27	936.4	37.06	432.71	0	-312.57	-4704.44	-0	-0	-0	300	0	200	-0
168	-0	-0	-0	1506	0	-203	-0	-0	-0	-0	2109	0	-203	-0	-0	-0	-0	903	0	-403	-0	105.95	934.77	37.4	433.38	0	-312.6	-4519.7	-0	-0	-0	300	0	200	-0
169	-0	-0	-0	1506	0	-203	-0	0	0	0	2109	0	-203	0	-0	-0	-0	903	0	-403	-0	109.48	933.68	38.55	433.42	0	-312.47	-4342.78	0	0	0	300	0	200	0
170	-0	-0	-0	1506	0	-203	-0	-0	-0	-0	2109	0	-203	-0	-0	-0	-0	903	0	-403	-0	115.18	929.07	39.57	434.07	0	-312.45	-3987.01	-0	-0	-0	300	0	200	-0
171	-0	-0	-0	1506	0	-203	-0	-0	-0	-0	2109	0	-203	-0	-0	-0	-0	903	0	-403	-0	120.21	925.54	40.86	434.25	0	-312.2	-3688.99	-0	-0	-0	300	0	200	-0
172	-0	-0	-0	1506	0	-203	-0	-0	-0	-0	2109	0	-203	-0	-0	-0	-0	903	0	-403	-0	125.09	919.84	41.2	434.54	0	-312.26	-3486.47	-0	-0	-0	300	0	200	-0
173	-0	-0	-0	1506	0	-203	-0	-0	-0	-0	2109	0	-203	-0	-0	-0	-0	903	0	-403	-0	130.79	909.79	41.74	435.06	0	-312.13	-3220.08	-0	-0	-0	300	0	200	-0
174	-0	-0	-0	1506	0	-203	-0	-0	-0	-0	2109	0	-203	-0	-0	-0	-0	903	0	-403	-0	136.77	901.65	41.88	435.13	0	-312.05	-2877.39	-0	-0	-0	300	0	200	-0
175	-0	-0	-0	1506	0	-203	-0	-0	-0	-0	2109	0	-203	-0	-0	-0	-0	903	0	-403	-0	140.16	891.87	41.95	435.42	0	-312.02	-2793.11	-0	-0	-0	300	0	200	-0
176	-0	-0	-0	1506	0	-203	-0	-0	-0	-0	2109	0	-203	-0	-0	-0	-0	903	0	-403	-0	145.25	877.48	41.95	435.79	0	-311.99	-2496.85	-0	-0	-0	300	0	200	-0
177	-0	-0	-0	1506	0	-203	-0	-0	-0	-0	2109	0	-203	-0	-0	-0	-0	903	0	-403	-0	148.71	864.45	41.47	436.17	0	-311.81	-2416.55	-0	-0	-0	300	0	200	-0
178	-0	-0	-0	1506	0	-203	-0	-0	-0	-0	2109	0	-203	-0	-0	-0	-0	903	0	-403	-0	151.97	849.79	41.13	436.59	0	-311.98	-2266.46	-0	-0	-0	300	0	200	-0
179	-0	-0	-0	1506	0	-203	-0	-0	-0	-0	2109	0	-203	-0	-0	-0	-0	903	0	-403	-0	156.25	832.14	40.52	436.7	0	-311.69	-2079.93	-0	-0	-0	300	0	200	-0
180	-0	-0	-0	1506	0	-203	-0	-0	-0	-0	2109	0	-203	-0	11.95	46.15	5.36	974.72	0	-207.57	-203.69	160.25	814.22	39.64	437.05	0	-311.75	-1832.36	-0	-0	-0	300	0	200	-0
181	-0	-0	-0	1506	0	-203	-0	-0	-0	-0	2109	0	-203	-0	26.06	207.42	19.62	975.14	0	-203.66	167.32	163.71	797.66	37.74	437.27	0	-311.48	-1862.15	-0	-0	-0	300	0	200	-0
182	-0	-0	-0	1506	0	-203	-0	-0	-0	-0	2109	0	-203	-0	70.25	629.6	61.09	972.99	0	-214.61	-296.29	167.04	773.23	35.36	437.54	0	-311.59	-1770.12	-0	-0	-0	300	0	200	-0
183	-0	-0	-0	1506	0	-203	-0	-0	-0	-0	2109	0	-203	-0	63.67	587.52	61.43	975.33	0	-214.85	-99.14	169.69	751.78	33.33	437.58	0	-311.5	-1667.2	-0	-0	-0	300	0	200	-0
184	-0	-0	-0	1506	0	-203	-0	-0	-0	-0	2109	0	-203	-0	40.72	462.9	53.96	978.53	0	-214.13	-95.75	170.97	730.06	30.88	437.65	0	-311.48	-1640.87	-0	-0	-0	300	0	200	-0
185	-0	-0	-0	1506	0	-203	-0	-0	-0	-0	2109	0	-203	-0	15.07	418.92	46.22	981.49	0	-213.53	-554.49	172.67	696.94	26.81	437.74	0	-311.11	-1572.99	-0	-0	-0	300	0	200	-0
186	-0	-0	-0	1506	0	-203	-0	-0	-0	-0	2109	0	-203	-0	-11.74	459.92	45.54	981.99	0	-213.95	52.44	171.45	663.27	22.94	438.45	0	-311.36	-1574.13	-0	-0	-0	300	0	200	-0
187	-0	-0	-0	1506	0	-203	-0	-0	-0	-0	2109	0	-203	-0	-41	496.84	43.37	983.61	0	-213.98	-143.07	170.57	631.78	19.55	439.24	0	-312.74	-1362.17	-0	-0	-0	300	0	200	-0
188	-0	-0	-0	1506	0	-203	-0	-0	-0	-0	2109	0	-203	-0	-81.25	500.91	34.41	985.96	0	-213.15	-484.29	168.67	590.24	16.63	438.8	0	-312.47	-1162.44	-0	-0	-0	300	0	200	-0
189	-0	-0	-0	1506	0	-203	-0	-0	-0	-0	2109	0	-203	-0	-112.33	486.52	24.71	988.98	0	-211.96	247.14	165.21	549.78	12.69	439.13	0	-312.33	-1222	-0	-0	-0	300	0	200	-0
190	-0	-0	-0	1506	0	-203	-0	-0	-0	-0	2109	0	-203	-0	-136.22	482.45	16.9	990.51	0	-212.35	129.13	160.93	512.32	10.18	439.5	0	-311.65	-1000.45	-0	-0	-0	300	0	200	-0
191	-0	-0	-0	1506	0	-203	-0	-0	-0	-0	2109	0	-203	-0	-146.27	486.79	12.35	991.79	0	-212.29	-13.94	145.45	463.99	5.91	439.35	0	-311.32	-942.2	-0	-0	-0	300	0	200	-0
192	-0	-0	-0	1506	0	-203	-0	-0	-0	-0	2109	0	-203	-0	-131.2	491.95	12.08	992.94	0	-211.77	223.96	132.22	414.31	3.39	440.82	0	-311.29	-903.87	0	0	0	300	0	200	0
193	-0	-0	-0	1506	0	-203	-0	-0	-0	-0	2109	0	-203	-0	-110.23	500.64	15.54	993.03	0	-211.89	455.14	118.64	369.51	1.43	441.76	0	-310.65	-950.54	-0	-0	-0	300	0	200	-0
194	-0	-0	-0	1506	0	-203	-0	-0	-0	-0	2109	0	-203	-0	-87.42	512.86	16.63	993.49	0	-211.55	88.62	101.88	305.71	-1.43	443.42	0	-309.29	-851.74	0	0	0	300	0	200	0
195	-0	-0	-0	1506	0	-203	-0	-0	-0	-0	2109	0	-203	-0	-77.17	520.19	17.17	994	0	-211.92	195.48	84.91	250.86	-2.85	446.57	0	-308.34	-946.52	-0	-0	-0	300	0	200	-0
196	-0	-0	-0	1506	0	-203	-0	-0	-0	-0	2109	0	-203	-0	-73.85	519.92	14.32	994.44	0	-211.71	-19.31	73.98	203.9	-4	449.02	0	-306.09	-769.09	-0	-0	-0	300	0	200	-0
197	-0	-0	-0	1506	0	-203	-0	-0	-0	-0	2109	0	-203	-0	-78.12	523.45	9.77	996.14	0	-210.13	131.74	60.2	153.4	-3.87	454.11	0	-303.88	-513.44	-0	-0	-0	300	0	200	-0
198	-0	-0	-0	1506	0	-203	-0	-0	-0	-0	2109	0	-203	-0	-89.12	536.75	-0.34	997.1	0	-209.9	-69.12	51.11	122.17	-2.99	461.77	0	-304.04	-360.06	-0	-0	-0	300	0	200	-0
199	-0	-0	-0	1506	0	-203	-0	-0	-0	-0	2109	0	-203	-0	-101.95	549.51	-9.03	997.52	0	-209.91	-449.23	42.35	105.61	-1.76	462.72	0	-302.12	-323.12	-0	-0	-0	300	0	200	-0
200	-0	-0	-0	1506	0	-203	-0	-0	-0	-0	2109	0	-203	-0	-116.34	556.84	-16.29	998.24	0	-210.33	-40.78	29.86	86.06	-1.49	466.82	0	-303.32	-159.7	-0	-0	-0	300	0	200	-0
201	-0	-0	-0	1506	0	-203	-0	-0	-0	-0	2109	0	-203	-0	-121.83	553.04	-21.58	998.94	0	-209.77	59.42	20.5	72.49	-0.34	467.62	0	-300.03	-341.76	-0	-0	-0	300	0	200	-0
202	-0	-0	-0	1506	0	-203	-0	-0	-0	-0	2109	0	-203	-0	-123.26	551.14	-22.81	998.97	0	-210.56	-153.96	13.71	61.09	0.54	467.3	0	-299.63	-340.96	-0	-0	-0	300	0	200	-0
203	-0	-0	-0	1506	0	-203	-0	-0	-0	-0	2109	0	-203	-0	-122.04	551.14	-20.16	1000	0	-209.81	178.99	8.01	45.07	2.04	471.68	0	-299.7	-261.95	-0	-0	-0	300	0	200	-0
204	-0	-0	-0	1506	0	-203	-0	-0	-0	-0	2109	0	-203	-0	-120.75	559.28	-17.92	999.94	0	-210.01	-19.06	3.6	33.12	3.19	470.72	0	-298.35	-320.84	-0	-0	-0	300	0	200	-0
205	-0	-0	-0	1506	0	-203	-0	-0	-0	-0	2109	0	-203	-0	-119.8	567.97	-18.94	999.94	0	-210.17	-247.82	1.36	23.08	3.73	464.35	0	-293.84	-331.98	-0	-0	-0	300	0	200	-0
206	-0	-0	-0	1506	0	-203	-0	-0	-0	-0	2109	0	-203	-0	-117.02	575.3	-19.21	999.49	0	-210.61	-35.23	-0	-0	-0	300	0	-203	-0	-0	-0	-0	300	0	200	-0
207	-0	-0	-0	1506	0	-203	-0	-0	-0	-0	2109	0	-203	-0	-113.55	578.56	-17.58	1000.07	0	-210.53	-413.52	-0	-0	-0	300	0	-203	-0	-0	-0	-0	300	0	200	-0
208	-0	-0	-0	1506	0	-203	-0	-0	-0	-0	2109	0	-203	-0	-109.75	579.37	-15.07	1000.43	0	-209.7	-611.16	-0	-0	-0	300	0	-203	-0	-0	-0	-0	300	0	200	-0
209	-0	-0	-0	1506	0	-203	-0	-0	-0	-0	2109	0	-203	-0	-105.95	585.35	-12.96	1000.05	0	-210.64	-495.49	-0	-0	-0	300	0	-203	-0	-0	-0	-0	300	0	200	-0
210	-0	-0	-0	1506	0	-203	-0	-0	-0	-0	2109	0	-203	-0	-102.97	587.79	-12.29	1000.12	0	-210.38	-675.11	-0	-0	-0	300	0	-203	-0	-0	-0	-0	300	0	200	-0
211	-0	-0	-0	1506	0	-203	-0	-0	-0	-0	2109	0	-203	-0	-100.45	588.06	-12.83	1000.26	0	-209.93	-621.67	-0	-0	-0	300	0	-203	-0	0	0	0	300	0	200	0
212	-0	-0	-0	1506	0	-203	-0	-0	-0	-0	2109	0	-203	-0	-96.38	588.6	-12.69	1000.24	0	-210.27	-686.17	-0	-0	-0	300	0	-203	-0	-0	-0	-0	300	0	200	-0
213	-0	-0	-0	1506	0	-203	-0	-0	-0	-0	2109	0	-203	-0	-93.67	587.79	-12.49	1000.26	0	-210.85	-757.78	-0	-0	-0	300	0	-203	-0	-0	-0	-0	300	0	200	-0
214	-0	-0	-0	1506	0	-203	-0	-0	-0	-0	2109	0	-203	-0	-90.95	581.55	-12.56	1000.36	0	-210.87	-580.9	-0	-0	-0	300	0	-203	-0	-0	-0	-0	300	0	200	-0
215	-0	-0	-0	1506	0	-203	-0	-0	-0	-0	2109	0	-203	-0	-87.22	568.51	-13.85	1000.77	0	-210.3	-605.53	-0	-0	-0	300	0	-203	-0	0	0	0	300	0	200	0
216	-0	-0	-0	1506	0	-203	-0	-0	-0	-0	2109	0	-203	-0	-83.89	556.57	-14.46	1000.86	0	-210.5	-820.89	-0	-0	-0	300	0	-203	-0	0	0	0	300	0	200	0
217	-0	-0	-0	1506	0	-203	-0	-0	-0	-0	2109	0	-203	-0	-80.77	543.81	-13.64	1000.87	0	-210.63	-592.18	-0	-0	-0	300	0	-203	-0	-0	-0	-0	300	0	200	-0
218	-0	-0	-0	1506	0	-203	-0	-0	-0	-0	2109	0	-203	-0	-76.9	525.62	-12.56	1001.06	0	-211.11	-712.53	-0	-0	-0	300	0	-203	-0	0	0	0	300	0	200	0
219	-0	-0	-0	1506	0	-203	-0	-0	-0	-0	2109	0	-203	-0	-73.64	506.07	-11.88	1002.34	0	-209.99	-745.57	-0	-0	-0	300	0	-203	-0	-0	-0	-0	300	0	200	-0
220	-0	-0	-0	1506	0	-203	-0	-0	-0	-0	2109	0	-203	-0	-71.81	491.41	-11.27	1002.38	0	-210.58	-501.84	-0	-0	-0	300	0	-203	-0	-0	-0	-0	300	0	200	-0
221	-0	-0	-0	1506	0	-203	-0	-0	-0	-0	2109	0	-203	-0	-69.16	470.23	-9.23	1003.52	0	-209.77	-692.92	-0	-0	-0	300	0	-203	-0	-0	-0	-0	300	0	200	-0
222	-0	-0	-0	1506	0	-203	-0	-0	-0	-0	2109	0	-203	-0	-66.72	457.47	-7.67	1003.91	0	-210.71	-732.63	-0	-0	-0	300	0	-203	-0	0	0	0	300	0	200	0
223	-0	-0	-0	1506	0	-203	-0	-0	-0	-0	2109	0	-203	-0	-65.16	442.81	-6.72	1004.79	0	-210.79	-494.73	-0	-0	-0	300	0	-203	-0	-0	-0	-0	300	0	200	-0
224	-0	-0	-0	1506	0	-203	-0	-0	-0	-0	2109	0	-203	-0	-62.38	423.53	-6.92	1006.07	0	-210.48	-744.82	-0	-0	-0	300	0	-203	-0	-0	-0	-0	300	0	200	-0
225	-0	-0	-0	1506	0	-203	-0	-0	-0	-0	2109	0	-203	-0	-59.73	406.7	-6.38	1006.87	0	-210.11	-753.88	-0	-0	-0	300	0	-203	-0	-0	-0	-0	300	0	200	-0
226	-0	-0	-0	1506	0	-203	-0	-0	-0	-0	2109	0	-203	-0	-58.17	390.14	-6.04	1008.38	0	-209.98	-805.94	-0	-0	-0	300	0	-203	-0	-0	-0	-0	300	0	200	-0
227	-0	-0	-0	1506	0	-203	-0	-0	-0	-0	2109	0	-203	-0	-58.24	372.22	-4.62	1009.05	0	-211.21	-998.39	-0	-0	-0	300	0	-203	-0	-0	-0	-0	300	0	200	-0
228	-0	-0	-0	1506	0	-203	-0	-0	-0	-0	2109	0	-203	-0	-57.69	354.3	-3.73	1010.83	0	-210.04	-923.72	-0	-0	-0	300	0	-203	-0	-0	-0	-0	300	0	200	-0
229	-0	-0	-0	1506	0	-203	-0	-0	-0	-0	2109	0	-203	-0	-57.56	337.47	-2.71	1012.73	0	-208.75	-833.25	-0	-0	-0	300	0	-203	-0	0	0	0	300	0	200	0
230	-0	-0	-0	1506	0	-203	-0	-0	-0	-0	2109	0	-203	-0	-55.66	320.37	-1.97	1013.99	0	-209.18	-1016.14	-0	-0	-0	300	0	-203	-0	-0	-0	-0	300	0	200	-0
231	-0	-0	-0	1506	0	-203	-0	-0	-0	-0	2109	0	-203	-0	-53.28	306.79	-2.17	1015.44	0	-210	-1077.08	-0	-0	-0	300	0	-203	-0	-0	-0	-0	300	0	200	-0
232	-0	-0	-0	1506	0	-203	-0	-0	-0	-0	2109	0	-203	-0	-51.65	291.86	-2.85	1016.75	0	-209.86	-972.99	0	0	0	300	0	-203	0	0	0	0	300	0	200	0
233	-0	-0	-0	1506	0	-203	-0	-0	-0	-0	2109	0	-203	-0	-49.28	273.13	-4.89	1017.78	0	-209.24	-943.05	-0	-0	-0	300	0	-203	-0	-0	-0	-0	300	0	200	-0
234	-0	-0	-0	1506	0	-203	-0	-0	-0	-0	2109	0	-203	-0	-46.83	255.48	-6.31	1020.2	0	-207.73	-1111.06	-0	-0	-0	300	0	-203	-0	0	0	0	300	0	200	0
235	-0	-0	-0	1506	0	-203	-0	-0	-0	-0	2109	0	-203	-0	-44.86	241.63	-6.79	1021.44	0	-207.96	-1290.37	-0	-0	-0	300	0	-203	-0	-0	-0	-0	300	0	200	-0
236	-0	-0	-0	1506	0	-203	-0	-0	-0	-0	2109	0	-203	-0	-42.96	226.16	-6.86	1021.31	0	-209.37	-1201.35	-0	-0	-0	300	0	-203	-0	-0	-0	-0	300	0	200	-0
237	-0	-0	-0	1506	0	-203	-0	-0	-0	-0	2109	0	-203	-0	-42.35	210.14	-6.72	1023.5	0	-208.92	-1061.27	-0	-0	-0	300	0	-203	-0	0	0	0	300	0	200	0
238	-0	-0	-0	1506	0	-203	-0	-0	-0	-0	2109	0	-203	-0	-41.4	197.11	-6.79	1024.61	0	-209.11	-1241.41	0	0	0	300	0	-203	0	-0	-0	-0	300	0	200	-0
239	-0	-0	-0	1506	0	-203	-0	-0	-0	-0	2109	0	-203	-0	-39.57	180	-6.11	1026.51	0	-207.61	-1063.42	-0	-0	-0	300	0	-203	-0	-0	-0	-0	300	0	200	-0
240	-0	-0	-0	1506	0	-203	-0	-0	-0	-0	2109	0	-203	-0	-38.42	167.51	-5.09	1027.74	0	-207.62	-988.56	-0	-0	-0	300	0	-203	-0	-0	-0	-0	300	0	200	-0
241	-0	-0	-0	1506	0	-203	-0	-0	-0	-0	2109	0	-203	-0	-36.65	157.2	-4.41	1027.94	0	-208.31	-1098.99	-0	-0	-0	300	0	-203	-0	0	0	0	300	0	200	0
242	-0	-0	-0	1506	0	-203	-0	-0	-0	-0	2109	0	-203	-0	-34.55	144.16	-4.21	1030.53	0	-208.31	-920.15	-0	-0	-0	300	0	-203	-0	-0	-0	-0	300	0	200	-0
243	-0	-0	-0	1506	0	-203	-0	-0	-0	-0	2109	0	-203	-0	-32.58	132.76	-4.28	1032.34	0	-204.16	-903.51	-0	-0	-0	300	0	-203	-0	-0	-0	-0	300	0	200	-0
244	-0	-0	-0	1506	0	-203	-0	-0	-0	-0	2109	0	-203	-0	-29.86	125.43	-3.94	1033.08	0	-204.97	-1150.58	-0	-0	-0	300	0	-203	-0	-0	-0	-0	300	0	200	-0
245	-0	-0	-0	1506	0	-203	-0	-0	-0	-0	2109	0	-203	-0	-27.62	118.64	-3.87	1033.43	0	-207.59	-1112.58	-0	-0	-0	300	0	-203	-0	0	0	0	300	0	200	0
246	-0	-0	-0	1506	0	-203	-0	-0	-0	-0	2109	0	-203	-0	-26.47	112.4	-3.8	1033.93	0	-206.79	-1110.09	-0	-0	-0	300	0	-203	-0	-0	-0	-0	300	0	200	-0
247	-0	-0	-0	1506	0	-203	-0	-0	-0	-0	2109	0	-203	-0	-26.06	106.7	-4	1033.81	0	-207.43	-930.99	-0	-0	-0	300	0	-203	-0	-0	-0	-0	300	0	200	-0
248	-0	-0	-0	1506	0	-203	-0	-0	-0	-0	2109	0	-203	-0	-24.5	99.37	-3.87	1037.77	0	-204.66	-848.82	-0	-0	-0	300	0	-203	-0	-0	-0	-0	300	0	200	-0
249	-0	-0	-0	1506	0	-203	-0	-0	-0	-0	2109	0	-203	-0	-0	-0	-0	903	0	-403	-0	-0	-0	-0	300	0	-203	-0	-0	-0	-0	300	0	200	-0
250	-0	-0	-0	1506	0	-203	-0	-0	-0	-0	2109	0	-203	-0	-22.4	91.49	-2.85	1037.76	0	-203.87	-688.9	-0	-0	-0	300	0	-203	-0	-0	-0	-0	300	0	200	-0
251	-0	-0	-0	1506	0	-203	-0	-0	-0	-0	2109	0	-203	-0	-21.92	88.51	-2.58	1035.77	0	-206.5	-606.37	-0	-0	-0	300	0	-203	-0	-0	-0	-0	300	0	200	-0
252	-0	-0	-0	1506	0	-203	-0	-0	-0	-0	2109	0	-203	-0	-20.91	84.16	-2.31	1038.19	0	-203.73	-583.65	-0	-0	-0	300	0	-203	-0	-0	-0	-0	300	0	200	-0
253	-0	-0	-0	1506	0	-203	-0	-0	-0	-0	2109	0	-203	-0	-0	-0	-0	903	0	-403	-0	-0	-0	-0	300	0	-203	-0	-0	-0	-0	300	0	200	-0
254	-0	-0	-0	1506	0	-203	-0	-0	-0	-0	2109	0	-203	-0	-20.43	81.18	-0.54	1039.26	0	-204.05	-334.7	-0	-0	-0	300	0	-203	-0	-0	-0	-0	300	0	200	-0
255	-0	-0	-0	1506	0	-203	-0	-0	-0	-0	2109	0	-203	-0	-21.11	80.63	-0.48	1036.42	0	-204.42	-115.86	-0	-0	-0	300	0	-203	-0	-0	-0	-0	300	0	200	-0
256	-0	-0	-0	1506	0	-203	-0	-0	-0	-0	2109	0	-203	-0	-21.38	79.55	-0.75	1035.81	0	-205.17	-15.63	-0	-0	-0	300	0	-203	-0	-0	-0	-0	300	0	200	-0
257	-0	-0	-0	1506	0	-203	-0	-0	-0	-0	2109	0	-203	-0	-0	-0	-0	903	0	-403	-0	-0	-0	-0	300	0	-203	-0	-0	-0	-0	300	0	200	-0
258	-0	-0	-0	1506	0	-203	-0	-0	-0	-0	2109	0	-203	-0	-20.57	79.01	0.75	1037.42	0	-204.16	129.74	-0	-0	-0	300	0	-203	-0	-0	-0	-0	300	0	200	-0
259	-0	-0	-0	1506	0	-203	-0	-0	-0	-0	2109	0	-203	-0	-20.57	79.28	0.34	1034.87	0	-204.84	158.4	-0	-0	-0	300	0	-203	-0	-0	-0	-0	300	0	200	-0
260	-0	-0	-0	1506	0	-203	-0	-0	-0	-0	2109	0	-203	-0	-0	-0	-0	903	0	-403	-0	-0	-0	-0	300	0	-203	-0	-0	-0	-0	300	0	200	-0
261	-0	-0	-0	1506	0	-203	-0	-0	-0	-0	2109	0	-203	-0	-0	-0	-0	903	0	-403	-0	-0	-0	-0	300	0	-203	-0	-0	-0	-0	300	0	200	-0
262	-0	-0	-0	1506	0	-203	-0	-0	-0	-0	2109	0	-203	-0	-18.94	84.71	1.76	1036.68	0	-205.17	308.44	-0	-0	-0	300	0	-203	-0	-0	-0	-0	300	0	200	-0
263	-0	-0	-0	1506	0	-203	-0	-0	-0	-0	2109	0	-203	-0	-18.33	88.78	2.44	1032.56	0	-207.57	315.76	-0	-0	-0	300	0	-203	-0	-0	-0	-0	300	0	200	-0
264	-0	-0	-0	1506	0	-203	-0	-0	-0	-0	2109	0	-203	-0	-17.78	91.22	3.33	1033.33	0	-207.21	462.19	-0	-0	-0	300	0	-203	-0	-0	-0	-0	300	0	200	-0
265	-0	-0	-0	1506	0	-203	-0	-0	-0	-0	2109	0	-203	-0	-16.9	91.77	3.94	1034.51	0	-203.56	381.96	-0	-0	-0	300	0	-203	-0	-0	-0	-0	300	0	200	-0
266	-0	-0	-0	1506	0	-203	-0	-0	-0	-0	2109	0	-203	-0	-16.49	94.75	5.63	1034.73	0	-204.46	462.02	-0	-0	-0	300	0	-203	-0	-0	-0	-0	300	0	200	-0
267	-0	-0	-0	1506	0	-203	-0	-0	-0	-0	2109	0	-203	-0	-16.36	99.37	7.4	1033.05	0	-210.49	468.58	-0	-0	-0	300	0	-203	-0	0	0	0	300	0	200	0
268	-0	-0	-0	1506	0	-203	-0	-0	-0	-0	2109	0	-203	-0	-16.36	100.45	7.74	1034.81	0	-209.27	368.56	-0	-0	-0	300	0	-203	-0	-0	-0	-0	300	0	200	-0
269	-0	-0	-0	1506	0	-203	-0	-0	-0	-0	2109	0	-203	-0	-16.36	99.37	9.64	1039.44	0	-204.24	620.17	-0	-0	-0	300	0	-203	-0	-0	-0	-0	300	0	200	-0
270	-0	-0	-0	1506	0	-203	-0	-0	-0	-0	2109	0	-203	-0	-15.95	99.37	11.33	1042.63	0	-204.52	537.01	-0	-0	-0	300	0	-203	-0	-0	-0	-0	300	0	200	-0
271	-0	-0	-0	1506	0	-203	-0	-0	-0	-0	2109	0	-203	-0	-16.43	101.54	13.1	1041.82	0	-208.63	659.93	-0	-0	-0	300	0	-203	-0	-0	-0	-0	300	0	200	-0
272	-0	-0	-0	1506	0	-203	-0	-0	-0	-0	2109	0	-203	-0	-16.36	100.45	14.86	1045.93	0	-208.17	805.06	-0	-0	-0	300	0	-203	-0	-0	-0	-0	300	0	200	-0
273	-0	-0	-0	1506	0	-203	-0	-0	-0	-0	2109	0	-203	-0	-16.63	99.37	16.43	1048.32	0	-207.85	949.98	-0	-0	-0	300	0	-203	-0	-0	-0	-0	300	0	200	-0
274	-0	-0	-0	1506	0	-203	-0	-0	-0	-0	2109	0	-203	-0	-16.56	98.28	17.58	1053.58	0	-207.24	925.93	-0	-0	-0	300	0	-203	-0	-0	-0	-0	300	0	200	-0
275	-0	-0	-0	1506	0	-203	-0	-0	-0	-0	2109	0	-203	-0	-16.43	96.11	19.48	1057.98	0	-207.4	1142.77	-0	-0	-0	300	0	-203	-0	-0	-0	-0	300	0	200	-0
276	-0	-0	-0	1506	0	-203	-0	-0	-0	-0	2109	0	-203	-0	-16.56	96.38	20.5	1059.98	0	-211.53	1058.31	-0	-0	-0	300	0	-203	-0	-0	-0	-0	300	0	200	-0
277	-0	-0	-0	1506	0	-203	-0	-0	-0	-0	2109	0	-203	-0	-17.1	94.21	21.31	1064.77	0	-211.51	1209.87	-0	-0	-0	300	0	-203	-0	-0	-0	-0	300	0	200	-0
278	-0	-0	-0	1506	0	-203	-0	-0	-0	-0	2109	0	-203	-0	-17.04	89.05	22.06	1076.77	0	-206.92	1484.75	-0	-0	-0	300	0	-203	-0	-0	-0	-0	300	0	200	-0
279	-4.66	16.31	-1.47	1253.72	0	-207.16	-784.65	-0	-0	-0	2109	0	-203	-0	-16.83	87.42	23.08	1082.54	0	-208.63	1556.99	0	0	0	300	0	-203	0	-0	-0	-0	300	0	200	-0
280	-5.47	16	-1.47	1250.39	0	-190.82	-905.48	-0	-0	-0	2109	0	-203	-0	-17.1	84.98	23.82	1090.62	0	-206.45	1853.01	-0	-0	-0	300	0	-203	-0	-0	-0	-0	300	0	200	-0
281	-5.95	17.26	-1.14	1253.22	0	-173.36	-322.92	-0	-0	-0	2109	0	-203	-0	-16.83	83.35	23.89	1095.78	0	-208.07	1965.21	-0	-0	-0	300	0	-203	-0	-0	-0	-0	300	0	200	-0
282	-0	-0	-0	1506	0	-203	-0	-0	-0	-0	2109	0	-203	-0	-16.56	80.91	24.23	1104.5	0	-207.13	2227.04	-0	-0	-0	300	0	-203	-0	-0	-0	-0	300	0	200	-0
283	-0	-0	-0	1506	0	-203	-0	-0	-0	-0	2109	0	-203	-0	-0	-0	-0	903	0	-403	-0	-0	-0	-0	300	0	-203	-0	-0	-0	-0	300	0	200	-0
284	-9.16	24.47	-1.31	1277.74	0	-193.13	-958.98	-0	-0	-0	2109	0	-203	-0	-13.64	76.83	23.08	1121.1	0	-204.29	2129.27	-0	-0	-0	300	0	-203	-0	-0	-0	-0	300	0	200	-0
285	-0	-0	-0	1506	0	-203	-0	-0	-0	-0	2109	0	-203	-0	-13.1	77.65	23.48	1122.19	0	-210.81	2024.39	-0	-0	-0	300	0	-203	-0	-0	-0	-0	300	0	200	-0
286	-10.13	23.53	-4.06	1232.1	0	-183.98	-208.18	-0	-0	-0	2109	0	-203	-0	-12.9	76.56	22.74	1126.56	0	-209.53	2058.22	-0	-0	-0	300	0	-203	-0	-0	-0	-0	300	0	200	-0
287	-11.73	25.1	-4.39	1223.69	0	-181.29	-278.08	-0	-0	-0	2109	0	-203	-0	-12.35	74.93	21.45	1137.31	0	-206.24	1992.9	-0	-0	-0	300	0	-203	-0	-0	-0	-0	300	0	200	-0
288	-12.38	26.04	-3.74	1215.8	0	-190.98	-729.04	-0	-0	-0	2109	0	-203	-0	-0	-0	-0	903	0	-403	-0	-0	-0	-0	300	0	-203	-0	-0	-0	-0	300	0	200	-0
289	-0	-0	-0	1506	0	-203	-0	-0	-0	-0	2109	0	-203	-0	-11.06	74.39	18.6	1148.1	0	-204.99	1839.2	-0	-0	-0	300	0	-203	-0	-0	-0	-0	300	0	200	-0
290	-11.41	30.43	-5.68	1246.84	0	-188.34	-44.17	-0	-0	-0	2109	0	-203	-0	-10.52	76.02	15.75	1150.65	0	-208.87	1435.69	-0	-0	-0	300	0	-203	-0	-0	-0	-0	300	0	200	-0
291	-14.47	29.81	-4.23	1253.26	0	-185.69	-684.19	-0	-0	-0	2109	0	-203	-0	-0	-0	-0	903	0	-403	-0	-0	-0	-0	300	0	-203	-0	-0	-0	-0	300	0	200	-0
292	-15.27	32.63	-3.43	1221.99	0	-189.44	-1131.24	-0	-0	-0	2109	0	-203	-0	-9.37	77.38	7.94	1158.43	0	-206.57	432.48	-0	-0	-0	300	0	-203	-0	-0	-0	-0	300	0	200	-0
293	-13.82	31.06	-4.72	1211.99	0	-187.14	-867	-0	-0	-0	2109	0	-203	-0	-9.77	79.55	8.62	1165.67	0	-204.48	142.94	-0	-0	-0	300	0	-203	-0	-0	-0	-0	300	0	200	-0
294	-15.75	32.63	-4.88	1229.02	0	-191.59	-602.41	-0	-0	-0	2109	0	-203	-0	-10.59	83.62	10.38	1161.95	0	-208.71	972.69	-0	-0	-0	300	0	-203	-0	-0	-0	-0	300	0	200	-0
295	-15.91	34.83	-6.66	1222.85	0	-193.67	-436.02	-0	-0	-0	2109	0	-203	-0	-12.08	86.34	13.3	1162.11	0	-209.22	1678.33	-0	-0	-0	300	0	-203	-0	-0	-0	-0	300	0	200	-0
296	-17.84	38.59	-8.28	1241.58	0	-184.89	-230.62	-0	-0	-0	2109	0	-203	-0	-12.62	89.59	13.1	1161.77	0	-208.88	1216.93	-0	-0	-0	300	0	-203	-0	-0	-0	-0	300	0	200	-0
297	-16.23	42.04	-6.49	1263.59	0	-192.37	-382.48	-0	-0	-0	2109	0	-203	-0	-13.1	91.49	14.46	1164.84	0	-206.13	1751.16	-0	-0	-0	300	0	-203	-0	-0	-0	-0	300	0	200	-0
298	-17.36	41.72	-5.53	1258.95	0	-197.5	-1135.93	-0	-0	-0	2109	0	-203	-0	-12.42	96.11	12.35	1161.02	0	-210.27	466.26	-0	-0	-0	300	0	-203	-0	-0	-0	-0	300	0	200	-0
299	-18	43.3	-8.6	1251.31	0	-186.33	-169.03	-0	-0	-0	2109	0	-203	-0	-12.9	98.28	13.57	1164.58	0	-208.36	909.88	-0	-0	-0	300	0	-203	-0	-0	-0	-0	300	0	200	-0
300	-20.41	38.6	-8.44	1212.43	0	-179.25	174.5	-0	-0	-0	2109	0	-203	-0	-12.76	99.64	12.42	1167.66	0	-206.58	389.16	-0	-0	-0	300	0	-203	-0	-0	-0	-0	300	0	200	-0
301	-18.81	43.93	-7.96	1231.23	0	-192.72	-684.26	-0	-0	-0	2109	0	-203	-0	-12.35	101.81	14.73	1167.84	0	-205.22	253.29	-0	-0	-0	300	0	-203	-0	-0	-0	-0	300	0	200	-0
302	-18.16	46.43	-8.61	1241.29	0	-195.56	-792.79	-0	-0	-0	2109	0	-203	-0	-12.83	106.97	16.43	1163.58	0	-209.6	844.57	-0	-0	-0	300	0	-203	-0	-0	-0	-0	300	0	200	-0
303	-19.61	44.87	-8.76	1231.93	0	-181.21	239.5	-0	-0	-0	2109	0	-203	-0	-13.24	110.5	18.46	1160.62	0	-211.41	1025.46	-0	-0	-0	300	0	-203	-0	-0	-0	-0	300	0	200	-0
304	-19.45	49.57	-10.22	1244.18	0	-188.47	32.28	-0	-0	-0	2109	0	-203	-0	-13.37	111.59	19.07	1161.08	0	-211.05	555.25	-0	-0	-0	300	0	-203	-0	-0	-0	-0	300	0	200	-0
305	-21.38	47.07	-9.58	1217.6	0	-188.65	-152.19	-0	-0	-0	2109	0	-203	-0	-12.49	112.4	19.55	1165.71	0	-208.39	1066.69	-0	-0	-0	300	0	-203	-0	-0	-0	-0	300	0	200	-0
306	-18.97	48.63	-8.29	1225.39	0	-196.34	-684.8	-0	-0	-0	2109	0	-203	-0	-11.81	113.76	19.55	1167.91	0	-209.38	517.7	-0	-0	-0	300	0	-203	-0	-0	-0	-0	300	0	200	-0
307	-18.48	44.55	-9.41	1224.17	0	-201.18	-193.59	-0	-0	-0	2109	0	-203	-0	-10.79	114.57	18.94	1166.75	0	-209.31	-252.12	-0	-0	-0	300	0	-203	-0	-0	-0	-0	300	0	200	-0
308	-20.25	49.57	-9.9	1223.16	0	-191.19	286.26	-0	-0	-0	2109	0	-203	-0	-9.71	116.74	19.82	1165.04	0	-209.72	242.5	-0	-0	-0	300	0	-203	-0	-0	-0	-0	300	0	200	-0
309	-19.61	51.77	-9.26	1234.55	0	-190.37	-184.7	-0	-0	-0	2109	0	-203	-0	-8.69	116.2	19.68	1164.6	0	-208.82	-349.19	-0	-0	-0	300	0	-203	-0	-0	-0	-0	300	0	200	-0
310	-20.57	50.51	-8.14	1214.43	0	-199.41	-1045.65	-0	-0	-0	2109	0	-203	-0	-7.87	115.93	21.38	1165.33	0	-209.32	-172.4	-0	-0	-0	300	0	-203	-0	-0	-0	-0	300	0	200	-0
311	-18.16	53.65	-8.12	1228.97	0	-195.4	-374.81	-0	-0	-0	2109	0	-203	-0	-6.11	114.03	21.99	1169.46	0	-207.9	348.89	-0	-0	-0	300	0	-203	-0	-0	-0	-0	300	0	200	-0
312	-18.32	62.11	-7.47	1283.76	0	-190.47	-607.77	-0	-0	-0	2109	0	-203	-0	-5.36	114.3	22.81	1164.12	0	-209.93	72.11	-0	-0	-0	300	0	-203	-0	-0	-0	-0	300	0	200	-0
313	-19.61	54.28	-8.61	1226.29	0	-187.6	35.64	-0	-0	-0	2109	0	-203	-0	-3.94	112.4	22.33	1166.2	0	-208.14	43.65	-0	-0	-0	300	0	-203	-0	-0	-0	-0	300	0	200	-0
314	-18.48	53.34	-7.64	1221.2	0	-189.98	-237.4	-0	-0	-0	2109	0	-203	-0	-1.7	108.6	21.38	1168.69	0	-207.04	-70.8	-0	-0	-0	300	0	-203	-0	-0	-0	-0	300	0	200	-0
315	-17.68	52.08	-5.21	1222.29	0	-193.21	-689.91	-0	-0	-0	2109	0	-203	-0	1.02	105.34	20.5	1172.19	0	-205.56	-525.6	-0	-0	-0	300	0	-203	-0	-0	-0	-0	300	0	200	-0
316	-16.23	58.35	-6.18	1251.8	0	-196.34	-528.25	-0	-0	-0	2109	0	-203	-0	2.44	105.07	20.16	1166.19	0	-209.51	-432.13	-0	-0	-0	300	0	-203	-0	-0	-0	-0	300	0	200	-0
317	-16.07	56.16	-7.79	1240.89	0	-195.45	177.68	-0	-0	-0	2109	0	-203	-0	4.14	101.27	19.89	1164.22	0	-210.56	-390.96	-0	-0	-0	300	0	-203	-0	-0	-0	-0	300	0	200	-0
318	-15.75	53.02	-5.05	1230.24	0	-192.53	-532.63	-0	-0	-0	2109	0	-203	-0	6.11	97.47	18.94	1164.08	0	-209.28	-585.44	-0	-0	-0	300	0	-203	-0	-0	-0	-0	300	0	200	-0
319	-10.61	65.56	-4.7	1307.81	0	-193.12	-830.05	-0	-0	-0	2109	0	-203	-0	7.13	91.77	19.28	1170.08	0	-206.56	219.38	-0	-0	-0	300	0	-203	-0	-0	-0	-0	300	0	200	-0
320	0.31	110.32	-6.27	1492.48	0	-222.67	-1615.74	-0	-0	-0	2109	0	-203	-0	9.1	87.69	18.53	1168.33	0	-207.82	-127.39	-0	-0	-0	300	0	-203	-0	-0	-0	-0	300	0	200	-0
321	31.01	370.42	-26.06	1657.91	0	-237.57	-1194.16	-0	-0	-0	2109	0	-203	-0	10.66	85.52	17.58	1163.29	0	-212.7	-60.43	-0	-0	-0	300	0	-203	-0	0	0	0	300	0	200	0
322	72.97	651.49	-69.22	1685.21	0	-241.09	-458.73	-0	-0	-0	2109	0	-203	-0	-0	-0	-0	903	0	-403	-0	-0	-0	-0	300	0	-203	-0	-0	-0	-0	300	0	200	-0
323	45.33	541.95	-72.21	1683.88	0	-238.7	407.35	-0	-0	-0	2109	0	-203	-0	13.91	73.3	15.54	1171.87	0	-203.75	-158.72	-0	-0	-0	300	0	-203	-0	-0	-0	-0	300	0	200	-0
324	13.34	453.37	-63.31	1678.11	0	-236.56	1350.75	-0	-0	-0	2109	0	-203	-0	15.41	70.32	14.25	1166.22	0	-210.78	-20	-0	-0	-0	300	0	-203	-0	-0	-0	-0	300	0	200	-0
325	-10.92	458.03	-60.22	1689.82	0	-238.1	1277.06	-0	-0	-0	2109	0	-203	-0	16.36	66.25	13.57	1164.91	0	-210	320.83	-0	-0	-0	300	0	-203	-0	-0	-0	-0	300	0	200	-0
326	-41.29	519.35	-59.55	1698.59	0	-239.37	1002.13	-0	-0	-0	2109	0	-203	-0	17.99	61.36	12.29	1161.72	0	-209.24	-137.7	-0	-0	-0	300	0	-203	-0	-0	-0	-0	300	0	200	-0
327	-79.7	558.76	-58.86	1704.79	0	-240.77	1499.31	-0	-0	-0	2109	0	-203	-0	19.28	56.2	11.4	1169.76	0	-206.18	201.23	-0	-0	-0	300	0	-203	-0	0	0	0	300	0	200	0
328	-123.73	561.86	-51.87	1713.99	0	-240.9	2705.08	-0	-0	-0	2109	0	-203	-0	-0	-0	-0	903	0	-403	-0	-0	-0	-0	300	0	-203	-0	-0	-0	-0	300	0	200	-0
329	-160.21	556.19	-42.18	1721.07	0	-242.75	2372.44	-0	-0	-0	2109	0	-203	-0	19.75	47.24	10.45	1159.63	0	-209.14	420.53	-0	-0	-0	300	0	-203	-0	-0	-0	-0	300	0	200	-0
330	-176.77	556.78	-30.9	1725.04	0	-244.16	2393.45	-0	-0	-0	2109	0	-203	-0	18.67	42.08	9.77	1161.26	0	-203.73	537.36	-0	-0	-0	300	0	-203	-0	-0	-0	-0	300	0	200	-0
331	-157.65	569.61	-32.7	1726.88	0	-245.03	1468.23	-0	-0	-0	2109	0	-203	-0	-0	-0	-0	903	0	-403	-0	-0	-0	-0	300	0	-203	-0	-0	-0	-0	300	0	200	-0
332	-122.29	603.73	-33.69	1725.6	0	-245.4	1806	-0	-0	-0	2109	0	-203	-0	-0	-0	-0	903	0	-403	-0	-0	-0	-0	300	0	-203	-0	-0	-0	-0	300	0	200	-0
333	-94.17	631.57	-34.69	1727.08	0	-247.7	918.2	-0	-0	-0	2109	0	-203	-0	12.22	28.24	7.87	1168.24	0	-203.22	502.58	0	0	0	300	0	-203	0	-0	-0	-0	300	0	200	-0
334	-89.03	668.81	-30.35	1728.15	0	-247.2	1073.81	1.6	36.93	-2.08	1887.29	0	-287.06	-177.83	9.64	24.43	6.58	1166.6	0	-225.76	294.45	-0	-0	-0	300	0	-203	-0	0	0	0	300	0	200	0
335	-104.78	687.87	-22.62	1732.64	0	-248.54	854.66	-1.28	50.7	-0.65	1900.33	0	-292.51	314.89	7.47	18.73	4.95	1183.51	0	-217.47	277.03	-0	-0	-0	300	0	-203	-0	-0	-0	-0	300	0	200	-0
336	-132.42	687.55	-23.07	1733.09	0	-248.32	781.25	-6.88	64.16	-0.33	1903.82	0	-295.16	220.94	5.43	15.2	3.87	1186.03	0	-219.76	437.88	-0	-0	-0	300	0	-203	-0	-0	-0	-0	300	0	200	-0
337	-158.45	677.23	-21.27	1732.21	0	-247.39	1177.86	-11.67	79.5	0.62	1906.64	0	-295.24	56.59	-0	-0	-0	903	0	-403	-0	-0	-0	-0	300	0	-203	-0	-0	-0	-0	300	0	200	-0
338	-171.96	657.18	-15.15	1735.66	0	-248.64	720.85	-14.71	97.65	4.13	1908.16	0	-296.36	45.87	-0	-0	-0	903	0	-403	-0	-0	-0	-0	300	0	-203	-0	-0	-0	-0	300	0	200	-0
339	-177.26	656.87	-10.68	1734.71	0	-248.17	-1277.72	-15.83	119.56	6.83	1905.77	0	-299.53	519.87	-0	-0	-0	903	0	-403	-0	-0	-0	-0	300	0	-203	-0	-0	-0	-0	300	0	200	-0
340	-177.27	681.27	-6.2	1733.31	0	-248.54	-2483.73	-16.47	139.28	6.99	1906	0	-296.33	883.68	-0	-0	-0	903	0	-403	-0	-0	-0	-0	300	0	-203	-0	-0	-0	-0	300	0	200	-0
341	-177.75	710.05	3.67	1733.41	0	-249.3	864.85	-17.75	156.49	7.79	1905.94	0	-295.18	346.64	-0	-0	-0	903	0	-403	-0	-0	-0	-0	300	0	-203	-0	-0	-0	-0	300	0	200	-0
342	-180.96	714.72	4.33	1737.76	0	-251.01	949.38	-19.51	168.7	6.99	1904.18	0	-297.86	-37.46	-0	-0	-0	903	0	-403	-0	-0	-0	-0	300	0	-203	-0	-0	-0	-0	300	0	200	-0
343	-190.77	715.97	0.43	1740.72	0	-250.24	-1642.67	-22.55	178.72	3.62	1901.53	0	-297.23	662.98	-0	-0	-0	903	0	-403	-0	-0	-0	-0	300	0	-203	-0	-0	-0	-0	300	0	200	-0
344	-194.78	722.54	3.51	1741.18	0	-250.38	-461.4	-24.15	192.49	2.5	1907.51	0	-294.68	918.03	-0	-0	-0	903	0	-403	-0	-0	-0	-0	300	0	-203	-0	-0	-0	-0	300	0	200	-0
345	-194.46	726.9	4.99	1744.44	0	-250.93	864.47	-24.63	199.69	1.71	1904.95	0	-296.26	415.74	-0	-0	-0	903	0	-403	-0	-0	-0	-0	300	0	-203	-0	-0	-0	-0	300	0	200	-0
346	-192.69	736.29	3.22	1746.8	0	-251.04	1079.1	-23.19	211.27	2.66	1906.09	0	-294.67	349.38	-0	-0	-0	903	0	-403	-0	-0	-0	-0	300	0	-203	-0	-0	-0	-0	300	0	200	-0
347	-190.93	746.61	-0.34	1747.36	0	-252.07	-583.52	-19.67	216.28	2.02	1905.78	0	-296.51	1060.19	-0	-0	-0	903	0	-403	-0	-0	-0	-0	300	0	-203	-0	0	0	0	300	0	200	0
348	-188.35	751.3	2.41	1749.6	0	-250.43	891.19	-18.39	220.97	2.18	1904.43	0	-297.03	910.39	-0	-0	-0	903	0	-403	-0	-0	-0	-0	300	0	-203	-0	-0	-0	-0	300	0	200	-0
349	-177.26	748.46	4.85	1755	0	-251.81	2685.91	-16	226.6	2.5	1905.6	0	-294.3	649.77	-0	-0	-0	903	0	-403	-0	-0	-0	-0	300	0	-203	-0	0	0	0	300	0	200	0
350	-171.16	746.56	3.71	1759.38	0	-253.12	2397.35	-13.6	228.17	1.23	1903.39	0	-295.42	554.35	-0	-0	-0	903	0	-403	-0	-0	-0	-0	300	0	-203	-0	-0	-0	-0	300	0	200	-0
351	-166.98	743.12	3.87	1760.24	0	-252.68	2793.04	-11.68	230.05	-0.53	1903.28	0	-295.03	964.46	-0	-0	-0	903	0	-403	-0	-0	-0	-0	300	0	-203	-0	-0	-0	-0	300	0	200	-0
352	-162.16	739.99	5.16	1761.97	0	-252.2	3476.15	-10.08	232.86	-0.85	1907.44	0	-293.18	577.96	-0	-0	-0	903	0	-403	-0	-0	-0	-0	300	0	-203	-0	-0	-0	-0	300	0	200	-0
353	-156.53	741.88	4.19	1757.62	0	-252.54	2856.59	-8.01	229.42	-2.44	1902.94	0	-295.36	819.46	-0	-0	-0	903	0	-403	-0	-0	-0	-0	300	0	-203	-0	0	0	0	300	0	200	0
354	-150.27	739.38	4.66	1758.54	0	-252.37	2904.07	-5.93	228.48	-2.6	1902.26	0	-293.63	544.05	-0	-0	-0	903	0	-403	-0	-0	-0	-0	300	0	-203	-0	-0	-0	-0	300	0	200	-0
355	-145.77	735.31	3.7	1758.79	0	-252.46	3076.99	-2.09	228.17	-2.6	1904.16	0	-294.58	821.02	-0	-0	-0	903	0	-403	-0	-0	-0	-0	300	0	-203	-0	-0	-0	-0	300	0	200	-0
356	-141.91	723.73	4.82	1759.54	0	-252.5	3182.44	0.62	225.67	-2.44	1905.24	0	-295.56	881.54	-0	-0	-0	903	0	-403	-0	-0	-0	-0	300	0	-203	-0	-0	-0	-0	300	0	200	-0
357	-137.41	718.42	4	1757.27	0	-252.56	2580.05	2.22	223.79	-3.23	1904.98	0	-293.49	1041.5	-0	-0	-0	903	0	-403	-0	-0	-0	-0	300	0	-203	-0	-0	-0	-0	300	0	200	-0
358	-130.18	713.74	3.51	1755.45	0	-251.92	2569.94	3.18	219.09	-2.59	1902.25	0	-294.08	494.3	-0	-0	-0	903	0	-403	-0	-0	-0	-0	300	0	-203	-0	-0	-0	-0	300	0	200	-0
359	-123.27	697.45	3.03	1758.71	0	-252.88	2717.62	5.58	214.4	-2.11	1902.06	0	-294.74	489.26	-0	-0	-0	903	0	-403	-0	-0	-0	-0	300	0	-203	-0	-0	-0	-0	300	0	200	-0
360	-118.13	690.27	1.24	1756.34	0	-251.51	2402.7	7.82	212.52	-1.63	1903.68	0	-294.03	580.74	-0	-0	-0	903	0	-403	-0	-0	-0	-0	300	0	-203	-0	-0	-0	-0	300	0	200	-0
361	-112.83	673.37	2.84	1758.35	0	-252.06	2342.53	9.26	208.14	-2.75	1903.9	0	-294.04	685.02	-0	-0	-0	903	0	-403	-0	-0	-0	-0	300	0	-203	-0	-0	-0	-0	300	0	200	-0
362	-107.36	662.42	4.78	1755.83	0	-252.11	2749.19	10.7	207.2	-3.07	1904.82	0	-292.17	1006.35	-0	-0	-0	903	0	-403	-0	-0	-0	-0	300	0	-203	-0	-0	-0	-0	300	0	200	-0
363	-99.97	644.58	2.67	1756	0	-252.88	2126.64	12.29	200	-2.1	1901.29	0	-295.34	640.28	-0	-0	-0	903	0	-403	-0	-0	-0	-0	300	0	-203	-0	-0	-0	-0	300	0	200	-0
364	-94.67	623.62	2.67	1757.09	0	-252.57	2416.17	13.25	196.87	-0.5	1899.5	0	-295.65	388.23	-0	-0	-0	903	0	-403	-0	-0	-0	-0	300	0	-203	-0	-0	-0	-0	300	0	200	-0
365	-89.36	606.1	1.2	1755.88	0	-252.27	1562.3	14.37	195.31	-0.66	1900.98	0	-295.85	527.33	-0	-0	-0	903	0	-403	-0	-0	-0	-0	300	0	-203	-0	-0	-0	-0	300	0	200	-0
366	-87.28	587.64	4.9	1755.27	0	-252.56	2023.07	14.69	195.93	1.25	1905.55	0	-292.41	458.06	-0	-0	-0	903	0	-403	-0	-0	-0	-0	300	0	-203	-0	-0	-0	-0	300	0	200	-0
367	-79.56	564.8	4.89	1755.92	0	-252.24	1697.13	15.33	191.24	1.25	1900.4	0	-295.58	467.67	-0	-0	-0	903	0	-403	-0	-0	-0	-0	300	0	-203	-0	-0	-0	-0	300	0	200	-0
368	-75.71	546.96	4.57	1756.51	0	-253.27	1755.83	17.41	188.42	2.38	1901.47	0	-296.88	233.64	0	0	0	903	0	-403	0	-0	-0	-0	300	0	-203	-0	-0	-0	-0	300	0	200	-0
369	-71.21	525.68	5.52	1756.82	0	-253.22	1233.85	17.41	187.49	2.53	1899.43	0	-297.51	622.38	-0	-0	-0	903	0	-403	-0	-0	-0	-0	300	0	-203	-0	-0	-0	-0	300	0	200	-0
370	-68.48	505.97	7.28	1755.33	0	-253.01	850.22	18.21	186.23	3.65	1900.91	0	-297.05	639.11	-0	-0	-0	903	0	-403	-0	-0	-0	-0	300	0	-203	-0	-0	-0	-0	300	0	200	-0
371	-63.82	483.12	11.14	1757.09	0	-253.84	1495.47	17.57	185.92	4.45	1898.72	0	-296.39	371.61	-0	-0	-0	903	0	-403	-0	-0	-0	-0	300	0	-203	-0	-0	-0	-0	300	0	200	-0
372	-59.16	464.97	12.58	1754.99	0	-255.03	1419.79	17.73	187.48	5.57	1897.51	0	-297.13	16.41	-0	-0	-0	903	0	-403	-0	-0	-0	-0	300	0	-203	-0	-0	-0	-0	300	0	200	-0
373	-56.59	443.06	13.54	1759.66	0	-254.63	1376.66	19.97	186.55	5.73	1898.03	0	-298.16	543.44	-0	-0	-0	903	0	-403	-0	-0	-0	-0	300	0	-203	-0	0	0	0	300	0	200	0
374	-53.86	424.29	14.65	1756.14	0	-254.67	715.03	19.65	188.11	7.33	1899.37	0	-299.56	596.52	-0	-0	-0	903	0	-403	-0	-0	-0	-0	300	0	-203	-0	-0	-0	-0	300	0	200	-0
375	-50.97	405.52	17.38	1756.02	0	-254.71	664.46	20.61	191.24	7.33	1899.77	0	-298.37	885.26	-0	-0	-0	903	0	-403	-0	-0	-0	-0	300	0	-203	-0	-0	-0	-0	300	0	200	-0
376	-47.11	387.05	19.96	1755.65	0	-256.38	997.7	19.65	192.18	9.09	1895.67	0	-298.44	357.12	-0	-0	-0	903	0	-403	-0	-0	-0	-0	300	0	-203	-0	-0	-0	-0	300	0	200	-0
377	-43.25	367.02	21.25	1758.17	0	-255.86	1565.28	19.01	196.57	10.04	1898.36	0	-298.37	129.79	-0	-0	-0	903	0	-403	-0	-0	-0	-0	300	0	-203	-0	-0	-0	-0	300	0	200	-0
378	-43.41	349.5	21.88	1758.61	0	-255.85	1166.71	19.65	200.32	10.04	1898.09	0	-300.34	534.05	-0	-0	-0	903	0	-403	-0	-0	-0	-0	300	0	-203	-0	-0	-0	-0	300	0	200	-0
379	-40.52	333.86	21.71	1755.48	0	-255.88	464.18	20.61	202.51	9.88	1898.43	0	-299.88	764	-0	-0	-0	903	0	-403	-0	-0	-0	-0	300	0	-203	-0	-0	-0	-0	300	0	200	-0
380	-39.88	317.27	24.94	1758.16	0	-256.16	1300.04	20.13	208.15	9.56	1899.21	0	-299.13	963.19	-0	-0	-0	903	0	-403	-0	-0	-0	-0	300	0	-203	-0	-0	-0	-0	300	0	200	-0
381	-35.54	299.74	24.29	1759.41	0	-258.63	1083.27	19.81	210.65	10.36	1895.69	0	-300.66	713.45	-0	-0	-0	903	0	-403	-0	-0	-0	-0	300	0	-203	-0	-0	-0	-0	300	0	200	-0
382	-36.02	284.73	23.8	1759.5	0	-257.96	789.89	19.01	219.42	11.8	1897.19	0	-300.55	497.22	-0	-0	-0	903	0	-403	-0	-0	-0	-0	300	0	-203	-0	-0	-0	-0	300	0	200	-0
383	-35.86	267.84	23.48	1756.8	0	-255.32	832.32	18.06	223.48	10.99	1896.64	0	-301.47	897.78	-0	-0	-0	903	0	-403	-0	-0	-0	-0	300	0	-203	-0	-0	-0	-0	300	0	200	-0
384	-33.94	252.51	21.87	1757.77	0	-256.58	557.99	16.62	230.37	12.27	1901.59	0	-299.24	783.22	-0	-0	-0	903	0	-403	-0	-0	-0	-0	300	0	-203	-0	0	0	0	300	0	200	0
385	-32.01	233.41	21.87	1762.94	0	-259.21	1066.16	15.66	235.69	12.27	1898.38	0	-301.05	692.79	0	0	0	903	0	-403	0	-0	-0	-0	300	0	-203	-0	-0	-0	-0	300	0	200	-0
386	-30.56	223.72	17.84	1759.55	0	-256.98	436.21	13.58	246.02	14.5	1900.46	0	-299.1	-24.43	-0	-0	-0	903	0	-403	-0	-0	-0	-0	300	0	-203	-0	-0	-0	-0	300	0	200	-0
387	-30.72	209.02	14.94	1760.27	0	-255.52	150.68	15.18	249.46	11.78	1900.38	0	-301.15	1246.86	-0	-0	-0	903	0	-403	-0	-0	-0	-0	300	0	-203	-0	-0	-0	-0	300	0	200	-0
388	-28.79	193.06	14.78	1763.29	0	-256.22	694.33	13.58	255.72	12.58	1901.26	0	-300.07	618.13	-0	-0	-0	903	0	-403	-0	-0	-0	-0	300	0	-203	-0	-0	-0	-0	300	0	200	-0
389	-27.34	182.42	12.37	1768.39	0	-256.25	546.1	13.42	263.86	12.26	1901	0	-299.98	389.55	-0	-0	-0	903	0	-403	-0	-0	-0	-0	300	0	-203	-0	-0	-0	-0	300	0	200	-0
390	-26.22	171.16	9.31	1770.61	0	-257.12	532.51	12.62	269.49	12.58	1900.1	0	-300.13	76.09	-0	-0	-0	903	0	-403	-0	-0	-0	-0	300	0	-203	-0	-0	-0	-0	300	0	200	-0
391	-26.22	164.6	6.43	1765.55	0	-250.3	788.47	12.77	280.14	12.1	1904.04	0	-300.28	293.16	-0	-0	-0	903	0	-403	-0	-0	-0	-0	300	0	-203	-0	-0	-0	-0	300	0	200	-0
392	-25.89	155.21	4	1768.44	0	-250.53	338.82	12.29	291.4	11.14	1907.16	0	-298.48	398.87	0	0	0	903	0	-403	0	-0	-0	-0	300	0	-203	-0	-0	-0	-0	300	0	200	-0
393	-24.12	145.51	1.75	1768.02	0	-254.2	54.04	12.45	292.03	10.02	1901.61	0	-300	655.12	-0	-0	-0	903	0	-403	-0	0	0	0	300	0	-203	0	-0	-0	-0	300	0	200	-0
394	-24.93	140.51	1.44	1770.84	0	-250.25	1034.88	10.69	304.55	11.13	1903.28	0	-298.3	278.53	-0	-0	-0	903	0	-403	-0	-0	-0	-0	300	0	-203	-0	-0	-0	-0	300	0	200	-0
395	-21.71	131.43	-2.43	1777.46	0	-252.37	533.61	11.17	309.56	10.97	1903.05	0	-299.94	232.25	-0	-0	-0	903	0	-403	-0	-0	-0	-0	300	0	-203	-0	-0	-0	-0	300	0	200	-0
396	-23.8	128.63	-4.68	1768.46	0	-246.39	379.67	11.01	322.07	10.17	1907.14	0	-298.39	611.71	-0	-0	-0	903	0	-403	-0	-0	-0	-0	300	0	-203	-0	0	0	0	300	0	200	0
397	-23	122.37	-4.84	1771.98	0	-248.69	445.48	11.17	331.78	8.89	1906.84	0	-298.17	733.09	-0	-0	-0	903	0	-403	-0	-0	-0	-0	300	0	-203	-0	-0	-0	-0	300	0	200	-0
398	-20.74	115.17	-5.49	1781.4	0	-247.58	656.01	10.21	341.16	11.13	1907.13	0	-296.78	165	-0	-0	-0	903	0	-403	-0	-0	-0	-0	300	0	-203	-0	-0	-0	-0	300	0	200	-0
399	-21.06	112.04	-7.26	1780.01	0	-246.91	400.49	10.85	348.99	11.61	1906.9	0	-298.59	49.26	-0	-0	-0	903	0	-403	-0	-0	-0	-0	300	0	-203	-0	-0	-0	-0	300	0	200	-0
400	-20.58	108.92	-7.26	1773.12	0	-246.1	493.24	10.53	359.95	12.24	1907.62	0	-298.41	191.12	-0	-0	-0	903	0	-403	-0	-0	-0	-0	300	0	-203	-0	-0	-0	-0	300	0	200	-0
401	-20.26	104.85	-7.9	1769.89	0	-244.85	618.57	11.01	367.77	12.88	1908.05	0	-298.65	596.46	-0	-0	-0	903	0	-403	-0	-0	-0	-0	300	0	-203	-0	-0	-0	-0	300	0	200	-0
402	-19.46	104.23	-6.94	1759.81	0	-243.22	603.28	9.73	381.85	14.79	1909.23	0	-296.75	87.41	-0	-0	-0	903	0	-403	-0	-0	-0	-0	300	0	-203	-0	-0	-0	-0	300	0	200	-0
403	-17.85	91.7	-7.26	1789.89	0	-245.62	852.4	10.21	388.74	15.91	1905.75	0	-299.01	196.27	-0	-0	-0	903	0	-403	-0	-0	-0	-0	300	0	-203	-0	-0	-0	-0	300	0	200	-0
404	-18.33	94.22	-7.92	1770.08	0	-239.23	254.43	9.89	401.58	17.35	1909.24	0	-299.04	-111.24	-0	-0	-0	903	0	-403	-0	-0	-0	-0	300	0	-203	-0	-0	-0	-0	300	0	200	-0
405	-17.85	87.33	-7.76	1766.78	0	-242.02	185.91	10.37	409.71	18.78	1907.76	0	-298.98	156.95	-0	-0	-0	903	0	-403	-0	-0	-0	-0	300	0	-203	-0	-0	-0	-0	300	0	200	-0
406	-14.63	80.76	-7.28	1775.2	0	-243.53	553.9	9.41	422.86	20.06	1908.88	0	-297.81	-66.3	-0	-0	-0	903	0	-403	-0	-0	-0	-0	300	0	-203	-0	-0	-0	-0	300	0	200	-0
407	-14.31	76.06	-6.47	1782.98	0	-245.04	731.16	9.89	433.19	21.49	1908.36	0	-299.64	-110.02	-0	-0	-0	903	0	-403	-0	-0	-0	-0	300	0	-203	-0	-0	-0	-0	300	0	200	-0
408	-15.12	75.13	-7.93	1756.67	0	-236.98	608.63	10.85	447.9	21.97	1909.6	0	-299.18	56.47	-0	-0	-0	903	0	-403	-0	-0	-0	-0	300	0	-203	-0	-0	-0	-0	300	0	200	-0
409	-13.19	63.23	-8.1	1797.45	0	-241.16	47.26	11.17	456.98	23.08	1908.53	0	-299.37	321.56	-0	-0	-0	903	0	-403	-0	-0	-0	-0	300	0	-203	-0	-0	-0	-0	300	0	200	-0
410	-10.78	63.87	-8.59	1762.98	0	-237.62	123.6	11	469.5	25.48	1908.26	0	-298.64	-369.63	-0	-0	-0	903	0	-403	-0	-0	-0	-0	300	0	-203	-0	-0	-0	-0	300	0	200	-0
411	-12.38	57.6	-8.42	1767.82	0	-241.25	675.5	11.16	486.09	25.31	1910.36	0	-299.33	-132.58	-0	-0	-0	903	0	-403	-0	-0	-0	-0	300	0	-203	-0	0	0	0	300	0	200	0
412	-11.74	50.09	-9.07	1795.23	0	-234.13	336.8	9.88	500.48	25.79	1911.45	0	-299.22	92.1	-0	-0	-0	903	0	-403	-0	-0	-0	-0	300	0	-203	-0	-0	-0	-0	300	0	200	-0
413	-0	-0	-0	1506	0	-203	-0	11	509.87	26.58	1911.01	0	-299.58	-93.28	-0	-0	-0	903	0	-403	-0	-0	-0	-0	300	0	-203	-0	0	0	0	300	0	200	0
414	-10.29	41.02	-8.12	1770.74	0	-235.35	632.47	9.88	526.46	28.82	1911.09	0	-298.83	-374.97	-0	-0	-0	903	0	-403	-0	-0	-0	-0	300	0	-203	-0	-0	-0	-0	300	0	200	-0
415	-0	-0	-0	1506	0	-203	-0	10.36	537.11	29.13	1908.99	0	-300.26	-482.84	-0	-0	-0	903	0	-403	-0	-0	-0	-0	300	0	-203	-0	-0	-0	-0	300	0	200	-0
416	-7.72	34.14	-10.06	1754.3	0	-229.22	551.64	9.4	555.57	30.57	1911.84	0	-299.67	-494.39	-0	-0	-0	903	0	-403	-0	-0	-0	-0	300	0	-203	-0	-0	-0	-0	300	0	200	-0
417	-6.11	26	-9.91	1777.12	0	-216.93	-69.36	9.56	571.22	30.41	1914.18	0	-299.41	-365.37	-0	-0	-0	903	0	-403	-0	-0	-0	-0	300	0	-203	-0	-0	-0	-0	300	0	200	-0
418	-0	-0	-0	1506	0	-203	-0	7.32	581.86	31.52	1913.26	0	-299.1	-555.3	-0	-0	-0	903	0	-403	-0	-0	-0	-0	300	0	-203	-0	-0	-0	-0	300	0	200	-0
419	-2.89	19.74	-7.18	1750.28	0	-218.57	887.68	7.64	598.14	31.36	1913.59	0	-299.26	-948.58	-0	-0	-0	903	0	-403	-0	-0	-0	-0	300	0	-203	-0	-0	-0	-0	300	0	200	-0
420	-0	-0	-0	1506	0	-203	-0	7.16	611.6	32.31	1913.45	0	-299.71	-1125.66	-0	-0	-0	903	0	-403	-0	-0	-0	-0	300	0	-203	-0	-0	-0	-0	300	0	200	-0
421	-0	-0	-0	1506	0	-203	-0	6.83	626.93	31.51	1915.51	0	-298.79	-1177.72	-0	-0	-0	903	0	-403	-0	-0	-0	-0	300	0	-203	-0	-0	-0	-0	300	0	200	-0
422	-0	-0	-0	1506	0	-203	-0	6.03	644.77	30.55	1916.82	0	-297.9	-1679.94	0	0	0	903	0	-403	0	-0	-0	-0	300	0	-203	-0	-0	-0	-0	300	0	200	-0
423	-0	-0	-0	1506	0	-203	-0	8.27	654.16	28.16	1914.58	0	-298.78	-1630.86	-0	-0	-0	903	0	-403	-0	-0	-0	-0	300	0	-203	-0	-0	-0	-0	300	0	200	-0
424	-0	-0	-0	1506	0	-203	-0	10.02	667.93	28.32	1915.71	0	-298.93	-2048.4	-0	-0	-0	903	0	-403	-0	-0	-0	-0	300	0	-203	-0	-0	-0	-0	300	0	200	-0
425	-0	-0	-0	1506	0	-203	-0	11.3	680.76	27.83	1916.78	0	-299.42	-1931.4	-0	-0	-0	903	0	-403	-0	-0	-0	-0	300	0	-203	-0	-0	-0	-0	300	0	200	-0
426	-0	-0	-0	1506	0	-203	-0	14.18	694.53	27.2	1917.36	0	-298.63	-2152.96	-0	-0	-0	903	0	-403	-0	-0	-0	-0	300	0	-203	-0	-0	-0	-0	300	0	200	-0
427	-0	-0	-0	1506	0	-203	-0	19.13	708.93	25.44	1917.88	0	-298.71	-2107.02	-0	-0	-0	903	0	-403	-0	-0	-0	-0	300	0	-203	-0	-0	-0	-0	300	0	200	-0
428	-0	-0	-0	1506	0	-203	-0	20.57	721.76	25.6	1918.34	0	-298.72	-2550.61	-0	-0	-0	903	0	-403	-0	-0	-0	-0	300	0	-203	-0	-0	-0	-0	300	0	200	-0
429	-0	-0	-0	1506	0	-203	-0	23.44	733.66	25.6	1918.37	0	-298.81	-2463.64	-0	-0	-0	903	0	-403	-0	0	0	0	300	0	-203	0	-0	-0	-0	300	0	200	-0
430	-0	-0	-0	1506	0	-203	-0	26.64	744.61	24.32	1918.44	0	-298.74	-2360.52	-0	-0	-0	903	0	-403	-0	-0	-0	-0	300	0	-203	-0	-0	-0	-0	300	0	200	-0
431	-0	-0	-0	1506	0	-203	-0	29.19	759.32	23.84	1919.24	0	-298.55	-2758.97	0	0	0	903	0	-403	0	-0	-0	-0	300	0	-203	-0	-0	-0	-0	300	0	200	-0
432	-0	-0	-0	1506	0	-203	-0	33.98	773.72	23.68	1919.67	0	-298.04	-3025.64	-0	-0	-0	903	0	-403	-0	-0	-0	-0	300	0	-203	-0	-0	-0	-0	300	0	200	-0
433	-0	-0	-0	1506	0	-203	-0	39.9	783.11	23.51	1919.75	0	-298.54	-2615.19	-0	-0	-0	903	0	-403	-0	-0	-0	-0	300	0	-203	-0	0	0	0	300	0	200	0
434	-0	-0	-0	1506	0	-203	-0	43.09	796.56	23.67	1920.54	0	-298.19	-2738.96	-0	-0	-0	903	0	-403	-0	-0	-0	-0	300	0	-203	-0	0	0	0	300	0	200	0
435	-0	-0	-0	1506	0	-203	-0	46.93	806.58	22.87	1920.16	0	-297.9	-2570.94	-0	-0	-0	903	0	-403	-0	-0	-0	-0	300	0	-203	-0	-0	-0	-0	300	0	200	-0
436	-0	-0	-0	1506	0	-203	-0	49.96	821.6	24.31	1921.36	0	-297.54	-3208.95	-0	-0	-0	903	0	-403	-0	-0	-0	-0	300	0	-203	-0	-0	-0	-0	300	0	200	-0
437	-0	-0	-0	1506	0	-203	-0	54.43	829.74	23.99	1921.49	0	-297.9	-2932.22	-0	-0	-0	903	0	-403	-0	-0	-0	-0	300	0	-203	-0	-0	-0	-0	300	0	200	-0
438	-0	-0	-0	1506	0	-203	-0	58.11	839.44	24.14	1922.3	0	-297.65	-2543.54	-0	-0	-0	903	0	-403	-0	-0	-0	-0	300	0	-203	-0	-0	-0	-0	300	0	200	-0
439	-0	-0	-0	1506	0	-203	-0	62.9	849.77	24.94	1923	0	-297.2	-2742.03	-0	-0	-0	903	0	-403	-0	-0	-0	-0	300	0	-203	-0	0	0	0	300	0	200	0
440	-0	-0	-0	1506	0	-203	-0	66.42	856.97	25.1	1922.35	0	-297.23	-2741.93	0	0	0	903	0	-403	0	-0	-0	-0	300	0	-203	-0	-0	-0	-0	300	0	200	-0
441	-0	-0	-0	1506	0	-203	-0	71.05	866.05	25.89	1923.62	0	-296.94	-2608	-0	-0	-0	903	0	-403	-0	-0	-0	-0	300	0	-203	-0	-0	-0	-0	300	0	200	-0
442	-0	-0	-0	1506	0	-203	-0	75.36	874.49	26.69	1925.15	0	-296.55	-2595.13	0	0	0	903	0	-403	0	-0	-0	-0	300	0	-203	-0	-0	-0	-0	300	0	200	-0
443	-0	-0	-0	1506	0	-203	-0	79.68	877.31	25.41	1925.05	0	-296.45	-2228.01	-0	-0	-0	903	0	-403	-0	0	0	0	300	0	-203	0	-0	-0	-0	300	0	200	-0
444	-0	-0	-0	1506	0	-203	-0	83.51	882.94	25.73	1925.3	0	-296.09	-2514.78	0	0	0	903	0	-403	0	-0	-0	-0	300	0	-203	-0	-0	-0	-0	300	0	200	-0
445	-0	-0	-0	1506	0	-203	-0	88.31	885.76	26.21	1925.36	0	-296.15	-2385.69	-0	-0	-0	903	0	-403	-0	-0	-0	-0	300	0	-203	-0	0	0	0	300	0	200	0
446	-0	-0	-0	1506	0	-203	-0	92.46	888.89	26.68	1926.94	0	-295.71	-2282.94	-0	-0	-0	903	0	-403	-0	-0	-0	-0	300	0	-203	-0	-0	-0	-0	300	0	200	-0
447	-0	-0	-0	1506	0	-203	-0	96.14	892.02	25.56	1927.35	0	-294.94	-2044.19	-0	-0	-0	903	0	-403	-0	-0	-0	-0	300	0	-203	-0	-0	-0	-0	300	0	200	-0
448	-0	-0	-0	1506	0	-203	-0	101.09	887.95	26.52	1927.14	0	-294.84	-2219.61	-0	-0	-0	903	0	-403	-0	-0	-0	-0	300	0	-203	-0	-0	-0	-0	300	0	200	-0
449	-0	-0	-0	1506	0	-203	-0	105.09	888.58	26.36	1927.2	0	-295.21	-2282.12	0	0	0	903	0	-403	0	-0	-0	-0	300	0	-203	-0	-0	-0	-0	300	0	200	-0
450	-0	-0	-0	1506	0	-203	-0	109.88	887.95	26.04	1928.46	0	-294.62	-1787.84	-0	-0	-0	903	0	-403	-0	0	0	0	300	0	-203	0	-0	-0	-0	300	0	200	-0
451	-0	-0	-0	1506	0	-203	-0	115.47	882.94	25.56	1928.45	0	-294.48	-1216.52	-0	-0	-0	903	0	-403	-0	-0	-0	-0	300	0	-203	-0	-0	-0	-0	300	0	200	-0
452	-0	-0	-0	1506	0	-203	-0	119.95	879.81	25.56	1928.91	0	-294.55	-1414.2	-0	-0	-0	903	0	-403	-0	-0	-0	-0	300	0	-203	-0	-0	-0	-0	300	0	200	-0
453	-0	-0	-0	1506	0	-203	-0	125.38	871.36	24.76	1927.82	0	-294.84	-884.72	-0	-0	-0	903	0	-403	-0	-0	-0	-0	300	0	-203	-0	-0	-0	-0	300	0	200	-0
454	-0	-0	-0	1506	0	-203	-0	130.18	867.29	26.2	1929.76	0	-294.02	-972.02	-0	-0	-0	903	0	-403	-0	-0	-0	-0	300	0	-203	-0	-0	-0	-0	300	0	200	-0
455	-0	-0	-0	1506	0	-203	-0	135.77	854.46	24.77	1928.92	0	-294.1	-354.23	-0	-0	-0	903	0	-403	-0	-0	-0	-0	300	0	-203	-0	-0	-0	-0	300	0	200	-0
456	-0	-0	-0	1506	0	-203	-0	138.97	848.82	25.41	1929.67	0	-293.43	-790.05	-0	-0	-0	903	0	-403	-0	-0	-0	-0	300	0	-203	-0	-0	-0	-0	300	0	200	-0
457	-0	-0	-0	1506	0	-203	-0	145.05	835.37	24.77	1930.06	0	-293.89	-331.26	-0	-0	-0	903	0	-403	-0	-0	-0	-0	300	0	-203	-0	-0	-0	-0	300	0	200	-0
458	-0	-0	-0	1506	0	-203	-0	150.32	822.22	23.82	1930.25	0	-293.94	-33.08	-0	-0	-0	903	0	-403	-0	-0	-0	-0	300	0	-203	-0	-0	-0	-0	300	0	200	-0
459	-0	-0	-0	1506	0	-203	-0	156.08	809.38	23.02	1930.61	0	-292.97	471.3	-0	-0	-0	903	0	-403	-0	-0	-0	-0	300	0	-203	-0	-0	-0	-0	300	0	200	-0
460	-0	-0	-0	1506	0	-203	-0	165.19	795.3	22.71	1930.92	0	-292.55	1318.21	-0	-0	-0	903	0	-403	-0	-0	-0	-0	300	0	-203	-0	-0	-0	-0	300	0	200	-0
461	-0	-0	-0	1506	0	-203	-0	187.26	779.33	23.81	1932.4	0	-291.18	4789.16	-0	-0	-0	903	0	-403	-0	-0	-0	-0	300	0	-203	-0	0	0	0	300	0	200	0
462	-0	-0	-0	1506	0	-203	-0	222.43	770.23	26.34	1936.65	0	-288.31	11818.3	0	0	0	903	0	-403	0	-0	-0	-0	300	0	-203	-0	-0	-0	-0	300	0	200	-0
463	-0	-0	-0	1506	0	-203	-0	228.83	749.26	28.92	1938.17	0	-287.68	10001.6	-0	-0	-0	903	0	-403	-0	-0	-0	-0	300	0	-203	-0	-0	-0	-0	300	0	200	-0
464	-0	-0	-0	1506	0	-203	-0	218.91	725.79	29.75	1937.08	0	-287.83	5354.56	-0	-0	-0	903	0	-403	-0	-0	-0	-0	300	0	-203	-0	-0	-0	-0	300	0	200	-0
465	-0	-0	-0	1506	0	-203	-0	211.72	698.57	28.81	1937.5	0	-287.92	2346.53	-0	-0	-0	903	0	-403	-0	-0	-0	-0	300	0	-203	-0	-0	-0	-0	300	0	200	-0
466	-0	-0	-0	1506	0	-203	-0	205.81	669.77	26.75	1937.93	0	-287.23	840.84	0	0	0	903	0	-403	0	-0	-0	-0	300	0	-203	-0	-0	-0	-0	300	0	200	-0
467	-0	-0	-0	1506	0	-203	-0	198.29	632.83	22.61	1937.46	0	-286.76	-548.07	-0	-0	-0	903	0	-403	-0	-0	-0	-0	300	0	-203	-0	-0	-0	-0	300	0	200	-0
468	-0	-0	-0	1506	0	-203	-0	187.58	594.02	20.08	1935.72	0	-286.11	-3065.3	-0	-0	-0	903	0	-403	-0	-0	-0	-0	300	0	-203	-0	-0	-0	-0	300	0	200	-0
469	-0	-0	-0	1506	0	-203	-0	177.51	552.4	18.34	1936.63	0	-285.93	-5215.31	-0	-0	-0	903	0	-403	-0	0	0	0	300	0	-203	0	-0	-0	-0	300	0	200	-0
470	-0	-0	-0	1506	0	-203	-0	164.25	511.08	13.72	1938.84	0	-285.43	-6734.7	0	0	0	903	0	-403	0	-0	-0	-0	300	0	-203	-0	-0	-0	-0	300	0	200	-0
471	-0	-0	-0	1506	0	-203	-0	151.94	466.01	8.62	1938.85	0	-284.09	-6896.3	-0	-0	-0	903	0	-403	-0	0	0	0	300	0	-203	0	-0	-0	-0	300	0	200	-0
472	-0	-0	-0	1506	0	-203	-0	143.16	423.75	4.47	1940.53	0	-281.21	-5969.08	-0	-0	-0	903	0	-403	-0	-0	-0	-0	300	0	-203	-0	-0	-0	-0	300	0	200	-0
473	-0	-0	-0	1506	0	-203	-0	136.3	373.05	1.75	1942.6	0	-281.32	-3650.27	-0	-0	-0	903	0	-403	-0	-0	-0	-0	300	0	-203	-0	0	0	0	300	0	200	0
474	-0	-0	-0	1506	0	-203	-0	124	327.04	-1.78	1948.2	0	-278.96	-881.85	0	0	0	903	0	-403	0	-0	-0	-0	300	0	-203	-0	-0	-0	-0	300	0	200	-0
475	-0	-0	-0	1506	0	-203	-0	106.1	274.46	-4.83	1951.21	0	-275.71	1131.02	-0	-0	-0	903	0	-403	-0	-0	-0	-0	300	0	-203	-0	-0	-0	-0	300	0	200	-0
476	-0	-0	-0	1506	0	-203	-0	83.41	223.75	-8.5	1958.15	0	-271.82	1948.29	0	0	0	903	0	-403	0	-0	-0	-0	300	0	-203	-0	-0	-0	-0	300	0	200	-0
477	-0	-0	-0	1506	0	-203	-0	60.72	169.61	-12.81	1965.22	0	-266.89	2252.39	0	0	0	903	0	-403	0	-0	-0	-0	300	0	-203	-0	0	0	0	300	0	200	0
478	-0	-0	-0	1506	0	-203	-0	38.19	128.6	-14.25	1982.52	0	-261.22	1821.31	-0	-0	-0	903	0	-403	-0	-0	-0	-0	300	0	-203	-0	-0	-0	-0	300	0	200	-0
479	-0	-0	-0	1506	0	-203	-0	20.61	101.38	-15.2	1997.66	0	-254.7	1013.69	-0	-0	-0	903	0	-403	-0	-0	-0	-0	300	0	-203	-0	-0	-0	-0	300	0	200	-0
480	-0	-0	-0	1506	0	-203	-0	7.5	80.72	-15.36	2003.25	0	-250.34	534.55	-0	-0	-0	903	0	-403	-0	-0	-0	-0	300	0	-203	-0	-0	-0	-0	300	0	200	-0
481	-0	-0	-0	1506	0	-203	-0	0.15	71.64	-15.84	2010.28	0	-251.94	1463.08	-0	-0	-0	903	0	-403	-0	0	0	0	300	0	-203	0	0	0	0	300	0	200	0
482	-0	-0	-0	1506	0	-203	-0	-5.28	61	-17.61	2025.72	0	-243.4	2647.75	0	0	0	903	0	-403	0	-0	-0	-0	300	0	-203	-0	-0	-0	-0	300	0	200	-0
483	-0	-0	-0	1506	0	-203	-0	-8.63	52.86	-20.97	2035.89	0	-234.21	4130.61	-0	-0	-0	903	0	-403	-0	-0	-0	-0	300	0	-203	-0	-0	-0	-0	300	0	200	-0
484	-0	-0	-0	1506	0	-203	-0	-11.35	43.16	-20.98	2058.49	0	-224.69	4427.9	-0	-0	-0	903	0	-403	-0	-0	-0	-0	300	0	-203	-0	-0	-0	-0	300	0	200	-0
485	-0	-0	-0	1506	0	-203	-0	-12.63	34.4	-21.3	2072.99	0	-226.28	4484.07	-0	-0	-0	903	0	-403	-0	-0	-0	-0	300	0	-203	-0	-0	-0	-0	300	0	200	-0
486	-0	-0	-0	1506	0	-203	-0	-14.86	33.46	-18.42	2096.82	0	-210.47	4263.67	-0	-0	-0	903	0	-403	-0	-0	-0	-0	300	0	-203	-0	0	0	0	300	0	200	0
487	-0	-0	-0	1506	0	-203	-0	-15.66	23.44	-19.06	2138.05	0	-186.11	3918.99	-0	-0	-0	903	0	-403	-0	-0	-0	-0	300	0	-203	-0	-0	-0	-0	300	0	200	-0
488	-0	-0	-0	1506	0	-203	-0	-15.5	19.06	-19.86	2197.69	0	-156.66	3600.34	-0	-0	-0	903	0	-403	-0	-0	-0	-0	300	0	-203	-0	-0	-0	-0	300	0	200	-0
489	-0	-0	-0	1506	0	-203	-0	-0	-0	-0	2109	0	-203	-0	-0	-0	-0	903	0	-403	-0	-0	-0	-0	300	0	-203	-0	-0	-0	-0	300	0	200	-0
490	-0	-0	-0	1506	0	-203	-0	-0	-0	-0	2109	0	-203	-0	-0	-0	-0	903	0	-403	-0	-0	-0	-0	300	0	-203	-0	-0	-0	-0	300	0	200	-0
491	-0	-0	-0	1506	0	-203	-0	-0	-0	-0	2109	0	-203	-0	-0	-0	-0	903	0	-403	-0	-0	-0	-0	300	0	-203	-0	-0	-0	-0	300	0	200	-0
492	-0	-0	-0	1506	0	-203	-0	-0	-0	-0	2109	0	-203	-0	-0	-0	-0	903	0	-403	-0	-0	-0	-0	300	0	-203	-0	0	0	0	300	0	200	0
493	-0	-0	-0	1506	0	-203	-0	-0	-0	-0	2109	0	-203	-0	-0	-0	-0	903	0	-403	-0	-0	-0	-0	300	0	-203	-0	-0	-0	-0	300	0	200	-0
494	-0	-0	-0	1506	0	-203	-0	-0	-0	-0	2109	0	-203	-0	0	0	0	903	0	-403	0	-0	-0	-0	300	0	-203	-0	-0	-0	-0	300	0	200	-0
495	-0	-0	-0	1506	0	-203	-0	-0	-0	-0	2109	0	-203	-0	-0	-0	-0	903	0	-403	-0	-0	-0	-0	300	0	-203	-0	-0	-0	-0	300	0	200	-0
496	-0	-0	-0	1506	0	-203	-0	-0	-0	-0	2109	0	-203	-0	-0	-0	-0	903	0	-403	-0	-0	-0	-0	300	0	-203	-0	-0	-0	-0	300	0	200	-0
497	-0	-0	-0	1506	0	-203	-0	-0	-0	-0	2109	0	-203	-0	-0	-0	-0	903	0	-403	-0	-0	-0	-0	300	0	-203	-0	-0	-0	-0	300	0	200	-0
498	-0	-0	-0	1506	0	-203	-0	-0	-0	-0	2109	0	-203	-0	-0	-0	-0	903	0	-403	-0	-0	-0	-0	300	0	-203	-0	-0	-0	-0	300	0	200	-0
499	-0	-0	-0	1506	0	-203	-0	-0	-0	-0	2109	0	-203	-0	-0	-0	-0	903	0	-403	-0	-0	-0	-0	300	0	-203	-0	-0	-0	-0	300	0	200	-0
500	-0	-0	-0	1506	0	-203	-0	-0	-0	-0	2109	0	-203	-0	-0	-0	-0	903	0	-403	-0	-0	-0	-0	300	0	-203	-0	-0	-0	-0	300	0	200	-0
501	-0	-0	-0	1506	0	-203	-0	-0	-0	-0	2109	0	-203	-0	-0	-0	-0	903	0	-403	-0	-0	-0	-0	300	0	-203	-0	0	0	0	300	0	200	0
502	-0	-0	-0	1506	0	-203	-0	-0	-0	-0	2109	0	-203	-0	0	0	0	903	0	-403	0	-0	-0	-0	300	0	-203	-0	0	0	0	300	0	200	0
503	-0	-0	-0	1506	0	-203	-0	-0	-0	-0	2109	0	-203	-0	-0	-0	-0	903	0	-403	-0	-0	-0	-0	300	0	-203	-0	0	0	0	300	0	200	0
504	-0	-0	-0	1506	0	-203	-0	-0	-0	-0	2109	0	-203	-0	-0	-0	-0	903	0	-403	-0	-0	-0	-0	300	0	-203	-0	-0	-0	-0	300	0	200	-0
505	-0	-0	-0	1506	0	-203	-0	-0	-0	-0	2109	0	-203	-0	-0	-0	-0	903	0	-403	-0	-0	-0	-0	300	0	-203	-0	-0	-0	-0	300	0	200	-0
506	-0	-0	-0	1506	0	-203	-0	-0	-0	-0	2109	0	-203	-0	0	0	0	903	0	-403	0	-0	-0	-0	300	0	-203	-0	-0	-0	-0	300	0	200	-0
507	-0	-0	-0	1506	0	-203	-0	-0	-0	-0	2109	0	-203	-0	-0	-0	-0	903	0	-403	-0	-0	-0	-0	300	0	-203	-0	-0	-0	-0	300	0	200	-0
508	-0	-0	-0	1506	0	-203	-0	-0	-0	-0	2109	0	-203	-0	-0	-0	-0	903	0	-403	-0	-0	-0	-0	300	0	-203	-0	-0	-0	-0	300	0	200	-0
509	-0	-0	-0	1506	0	-203	-0	-0	-0	-0	2109	0	-203	-0	-0	-0	-0	903	0	-403	-0	-0	-0	-0	300	0	-203	-0	-0	-0	-0	300	0	200	-0
510	-0	-0	-0	1506	0	-203	-0	-0	-0	-0	2109	0	-203	-0	-0	-0	-0	903	0	-403	-0	-0	-0	-0	300	0	-203	-0	-0	-0	-0	300	0	200	-0
511	-0	-0	-0	1506	0	-203	-0	-0	-0	-0	2109	0	-203	-0	-0	-0	-0	903	0	-403	-0	-0	-0	-0	300	0	-203	-0	-0	-0	-0	300	0	200	-0
512	-0	-0	-0	1506	0	-203	-0	-0	-0	-0	2109	0	-203	-0	-0	-0	-0	903	0	-403	-0	-0	-0	-0	300	0	-203	-0	-0	-0	-0	300	0	200	-0
513	-0	-0	-0	1506	0	-203	-0	-0	-0	-0	2109	0	-203	-0	-0	-0	-0	903	0	-403	-0	-0	-0	-0	300	0	-203	-0	-0	-0	-0	300	0	200	-0
514	-0	-0	-0	1506	0	-203	-0	-0	-0	-0	2109	0	-203	-0	-0	-0	-0	903	0	-403	-0	-0	-0	-0	300	0	-203	-0	-0	-0	-0	300	0	200	-0
515	-0	-0	-0	1506	0	-203	-0	-0	-0	-0	2109	0	-203	-0	-0	-0	-0	903	0	-403	-0	-0	-0	-0	300	0	-203	-0	-0	-0	-0	300	0	200	-0
516	-0	-0	-0	1506	0	-203	-0	-0	-0	-0	2109	0	-203	-0	-0	-0	-0	903	0	-403	-0	-0	-0	-0	300	0	-203	-0	0	0	0	300	0	200	0
517	-0	-0	-0	1506	0	-203	-0	-0	-0	-0	2109	0	-203	-0	-0	-0	-0	903	0	-403	-0	-0	-0	-0	300	0	-203	-0	0	0	0	300	0	200	0
518	-0	-0	-0	1506	0	-203	-0	-0	-0	-0	2109	0	-203	-0	-0	-0	-0	903	0	-403	-0	-0	-0	-0	300	0	-203	-0	-0	-0	-0	300	0	200	-0
519	-0	-0	-0	1506	0	-203	-0	-0	-0	-0	2109	0	-203	-0	-0	-0	-0	903	0	-403	-0	-0	-0	-0	300	0	-203	-0	-0	-0	-0	300	0	200	-0
520	-0	-0	-0	1506	0	-203	-0	-0	-0	-0	2109	0	-203	-0	-0	-0	-0	903	0	-403	-0	-0	-0	-0	300	0	-203	-0	-0	-0	-0	300	0	200	-0
521	-0	-0	-0	1506	0	-203	-0	-0	-0	-0	2109	0	-203	-0	-0	-0	-0	903	0	-403	-0	-0	-0	-0	300	0	-203	-0	-0	-0	-0	300	0	200	-0
522	-0	-0	-0	1506	0	-203	-0	-0	-0	-0	2109	0	-203	-0	-0	-0	-0	903	0	-403	-0	-0	-0	-0	300	0	-203	-0	-0	-0	-0	300	0	200	-0
523	-0	-0	-0	1506	0	-203	-0	-0	-0	-0	2109	0	-203	-0	-0	-0	-0	903	0	-403	-0	-0	-0	-0	300	0	-203	-0	0	0	0	300	0	200	0
524	-0	-0	-0	1506	0	-203	-0	-0	-0	-0	2109	0	-203	-0	-0	-0	-0	903	0	-403	-0	-0	-0	-0	300	0	-203	-0	-0	-0	-0	300	0	200	-0
525	-0	-0	-0	1506	0	-203	-0	-0	-0	-0	2109	0	-203	-0	-0	-0	-0	903	0	-403	-0	-0	-0	-0	300	0	-203	-0	-0	-0	-0	300	0	200	-0
526	-0	-0	-0	1506	0	-203	-0	-0	-0	-0	2109	0	-203	-0	-0	-0	-0	903	0	-403	-0	-0	-0	-0	300	0	-203	-0	-0	-0	-0	300	0	200	-0
527	-0	-0	-0	1506	0	-203	-0	-0	-0	-0	2109	0	-203	-0	-0	-0	-0	903	0	-403	-0	-0	-0	-0	300	0	-203	-0	-0	-0	-0	300	0	200	-0
528	-0	-0	-0	1506	0	-203	-0	-0	-0	-0	2109	0	-203	-0	-0	-0	-0	903	0	-403	-0	-0	-0	-0	300	0	-203	-0	-0	-0	-0	300	0	200	-0
529	-0	-0	-0	1506	0	-203	-0	-0	-0	-0	2109	0	-203	-0	-0	-0	-0	903	0	-403	-0	-0	-0	-0	300	0	-203	-0	0	0	0	300	0	200	0
530	-0	-0	-0	1506	0	-203	-0	-0	-0	-0	2109	0	-203	-0	-0	-0	-0	903	0	-403	-0	-0	-0	-0	300	0	-203	-0	-0	-0	-0	300	0	200	-0
531	-0	-0	-0	1506	0	-203	-0	-0	-0	-0	2109	0	-203	-0	-0	-0	-0	903	0	-403	-0	0	0	0	300	0	-203	0	0	0	0	300	0	200	0
532	-0	-0	-0	1506	0	-203	-0	-0	-0	-0	2109	0	-203	-0	-0	-0	-0	903	0	-403	-0	-0	-0	-0	300	0	-203	-0	-0	-0	-0	300	0	200	-0
533	-0	-0	-0	1506	0	-203	-0	-0	-0	-0	2109	0	-203	-0	-0	-0	-0	903	0	-403	-0	-0	-0	-0	300	0	-203	-0	-0	-0	-0	300	0	200	-0
534	-0	-0	-0	1506	0	-203	-0	-0	-0	-0	2109	0	-203	-0	0	0	0	903	0	-403	0	-0	-0	-0	300	0	-203	-0	-0	-0	-0	300	0	200	-0
535	-0	-0	-0	1506	0	-203	-0	-0	-0	-0	2109	0	-203	-0	0	0	0	903	0	-403	0	-0	-0	-0	300	0	-203	-0	0	0	0	300	0	200	0
536	-0	-0	-0	1506	0	-203	-0	-0	-0	-0	2109	0	-203	-0	-0	-0	-0	903	0	-403	-0	-0	-0	-0	300	0	-203	-0	-0	-0	-0	300	0	200	-0
537	-0	-0	-0	1506	0	-203	-0	-0	-0	-0	2109	0	-203	-0	-0	-0	-0	903	0	-403	-0	-0	-0	-0	300	0	-203	-0	0	0	0	300	0	200	0
538	-0	-0	-0	1506	0	-203	-0	-0	-0	-0	2109	0	-203	-0	-0	-0	-0	903	0	-403	-0	-0	-0	-0	300	0	-203	-0	0	0	0	300	0	200	0
539	-0	-0	-0	1506	0	-203	-0	-0	-0	-0	2109	0	-203	-0	-0	-0	-0	903	0	-403	-0	-0	-0	-0	300	0	-203	-0	-0	-0	-0	300	0	200	-0
540	-0	-0	-0	1506	0	-203	-0	-0	-0	-0	2109	0	-203	-0	-0	-0	-0	903	0	-403	-0	-0	-0	-0	300	0	-203	-0	-0	-0	-0	300	0	200	-0
541	-0	-0	-0	1506	0	-203	-0	-0	-0	-0	2109	0	-203	-0	-0	-0	-0	903	0	-403	-0	-0	-0	-0	300	0	-203	-0	-0	-0	-0	300	0	200	-0
542	-0	-0	-0	1506	0	-203	-0	-0	-0	-0	2109	0	-203	-0	-0	-0	-0	903	0	-403	-0	-0	-0	-0	300	0	-203	-0	-0	-0	-0	300	0	200	-0
543	-0	-0	-0	1506	0	-203	-0	-0	-0	-0	2109	0	-203	-0	-0	-0	-0	903	0	-403	-0	0	0	0	300	0	-203	0	-0	-0	-0	300	0	200	-0
544	-0	-0	-0	1506	0	-203	-0	-0	-0	-0	2109	0	-203	-0	-0	-0	-0	903	0	-403	-0	-0	-0	-0	300	0	-203	-0	-0	-0	-0	300	0	200	-0
545	-0	-0	-0	1506	0	-203	-0	-0	-0	-0	2109	0	-203	-0	-0	-0	-0	903	0	-403	-0	-0	-0	-0	300	0	-203	-0	-0	-0	-0	300	0	200	-0
546	-0	-0	-0	1506	0	-203	-0	-0	-0	-0	2109	0	-203	-0	0	0	0	903	0	-403	0	-0	-0	-0	300	0	-203	-0	-0	-0	-0	300	0	200	-0
547	-0	-0	-0	1506	0	-203	-0	-0	-0	-0	2109	0	-203	-0	-0	-0	-0	903	0	-403	-0	-0	-0	-0	300	0	-203	-0	0	0	0	300	0	200	0
548	-0	-0	-0	1506	0	-203	-0	-0	-0	-0	2109	0	-203	-0	-0	-0	-0	903	0	-403	-0	-0	-0	-0	300	0	-203	-0	-0	-0	-0	300	0	200	-0
549	-0	-0	-0	1506	0	-203	-0	-0	-0	-0	2109	0	-203	-0	-0	-0	-0	903	0	-403	-0	-0	-0	-0	300	0	-203	-0	-0	-0	-0	300	0	200	-0
550	-0	-0	-0	1506	0	-203	-0	-0	-0	-0	2109	0	-203	-0	0	0	0	903	0	-403	0	-0	-0	-0	300	0	-203	-0	-0	-0	-0	300	0	200	-0
551	-0	-0	-0	1506	0	-203	-0	-0	-0	-0	2109	0	-203	-0	-0	-0	-0	903	0	-403	-0	-0	-0	-0	300	0	-203	-0	-0	-0	-0	300	0	200	-0
552	-0	-0	-0	1506	0	-203	-0	-0	-0	-0	2109	0	-203	-0	-0	-0	-0	903	0	-403	-0	-0	-0	-0	300	0	-203	-0	-0	-0	-0	300	0	200	-0
553	-0	-0	-0	1506	0	-203	-0	-0	-0	-0	2109	0	-203	-0	-0	-0	-0	903	0	-403	-0	-0	-0	-0	300	0	-203	-0	-0	-0	-0	300	0	200	-0
554	-0	-0	-0	1506	0	-203	-0	-0	-0	-0	2109	0	-203	-0	-0	-0	-0	903	0	-403	-0	-0	-0	-0	300	0	-203	-0	-0	-0	-0	300	0	200	-0
555	-0	-0	-0	1506	0	-203	-0	-0	-0	-0	2109	0	-203	-0	-0	-0	-0	903	0	-403	-0	-0	-0	-0	300	0	-203	-0	-0	-0	-0	300	0	200	-0
556	-0	-0	-0	1506	0	-203	-0	-0	-0	-0	2109	0	-203	-0	-0	-0	-0	903	0	-403	-0	-0	-0	-0	300	0	-203	-0	-0	-0	-0	300	0	200	-0
557	-0	-0	-0	1506	0	-203	-0	-0	-0	-0	2109	0	-203	-0	-0	-0	-0	903	0	-403	-0	-0	-0	-0	300	0	-203	-0	-0	-0	-0	300	0	200	-0
558	-0	-0	-0	1506	0	-203	-0	-0	-0	-0	2109	0	-203	-0	-0	-0	-0	903	0	-403	-0	-0	-0	-0	300	0	-203	-0	-0	-0	-0	300	0	200	-0
559	-0	-0	-0	1506	0	-203	-0	-0	-0	-0	2109	0	-203	-0	0	0	0	903	0	-403	0	-0	-0	-0	300	0	-203	-0	-0	-0	-0	300	0	200	-0
560	-0	-0	-0	1506	0	-203	-0	-0	-0	-0	2109	0	-203	-0	-0	-0	-0	903	0	-403	-0	0	0	0	300	0	-203	0	-0	-0	-0	300	0	200	-0
561	-0	-0	-0	1506	0	-203	-0	-0	-0	-0	2109	0	-203	-0	-0	-0	-0	903	0	-403	-0	-0	-0	-0	300	0	-203	-0	-0	-0	-0	300	0	200	-0
562	-0	-0	-0	1506	0	-203	-0	-0	-0	-0	2109	0	-203	-0	-0	-0	-0	903	0	-403	-0	-0	-0	-0	300	0	-203	-0	-0	-0	-0	300	0	200	-0
563	-0	-0	-0	1506	0	-203	-0	-0	-0	-0	2109	0	-203	-0	0	0	0	903	0	-403	0	-0	-0	-0	300	0	-203	-0	-0	-0	-0	300	0	200	-0
564	-0	-0	-0	1506	0	-203	-0	-0	-0	-0	2109	0	-203	-0	-0	-0	-0	903	0	-403	-0	-0	-0	-0	300	0	-203	-0	-0	-0	-0	300	0	200	-0
565	-0	-0	-0	1506	0	-203	-0	-0	-0	-0	2109	0	-203	-0	-0	-0	-0	903	0	-403	-0	-0	-0	-0	300	0	-203	-0	-0	-0	-0	300	0	200	-0
566	-0	-0	-0	1506	0	-203	-0	-0	-0	-0	2109	0	-203	-0	-0	-0	-0	903	0	-403	-0	-0	-0	-0	300	0	-203	-0	-0	-0	-0	300	0	200	-0
567	-0	-0	-0	1506	0	-203	-0	-0	-0	-0	2109	0	-203	-0	-0	-0	-0	903	0	-403	-0	-0	-0	-0	300	0	-203	-0	-0	-0	-0	300	0	200	-0
568	-0	-0	-0	1506	0	-203	-0	-0	-0	-0	2109	0	-203	-0	-0	-0	-0	903	0	-403	-0	-0	-0	-0	300	0	-203	-0	0	0	0	300	0	200	0
569	-0	-0	-0	1506	0	-203	-0	-0	-0	-0	2109	0	-203	-0	-0	-0	-0	903	0	-403	-0	-0	-0	-0	300	0	-203	-0	-0	-0	-0	300	0	200	-0
570	-0	-0	-0	1506	0	-203	-0	-0	-0	-0	2109	0	-203	-0	-0	-0	-0	903	0	-403	-0	-0	-0	-0	300	0	-203	-0	-0	-0	-0	300	0	200	-0
571	-0	-0	-0	1506	0	-203	-0	-0	-0	-0	2109	0	-203	-0	-0	-0	-0	903	0	-403	-0	-0	-0	-0	300	0	-203	-0	-0	-0	-0	300	0	200	-0
572	-0	-0	-0	1506	0	-203	-0	-0	-0	-0	2109	0	-203	-0	-0	-0	-0	903	0	-403	-0	-0	-0	-0	300	0	-203	-0	-0	-0	-0	300	0	200	-0
573	-0	-0	-0	1506	0	-203	-0	-0	-0	-0	2109	0	-203	-0	-0	-0	-0	903	0	-403	-0	-0	-0	-0	300	0	-203	-0	-0	-0	-0	300	0	200	-0
574	-0	-0	-0	1506	0	-203	-0	-0	-0	-0	2109	0	-203	-0	-0	-0	-0	903	0	-403	-0	-0	-0	-0	300	0	-203	-0	-0	-0	-0	300	0	200	-0
575	-0	-0	-0	1506	0	-203	-0	-0	-0	-0	2109	0	-203	-0	-0	-0	-0	903	0	-403	-0	-0	-0	-0	300	0	-203	-0	-0	-0	-0	300	0	200	-0
576	-0	-0	-0	1506	0	-203	-0	-0	-0	-0	2109	0	-203	-0	-0	-0	-0	903	0	-403	-0	-0	-0	-0	300	0	-203	-0	-0	-0	-0	300	0	200	-0
577	-0	-0	-0	1506	0	-203	-0	-0	-0	-0	2109	0	-203	-0	-0	-0	-0	903	0	-403	-0	-0	-0	-0	300	0	-203	-0	-0	-0	-0	300	0	200	-0
578	-0	-0	-0	1506	0	-203	-0	-0	-0	-0	2109	0	-203	-0	-0	-0	-0	903	0	-403	-0	-0	-0	-0	300	0	-203	-0	-0	-0	-0	300	0	200	-0
579	-0	-0	-0	1506	0	-203	-0	-0	-0	-0	2109	0	-203	-0	-0	-0	-0	903	0	-403	-0	-0	-0	-0	300	0	-203	-0	-0	-0	-0	300	0	200	-0
580	-0	-0	-0	1506	0	-203	-0	-0	-0	-0	2109	0	-203	-0	-0	-0	-0	903	0	-403	-0	-0	-0	-0	300	0	-203	-0	0	0	0	300	0	200	0
581	-0	-0	-0	1506	0	-203	-0	-0	-0	-0	2109	0	-203	-0	-0	-0	-0	903	0	-403	-0	-0	-0	-0	300	0	-203	-0	-0	-0	-0	300	0	200	-0
582	-0	-0	-0	1506	0	-203	-0	-0	-0	-0	2109	0	-203	-0	-0	-0	-0	903	0	-403	-0	-0	-0	-0	300	0	-203	-0	-0	-0	-0	300	0	200	-0
583	-0	-0	-0	1506	0	-203	-0	-0	-0	-0	2109	0	-203	-0	-0	-0	-0	903	0	-403	-0	-0	-0	-0	300	0	-203	-0	-0	-0	-0	300	0	200	-0
584	-0	-0	-0	1506	0	-203	-0	-0	-0	-0	2109	0	-203	-0	-0	-0	-0	903	0	-403	-0	-0	-0	-0	300	0	-203	-0	0	0	0	300	0	200	0
585	-0	-0	-0	1506	0	-203	-0	-0	-0	-0	2109	0	-203	-0	-0	-0	-0	903	0	-403	-0	-0	-0	-0	300	0	-203	-0	-0	-0	-0	300	0	200	-0
586	-0	-0	-0	1506	0	-203	-0	-0	-0	-0	2109	0	-203	-0	-0	-0	-0	903	0	-403	-0	-0	-0	-0	300	0	-203	-0	-0	-0	-0	300	0	200	-0
587	-0	-0	-0	1506	0	-203	-0	-0	-0	-0	2109	0	-203	-0	0	0	0	903	0	-403	0	-0	-0	-0	300	0	-203	-0	-0	-0	-0	300	0	200	-0
588	-0	-0	-0	1506	0	-203	-0	-0	-0	-0	2109	0	-203	-0	-0	-0	-0	903	0	-403	-0	-0	-0	-0	300	0	-203	-0	-0	-0	-0	300	0	200	-0
589	-0	-0	-0	1506	0	-203	-0	-0	-0	-0	2109	0	-203	-0	-0	-0	-0	903	0	-403	-0	-0	-0	-0	300	0	-203	-0	-0	-0	-0	300	0	200	-0
590	-0	-0	-0	1506	0	-203	-0	-0	-0	-0	2109	0	-203	-0	-0	-0	-0	903	0	-403	-0	-0	-0	-0	300	0	-203	-0	-0	-0	-0	300	0	200	-0
591	-0	-0	-0	1506	0	-203	-0	-0	-0	-0	2109	0	-203	-0	0	0	0	903	0	-403	0	-0	-0	-0	300	0	-203	-0	-0	-0	-0	300	0	200	-0
592	-0	-0	-0	1506	0	-203	-0	-0	-0	-0	2109	0	-203	-0	-0	-0	-0	903	0	-403	-0	-0	-0	-0	300	0	-203	-0	-0	-0	-0	300	0	200	-0
593	-0	-0	-0	1506	0	-203	-0	-0	-0	-0	2109	0	-203	-0	-0	-0	-0	903	0	-403	-0	-0	-0	-0	300	0	-203	-0	-0	-0	-0	300	0	200	-0
594	-0	-0	-0	1506	0	-203	-0	-0	-0	-0	2109	0	-203	-0	-0	-0	-0	903	0	-403	-0	-0	-0	-0	300	0	-203	-0	-0	-0	-0	300	0	200	-0
595	-0	-0	-0	1506	0	-203	-0	-0	-0	-0	2109	0	-203	-0	-0	-0	-0	903	0	-403	-0	-0	-0	-0	300	0	-203	-0	-0	-0	-0	300	0	200	-0
596	-0	-0	-0	1506	0	-203	-0	-0	-0	-0	2109	0	-203	-0	-0	-0	-0	903	0	-403	-0	-0	-0	-0	300	0	-203	-0	-0	-0	-0	300	0	200	-0
597	-0	-0	-0	1506	0	-203	-0	-0	-0	-0	2109	0	-203	-0	-0	-0	-0	903	0	-403	-0	-0	-0	-0	300	0	-203	-0	-0	-0	-0	300	0	200	-0
598	-0	-0	-0	1506	0	-203	-0	-0	-0	-0	2109	0	-203	-0	-0	-0	-0	903	0	-403	-0	-0	-0	-0	300	0	-203	-0	-0	-0	-0	300	0	200	-0
599	-0	-0	-0	1506	0	-203	-0	-0	-0	-0	2109	0	-203	-0	0	0	0	903	0	-403	0	-0	-0	-0	300	0	-203	-0	-0	-0	-0	300	0	200	-0
600	-0	-0	-0	1506	0	-203	-0	-0	-0	-0	2109	0	-203	-0	0	0	0	903	0	-403	0	-0	-0	-0	300	0	-203	-0	-0	-0	-0	300	0	200	-0
601	-0	-0	-0	1506	0	-203	-0	-0	-0	-0	2109	0	-203	-0	-0	-0	-0	903	0	-403	-0	-0	-0	-0	300	0	-203	-0	-0	-0	-0	300	0	200	-0
602	-0	-0	-0	1506	0	-203	-0	-0	-0	-0	2109	0	-203	-0	-0	-0	-0	903	0	-403	-0	-0	-0	-0	300	0	-203	-0	-0	-0	-0	300	0	200	-0
603	-0	-0	-0	1506	0	-203	-0	-0	-0	-0	2109	0	-203	-0	0	0	0	903	0	-403	0	-0	-0	-0	300	0	-203	-0	-0	-0	-0	300	0	200	-0
604	-0	-0	-0	1506	0	-203	-0	-0	-0	-0	2109	0	-203	-0	-0	-0	-0	903	0	-403	-0	-0	-0	-0	300	0	-203	-0	-0	-0	-0	300	0	200	-0
605	-0	-0	-0	1506	0	-203	-0	-0	-0	-0	2109	0	-203	-0	-0	-0	-0	903	0	-403	-0	-0	-0	-0	300	0	-203	-0	-0	-0	-0	300	0	200	-0
606	-0	-0	-0	1506	0	-203	-0	-0	-0	-0	2109	0	-203	-0	-0	-0	-0	903	0	-403	-0	-0	-0	-0	300	0	-203	-0	-0	-0	-0	300	0	200	-0
607	-0	-0	-0	1506	0	-203	-0	-0	-0	-0	2109	0	-203	-0	-0	-0	-0	903	0	-403	-0	-0	-0	-0	300	0	-203	-0	-0	-0	-0	300	0	200	-0
608	-0	-0	-0	1506	0	-203	-0	-0	-0	-0	2109	0	-203	-0	-0	-0	-0	903	0	-403	-0	-0	-0	-0	300	0	-203	-0	-0	-0	-0	300	0	200	-0
609	-0	-0	-0	1506	0	-203	-0	-0	-0	-0	2109	0	-203	-0	-0	-0	-0	903	0	-403	-0	-0	-0	-0	300	0	-203	-0	-0	-0	-0	300	0	200	-0
610	-0	-0	-0	1506	0	-203	-0	-0	-0	-0	2109	0	-203	-0	-0	-0	-0	903	0	-403	-0	-0	-0	-0	300	0	-203	-0	-0	-0	-0	300	0	200	-0
611	-0	-0	-0	1506	0	-203	-0	-0	-0	-0	2109	0	-203	-0	0	0	0	903	0	-403	0	-0	-0	-0	300	0	-203	-0	-0	-0	-0	300	0	200	-0
612	-0	-0	-0	1506	0	-203	-0	-0	-0	-0	2109	0	-203	-0	0	0	0	903	0	-403	0	-0	-0	-0	300	0	-203	-0	-0	-0	-0	300	0	200	-0
613	-0	-0	-0	1506	0	-203	-0	-0	-0	-0	2109	0	-203	-0	-0	-0	-0	903	0	-403	-0	-0	-0	-0	300	0	-203	-0	-0	-0	-0	300	0	200	-0
614	-0	-0	-0	1506	0	-203	-0	-0	-0	-0	2109	0	-203	-0	-0	-0	-0	903	0	-403	-0	-0	-0	-0	300	0	-203	-0	-0	-0	-0	300	0	200	-0
615	-0	-0	-0	1506	0	-203	-0	-0	-0	-0	2109	0	-203	-0	-0	-0	-0	903	0	-403	-0	-0	-0	-0	300	0	-203	-0	-0	-0	-0	300	0	200	-0
616	-0	-0	-0	1506	0	-203	-0	-0	-0	-0	2109	0	-203	-0	-0	-0	-0	903	0	-403	-0	-0	-0	-0	300	0	-203	-0	-0	-0	-0	300	0	200	-0
617	-0	-0	-0	1506	0	-203	-0	-0	-0	-0	2109	0	-203	-0	-0	-0	-0	903	0	-403	-0	-0	-0	-0	300	0	-203	-0	-0	-0	-0	300	0	200	-0
618	-0	-0	-0	1506	0	-203	-0	-0	-0	-0	2109	0	-203	-0	-0	-0	-0	903	0	-403	-0	-0	-0	-0	300	0	-203	-0	-0	-0	-0	300	0	200	-0
619	-0	-0	-0	1506	0	-203	-0	-0	-0	-0	2109	0	-203	-0	-0	-0	-0	903	0	-403	-0	-0	-0	-0	300	0	-203	-0	-0	-0	-0	300	0	200	-0
620	-0	-0	-0	1506	0	-203	-0	-0	-0	-0	2109	0	-203	-0	0	0	0	903	0	-403	0	-0	-0	-0	300	0	-203	-0	-0	-0	-0	300	0	200	-0
621	-0	-0	-0	1506	0	-203	-0	-0	-0	-0	2109	0	-203	-0	-0	-0	-0	903	0	-403	-0	-0	-0	-0	300	0	-203	-0	-0	-0	-0	300	0	200	-0
622	-0	-0	-0	1506	0	-203	-0	-0	-0	-0	2109	0	-203	-0	-0	-0	-0	903	0	-403	-0	-0	-0	-0	300	0	-203	-0	-0	-0	-0	300	0	200	-0
623	-0	-0	-0	1506	0	-203	-0	-0	-0	-0	2109	0	-203	-0	-0	-0	-0	903	0	-403	-0	-0	-0	-0	300	0	-203	-0	-0	-0	-0	300	0	200	-0
624	-0	-0	-0	1506	0	-203	-0	-0	-0	-0	2109	0	-203	-0	-0	-0	-0	903	0	-403	-0	-0	-0	-0	300	0	-203	-0	0	0	0	300	0	200	0
625	-0	-0	-0	1506	0	-203	-0	-0	-0	-0	2109	0	-203	-0	-0	-0	-0	903	0	-403	-0	-0	-0	-0	300	0	-203	-0	-0	-0	-0	300	0	200	-0
626	-0	-0	-0	1506	0	-203	-0	-0	-0	-0	2109	0	-203	-0	0	0	0	903	0	-403	0	-0	-0	-0	300	0	-203	-0	-0	-0	-0	300	0	200	-0
627	-0	-0	-0	1506	0	-203	-0	-0	-0	-0	2109	0	-203	-0	-0	-0	-0	903	0	-403	-0	-0	-0	-0	300	0	-203	-0	-0	-0	-0	300	0	200	-0
628	-0	-0	-0	1506	0	-203	-0	-0	-0	-0	2109	0	-203	-0	-0	-0	-0	903	0	-403	-0	-0	-0	-0	300	0	-203	-0	-0	-0	-0	300	0	200	-0
629	-0	-0	-0	1506	0	-203	-0	-0	-0	-0	2109	0	-203	-0	-0	-0	-0	903	0	-403	-0	-0	-0	-0	300	0	-203	-0	-0	-0	-0	300	0	200	-0
630	-0	-0	-0	1506	0	-203	-0	-0	-0	-0	2109	0	-203	-0	-0	-0	-0	903	0	-403	-0	-0	-0	-0	300	0	-203	-0	-0	-0	-0	300	0	200	-0
