Time	Fx1	Fy1	Fz1	COPx1	COPy1	COPz1	Ty1	Fx2	Fy2	Fz2	COPx2	COPy2	COPz2	Ty2	Fx3	Fy3	Fz3	COPx3	COPy3	COPz3	Ty3	Fx4	Fy4	Fz4	COPx4	COPy4	COPz4	Ty4	Fx5	Fy5	Fz5	COPx5	COPy5	COPz5	Ty5
1	0	0	0	1506	0	-203	0	0	0	0	2109	0	-203	0	0	0	0	903	0	-403	0	0	0	0	300	0	-203	0	0	0	0	300	0	200	0
2	-0	-0	-0	1506	0	-203	-0	-0	-0	-0	2109	0	-203	-0	-0	-0	-0	903	0	-403	-0	-0	-0	-0	300	0	-203	-0	-0	-0	-0	300	0	200	-0
3	-0	-0	-0	1506	0	-203	-0	-0	-0	-0	2109	0	-203	-0	-0	-0	-0	903	0	-403	-0	-0	-0	-0	300	0	-203	-0	-0	-0	-0	300	0	200	-0
4	-0	-0	-0	1506	0	-203	-0	-0	-0	-0	2109	0	-203	-0	-0	-0	-0	903	0	-403	-0	-0	-0	-0	300	0	-203	-0	-0	-0	-0	300	0	200	-0
5	-0	-0	-0	1506	0	-203	-0	-0	-0	-0	2109	0	-203	-0	-0	-0	-0	903	0	-403	-0	-0	-0	-0	300	0	-203	-0	-0	-0	-0	300	0	200	-0
6	-0	-0	-0	1506	0	-203	-0	-0	-0	-0	2109	0	-203	-0	-0	-0	-0	903	0	-403	-0	-0	-0	-0	300	0	-203	-0	-0	-0	-0	300	0	200	-0
7	-0	-0	-0	1506	0	-203	-0	-0	-0	-0	2109	0	-203	-0	-0	-0	-0	903	0	-403	-0	-0	-0	-0	300	0	-203	-0	-0	-0	-0	300	0	200	-0
8	-0	-0	-0	1506	0	-203	-0	-0	-0	-0	2109	0	-203	-0	-0	-0	-0	903	0	-403	-0	-0	-0	-0	300	0	-203	-0	-0	-0	-0	300	0	200	-0
9	-0	-0	-0	1506	0	-203	-0	-0	-0	-0	2109	0	-203	-0	-0	-0	-0	903	0	-403	-0	-0	-0	-0	300	0	-203	-0	-0	-0	-0	300	0	200	-0
10	-0	-0	-0	1506	0	-203	-0	-0	-0	-0	2109	0	-203	-0	-0	-0	-0	903	0	-403	-0	-0	31.22	-0.81	17.73	0	-172.96	-75.23	0	0	0	300	0	200	0
11	-0	-0	-0	1506	0	-203	-0	-0	-0	-0	2109	0	-203	-0	-0	-0	-0	903	0	-403	-0	0.34	32.04	-0.54	21.89	0	-170.71	-109.92	-0	-0	-0	300	0	200	-0
12	-0	-0	-0	1506	0	-203	-0	-0	-0	-0	2109	0	-203	-0	-0	-0	-0	903	0	-403	-0	0.68	32.31	-0.34	26.79	0	-171.41	-116.63	-0	-0	-0	300	0	200	-0
13	-0	-0	-0	1506	0	-203	-0	-0	-0	-0	2109	0	-203	-0	-0	-0	-0	903	0	-403	-0	1.29	32.04	-0.54	22.75	0	-172	-108.37	-0	-0	-0	300	0	200	-0
14	-0	-0	-0	1506	0	-203	-0	-0	-0	-0	2109	0	-203	-0	-0	-0	-0	903	0	-403	-0	-0	-0	-0	300	0	-203	-0	-0	-0	-0	300	0	200	-0
15	-0	-0	-0	1506	0	-203	-0	-0	-0	-0	2109	0	-203	-0	0	0	0	903	0	-403	0	-0	-0	-0	300	0	-203	-0	-0	-0	-0	300	0	200	-0
16	-0	-0	-0	1506	0	-203	-0	-0	-0	-0	2109	0	-203	-0	-0	-0	-0	903	0	-403	-0	2.92	30.14	-1.29	24.03	0	-172.79	-68.43	-0	-0	-0	300	0	200	-0
17	-0	-0	-0	1506	0	-203	-0	-0	-0	-0	2109	0	-203	-0	-0	-0	-0	903	0	-403	-0	-0	-0	-0	300	0	-203	-0	-0	-0	-0	300	0	200	-0
18	-0	-0	-0	1506	0	-203	-0	-0	-0	-0	2109	0	-203	-0	-0	-0	-0	903	0	-403	-0	-0	-0	-0	300	0	-203	-0	-0	-0	-0	300	0	200	-0
19	-0	-0	-0	1506	0	-203	-0	-0	-0	-0	2109	0	-203	-0	-0	-0	-0	903	0	-403	-0	-0	-0	-0	300	0	-203	-0	-0	-0	-0	300	0	200	-0
20	-0	-0	-0	1506	0	-203	-0	-0	-0	-0	2109	0	-203	-0	-0	-0	-0	903	0	-403	-0	-0	-0	-0	300	0	-203	-0	-0	-0	-0	300	0	200	-0
21	-0	-0	-0	1506	0	-203	-0	-0	-0	-0	2109	0	-203	-0	-0	-0	-0	903	0	-403	-0	-0	-0	-0	300	0	-203	-0	-0	-0	-0	300	0	200	-0
22	-0	-0	-0	1506	0	-203	-0	-0	-0	-0	2109	0	-203	-0	0	0	0	903	0	-403	0	-0	-0	-0	300	0	-203	-0	-0	-0	-0	300	0	200	-0
23	-0	-0	-0	1506	0	-203	-0	-0	-0	-0	2109	0	-203	-0	-0	-0	-0	903	0	-403	-0	-0	-0	-0	300	0	-203	-0	-0	-0	-0	300	0	200	-0
24	-0	-0	-0	1506	0	-203	-0	-0	-0	-0	2109	0	-203	-0	-0	-0	-0	903	0	-403	-0	-0	-0	-0	300	0	-203	-0	-0	-0	-0	300	0	200	-0
25	-0	-0	-0	1506	0	-203	-0	0	0	0	2109	0	-203	0	-0	-0	-0	903	0	-403	-0	-0	-0	-0	300	0	-203	-0	-0	-0	-0	300	0	200	-0
26	-0	-0	-0	1506	0	-203	-0	-0	-0	-0	2109	0	-203	-0	-0	-0	-0	903	0	-403	-0	-0	-0	-0	300	0	-203	-0	-0	-0	-0	300	0	200	-0
27	-0	-0	-0	1506	0	-203	-0	-0	-0	-0	2109	0	-203	-0	-0	-0	-0	903	0	-403	-0	-0	-0	-0	300	0	-203	-0	-0	-0	-0	300	0	200	-0
28	-0	-0	-0	1506	0	-203	-0	-0	-0	-0	2109	0	-203	-0	-0	-0	-0	903	0	-403	-0	-0	-0	-0	300	0	-203	-0	0	0	0	300	0	200	0
29	-0	-0	-0	1506	0	-203	-0	-0	-0	-0	2109	0	-203	-0	-0	-0	-0	903	0	-403	-0	-0	-0	-0	300	0	-203	-0	-0	-0	-0	300	0	200	-0
30	-0	-0	-0	1506	0	-203	-0	-0	-0	-0	2109	0	-203	-0	-0	-0	-0	903	0	-403	-0	-0	-0	-0	300	0	-203	-0	-0	-0	-0	300	0	200	-0
31	-0	-0	-0	1506	0	-203	-0	-0	-0	-0	2109	0	-203	-0	0	0	0	903	0	-403	0	-0	-0	-0	300	0	-203	-0	-0	-0	-0	300	0	200	-0
32	-0	-0	-0	1506	0	-203	-0	-0	-0	-0	2109	0	-203	-0	-0	-0	-0	903	0	-403	-0	-0	-0	-0	300	0	-203	-0	-0	-0	-0	300	0	200	-0
33	-0	-0	-0	1506	0	-203	-0	-0	-0	-0	2109	0	-203	-0	-0	-0	-0	903	0	-403	-0	-0	-0	-0	300	0	-203	-0	0	0	0	300	0	200	0
34	-0	-0	-0	1506	0	-203	-0	-0	-0	-0	2109	0	-203	-0	-0	-0	-0	903	0	-403	-0	-0	-0	-0	300	0	-203	-0	-0	-0	-0	300	0	200	-0
35	-0	-0	-0	1506	0	-203	-0	-0	-0	-0	2109	0	-203	-0	-0	-0	-0	903	0	-403	-0	-0	-0	-0	300	0	-203	-0	-0	-0	-0	300	0	200	-0
36	-0	-0	-0	1506	0	-203	-0	-0	-0	-0	2109	0	-203	-0	-0	-0	-0	903	0	-403	-0	-0	-0	-0	300	0	-203	-0	-0	-0	-0	300	0	200	-0
37	-0	-0	-0	1506	0	-203	-0	-0	-0	-0	2109	0	-203	-0	-0	-0	-0	903	0	-403	-0	-0	-0	-0	300	0	-203	-0	-0	-0	-0	300	0	200	-0
38	-0	-0	-0	1506	0	-203	-0	-0	-0	-0	2109	0	-203	-0	-0	-0	-0	903	0	-403	-0	8.76	32.31	-3.53	24.23	0	-175.68	-26.15	-0	-0	-0	300	0	200	-0
39	-0	-0	-0	1506	0	-203	-0	-0	-0	-0	2109	0	-203	-0	-0	-0	-0	903	0	-403	-0	8.96	32.85	-3.8	20.39	0	-173.19	-24.87	-0	-0	-0	300	0	200	-0
40	-0	-0	-0	1506	0	-203	-0	-0	-0	-0	2109	0	-203	-0	-0	-0	-0	903	0	-403	-0	8.76	35.02	-3.8	18.83	0	-172.68	-158.73	-0	-0	-0	300	0	200	-0
41	-0	-0	-0	1506	0	-203	-0	-0	-0	-0	2109	0	-203	-0	-0	-0	-0	903	0	-403	-0	8.48	36.38	-4.21	11.12	0	-173.43	-76.49	0	0	0	300	0	200	0
42	-0	-0	-0	1506	0	-203	-0	-0	-0	-0	2109	0	-203	-0	-0	-0	-0	903	0	-403	-0	8.69	39.1	-4.62	17.78	0	-174.78	-104.54	-0	-0	-0	300	0	200	-0
43	-0	-0	-0	1506	0	-203	-0	-0	-0	-0	2109	0	-203	-0	-0	-0	-0	903	0	-403	-0	8.42	42.63	-5.16	24.32	0	-175.82	-94.46	-0	-0	-0	300	0	200	-0
44	-0	-0	-0	1506	0	-203	-0	-0	-0	-0	2109	0	-203	-0	-0	-0	-0	903	0	-403	-0	8.08	44.8	-5.7	22.91	0	-175.91	-40.58	-0	-0	-0	300	0	200	-0
45	-0	-0	-0	1506	0	-203	-0	-0	-0	-0	2109	0	-203	-0	0	0	0	903	0	-403	0	7.81	46.43	-5.91	13.02	0	-174.48	-33	-0	-0	-0	300	0	200	-0
46	-0	-0	-0	1506	0	-203	-0	-0	-0	-0	2109	0	-203	-0	-0	-0	-0	903	0	-403	-0	7.33	49.14	-6.11	13.16	0	-177.46	-55.52	-0	-0	-0	300	0	200	-0
47	-0	-0	-0	1506	0	-203	-0	-0	-0	-0	2109	0	-203	-0	-0	-0	-0	903	0	-403	-0	7.19	53.76	-6.86	19.57	0	-176.83	36.04	-0	-0	-0	300	0	200	-0
48	-0	-0	-0	1506	0	-203	-0	-0	-0	-0	2109	0	-203	-0	-0	-0	-0	903	0	-403	-0	6.72	56.2	-6.99	21.46	0	-176.99	-96.26	-0	-0	-0	300	0	200	-0
49	-0	-0	-0	1506	0	-203	-0	-0	-0	-0	2109	0	-203	-0	-0	-0	-0	903	0	-403	-0	6.31	59.19	-7.33	20.13	0	-177.37	-129	-0	-0	-0	300	0	200	-0
50	-0	-0	-0	1506	0	-203	-0	-0	-0	-0	2109	0	-203	-0	-0	-0	-0	903	0	-403	-0	5.77	63.26	-7.74	22.89	0	-176.84	-70.31	-0	-0	-0	300	0	200	-0
51	-0	-0	-0	1506	0	-203	-0	-0	-0	-0	2109	0	-203	-0	-0	-0	-0	903	0	-403	-0	5.5	65.43	-8.01	16.07	0	-176.44	-69.98	-0	-0	-0	300	0	200	-0
52	-0	-0	-0	1506	0	-203	-0	-0	-0	-0	2109	0	-203	-0	0	0	0	903	0	-403	0	5.16	69.5	-8.96	19.41	0	-177	-16.45	-0	-0	-0	300	0	200	-0
53	-0	-0	-0	1506	0	-203	-0	-0	-0	-0	2109	0	-203	-0	-0	-0	-0	903	0	-403	-0	4.75	74.93	-9.57	21.89	0	-179.07	-5.24	0	0	0	300	0	200	0
54	-0	-0	-0	1506	0	-203	-0	-0	-0	-0	2109	0	-203	-0	-0	-0	-0	903	0	-403	-0	4.07	78.73	-9.91	22	0	-176.02	-73.65	-0	-0	-0	300	0	200	-0
55	-0	-0	-0	1506	0	-203	-0	-0	-0	-0	2109	0	-203	-0	-0	-0	-0	903	0	-403	-0	3.67	83.08	-10.45	20.6	0	-177.6	-70.57	-0	-0	-0	300	0	200	-0
56	-0	-0	-0	1506	0	-203	-0	-0	-0	-0	2109	0	-203	-0	-0	-0	-0	903	0	-403	-0	3.33	89.59	-11.4	23.06	0	-177.75	-63.66	-0	-0	-0	300	0	200	-0
57	-0	-0	-0	1506	0	-203	-0	-0	-0	-0	2109	0	-203	-0	-0	-0	-0	903	0	-403	-0	2.58	94.21	-12.08	23.02	0	-177.67	-47.83	-0	-0	-0	300	0	200	-0
58	-0	-0	-0	1506	0	-203	-0	-0	-0	-0	2109	0	-203	-0	-0	-0	-0	903	0	-403	-0	2.58	101	-12.76	24.7	0	-178.83	-130	-0	-0	-0	300	0	200	-0
59	-0	-0	-0	1506	0	-203	-0	-0	-0	-0	2109	0	-203	-0	-0	-0	-0	903	0	-403	-0	1.49	107.24	-13.44	21.05	0	-178.31	-161.73	-0	-0	-0	300	0	200	-0
60	-0	-0	-0	1506	0	-203	-0	-0	-0	-0	2109	0	-203	-0	-0	-0	-0	903	0	-403	-0	0.95	112.67	-14.46	19.68	0	-177.66	-81.33	-0	-0	-0	300	0	200	-0
61	-0	-0	-0	1506	0	-203	-0	-0	-0	-0	2109	0	-203	-0	-0	-0	-0	903	0	-403	-0	0.81	120.82	-15.34	22.48	0	-178.23	-100.62	-0	-0	-0	300	0	200	-0
62	-0	-0	-0	1506	0	-203	-0	-0	-0	-0	2109	0	-203	-0	-0	-0	-0	903	0	-403	-0	-0.14	130.59	-16.09	24.14	0	-178.39	-168.9	-0	-0	-0	300	0	200	-0
63	-0	-0	-0	1506	0	-203	-0	-0	-0	-0	2109	0	-203	-0	-0	-0	-0	903	0	-403	-0	-0.27	137.11	-17.24	22.46	0	-177.65	-75.01	-0	-0	-0	300	0	200	-0
64	-0	-0	-0	1506	0	-203	-0	-0	-0	-0	2109	0	-203	-0	-0	-0	-0	903	0	-403	-0	-0.95	146.07	-17.85	22.87	0	-178.07	-123.46	-0	-0	-0	300	0	200	-0
65	-0	-0	-0	1506	0	-203	-0	-0	-0	-0	2109	0	-203	-0	-0	-0	-0	903	0	-403	-0	-1.43	155.84	-19.28	22.81	0	-177.69	-6.36	-0	-0	-0	300	0	200	-0
66	-0	-0	-0	1506	0	-203	-0	-0	-0	-0	2109	0	-203	-0	-0	-0	-0	903	0	-403	-0	-1.43	165.07	-20.16	23.94	0	-177.93	-38.32	-0	-0	-0	300	0	200	-0
67	-0	-0	-0	1506	0	-203	-0	-0	-0	-0	2109	0	-203	-0	-0	-0	-0	903	0	-403	-0	-1.76	176.2	-20.97	25.1	0	-178.11	-108.86	-0	-0	-0	300	0	200	-0
68	-0	-0	-0	1506	0	-203	-0	-0	-0	-0	2109	0	-203	-0	-0	-0	-0	903	0	-403	-0	-2.17	187.61	-22.4	24.17	0	-178	36.73	0	0	0	300	0	200	0
69	-0	-0	-0	1506	0	-203	-0	-0	-0	-0	2109	0	-203	-0	-0	-0	-0	903	0	-403	-0	-2.17	197.92	-23.08	24.96	0	-178.26	-60.32	0	0	0	300	0	200	0
70	-0	-0	-0	1506	0	-203	-0	-0	-0	-0	2109	0	-203	-0	-0	-0	-0	903	0	-403	-0	-2.65	209.33	-24.03	23.07	0	-178.16	20.44	0	0	0	300	0	200	0
71	-0	-0	-0	1506	0	-203	-0	-0	-0	-0	2109	0	-203	-0	-0	-0	-0	903	0	-403	-0	-2.85	223.17	-25.38	23.94	0	-178.53	47.39	-0	-0	-0	300	0	200	-0
72	-0	-0	-0	1506	0	-203	-0	-0	-0	-0	2109	0	-203	-0	-0	-0	-0	903	0	-403	-0	-2.78	234.3	-26.13	24.4	0	-178.28	4.35	-0	-0	-0	300	0	200	-0
73	-0	-0	-0	1506	0	-203	-0	-0	-0	-0	2109	0	-203	-0	-0	-0	-0	903	0	-403	-0	-3.26	246.79	-27.15	23.7	0	-178.86	43.01	0	0	0	300	0	200	0
74	-0	-0	-0	1506	0	-203	-0	-0	-0	-0	2109	0	-203	-0	-0	-0	-0	903	0	-403	-0	-2.99	260.64	-28.37	23.88	0	-179.24	107.48	-0	-0	-0	300	0	200	-0
75	-0	-0	-0	1506	0	-203	-0	-0	-0	-0	2109	0	-203	-0	-0	-0	-0	903	0	-403	-0	-2.65	271.5	-29.12	23.34	0	-178.72	105.39	-0	-0	-0	300	0	200	-0
76	-0	-0	-0	1506	0	-203	-0	-0	-0	-0	2109	0	-203	-0	-0	-0	-0	903	0	-403	-0	-2.17	285.07	-30.27	24.33	0	-179.1	122.2	-0	-0	-0	300	0	200	-0
77	-0	-0	-0	1506	0	-203	-0	-0	-0	-0	2109	0	-203	-0	-0	-0	-0	903	0	-403	-0	-0.95	297.29	-31.36	23.08	0	-178.5	207.82	0	0	0	300	0	200	0
78	-0	-0	-0	1506	0	-203	-0	-0	-0	-0	2109	0	-203	-0	-0	-0	-0	903	0	-403	-0	-0.68	309.78	-32.1	23.52	0	-178.16	313.19	-0	-0	-0	300	0	200	-0
79	-0	-0	-0	1506	0	-203	-0	-0	-0	-0	2109	0	-203	-0	-0	-0	-0	903	0	-403	-0	-0	323.08	-32.85	22.91	0	-178.07	336.65	-0	-0	-0	300	0	200	-0
80	-0	-0	-0	1506	0	-203	-0	-0	-0	-0	2109	0	-203	-0	0	0	0	903	0	-403	0	1.09	338.29	-34.28	23.74	0	-178.5	438.5	-0	-0	-0	300	0	200	-0
81	-0	-0	-0	1506	0	-203	-0	-0	-0	-0	2109	0	-203	-0	-0	-0	-0	903	0	-403	-0	1.36	351.05	-35.43	24.39	0	-178.6	569.06	-0	-0	-0	300	0	200	-0
82	-0	-0	-0	1506	0	-203	-0	-0	-0	-0	2109	0	-203	-0	-0	-0	-0	903	0	-403	-0	2.85	364.08	-36.18	24.26	0	-178.79	607.66	-0	-0	-0	300	0	200	-0
83	-0	-0	-0	1506	0	-203	-0	-0	-0	-0	2109	0	-203	-0	-0	-0	-0	903	0	-403	-0	5.02	377.93	-37.33	24.4	0	-179.02	798.51	-0	-0	-0	300	0	200	-0
84	-0	-0	-0	1506	0	-203	-0	-0	-0	-0	2109	0	-203	-0	-0	-0	-0	903	0	-403	-0	7.47	389.33	-38.01	24.35	0	-178.8	887.24	-0	-0	-0	300	0	200	-0
85	-0	-0	-0	1506	0	-203	-0	-0	-0	-0	2109	0	-203	-0	-0	-0	-0	903	0	-403	-0	10.72	401.82	-39.23	23.96	0	-179.01	948.93	-0	-0	-0	300	0	200	-0
86	-0	-0	-0	1506	0	-203	-0	-0	-0	-0	2109	0	-203	-0	-0	-0	-0	903	0	-403	-0	14.19	416.21	-39.64	24.76	0	-178.81	980.18	-0	-0	-0	300	0	200	-0
87	-0	-0	-0	1506	0	-203	-0	-0	-0	-0	2109	0	-203	-0	-0	-0	-0	903	0	-403	-0	16.83	427.34	-39.77	24.34	0	-179.25	948.05	-0	-0	-0	300	0	200	-0
88	-0	-0	-0	1506	0	-203	-0	-0	-0	-0	2109	0	-203	-0	-0	-0	-0	903	0	-403	-0	19.48	439.56	-40.52	24	0	-179.18	1163.88	0	0	0	300	0	200	0
89	-0	-0	-0	1506	0	-203	-0	-0	-0	-0	2109	0	-203	-0	-0	-0	-0	903	0	-403	-0	22.53	454.76	-40.72	24.71	0	-179.4	1187.37	-0	-0	-0	300	0	200	-0
90	-0	-0	-0	1506	0	-203	-0	-0	-0	-0	2109	0	-203	-0	-0	-0	-0	903	0	-403	-0	24.43	464.53	-41	23.82	0	-179.1	1220.35	0	0	0	300	0	200	0
91	-0	-0	-0	1506	0	-203	-0	-0	-0	-0	2109	0	-203	-0	-0	-0	-0	903	0	-403	-0	27.29	478.38	-40.86	25.24	0	-179.27	1276.9	-0	-0	-0	300	0	200	-0
92	-0	-0	-0	1506	0	-203	-0	-0	-0	-0	2109	0	-203	-0	-0	-0	-0	903	0	-403	-0	30.81	489.51	-40.52	24.64	0	-179.25	1290.65	-0	-0	-0	300	0	200	-0
93	-0	-0	-0	1506	0	-203	-0	-0	-0	-0	2109	0	-203	-0	-0	-0	-0	903	0	-403	-0	34.07	497.93	-41	24.34	0	-179.21	1539.59	-0	-0	-0	300	0	200	-0
94	-0	-0	-0	1506	0	-203	-0	-0	-0	-0	2109	0	-203	-0	-0	-0	-0	903	0	-403	-0	37.81	508.24	-40.39	24.72	0	-179.09	1498.68	-0	-0	-0	300	0	200	-0
95	-0	-0	-0	1506	0	-203	-0	-0	-0	-0	2109	0	-203	-0	-0	-0	-0	903	0	-403	-0	42.01	518.02	-40.11	24.49	0	-179.3	1576.2	-0	-0	-0	300	0	200	-0
96	-0	-0	-0	1506	0	-203	-0	-0	-0	-0	2109	0	-203	-0	-0	-0	-0	903	0	-403	-0	45.27	525.62	-39.43	24.9	0	-179.15	1490.24	-0	-0	-0	300	0	200	-0
97	-0	-0	-0	1506	0	-203	-0	-0	-0	-0	2109	0	-203	-0	-0	-0	-0	903	0	-403	-0	48.53	533.49	-38.69	24.93	0	-179.11	1538.8	-0	-0	-0	300	0	200	-0
98	-0	-0	-0	1506	0	-203	-0	-0	-0	-0	2109	0	-203	-0	-0	-0	-0	903	0	-403	-0	52.26	541.91	-38.01	25.16	0	-179.18	1533.62	-0	-0	-0	300	0	200	-0
99	-0	-0	-0	1506	0	-203	-0	-0	-0	-0	2109	0	-203	-0	-0	-0	-0	903	0	-403	-0	55.11	546.53	-36.72	24.75	0	-178.98	1364.92	-0	-0	-0	300	0	200	-0
100	-0	-0	-0	1506	0	-203	-0	-0	-0	-0	2109	0	-203	-0	-0	-0	-0	903	0	-403	-0	58.51	552.77	-36.38	25.17	0	-178.72	1435.94	-0	-0	-0	300	0	200	-0
101	-0	-0	-0	1506	0	-203	-0	-0	-0	-0	2109	0	-203	-0	-0	-0	-0	903	0	-403	-0	63.33	558.47	-35.5	25.11	0	-179.07	1345.29	-0	-0	-0	300	0	200	-0
102	-0	-0	-0	1506	0	-203	-0	-0	-0	-0	2109	0	-203	-0	-0	-0	-0	903	0	-403	-0	67.06	561.73	-35.02	25.45	0	-178.82	1373.88	-0	-0	-0	300	0	200	-0
103	-0	-0	-0	1506	0	-203	-0	-0	-0	-0	2109	0	-203	-0	-0	-0	-0	903	0	-403	-0	71	564.72	-34.21	25.58	0	-178.75	1345.67	-0	-0	-0	300	0	200	-0
104	-0	-0	-0	1506	0	-203	-0	-0	-0	-0	2109	0	-203	-0	-0	-0	-0	903	0	-403	-0	75.95	567.16	-32.99	25.82	0	-178.66	1132.56	0	0	0	300	0	200	0
105	-0	-0	-0	1506	0	-203	-0	-0	-0	-0	2109	0	-203	-0	-0	-0	-0	903	0	-403	-0	79.34	567.97	-31.97	26.43	0	-178.4	955	-0	-0	-0	300	0	200	-0
106	-0	-0	-0	1506	0	-203	-0	-0	-0	-0	2109	0	-203	-0	-0	-0	-0	903	0	-403	-0	82.74	567.7	-31.36	26.59	0	-178.46	1064.72	-0	-0	-0	300	0	200	-0
107	-0	-0	-0	1506	0	-203	-0	-0	-0	-0	2109	0	-203	-0	0	0	0	903	0	-403	0	87.08	567.16	-30.2	27.25	0	-178.1	863.34	-0	-0	-0	300	0	200	-0
108	-0	-0	-0	1506	0	-203	-0	-0	-0	-0	2109	0	-203	-0	-0	-0	-0	903	0	-403	-0	90.07	564.72	-29.12	27.49	0	-178.11	819.9	0	0	0	300	0	200	0
109	-0	-0	-0	1506	0	-203	-0	-0	-0	-0	2109	0	-203	-0	-0	-0	-0	903	0	-403	-0	93.87	561.19	-28.17	28.28	0	-178.28	931.68	-0	-0	-0	300	0	200	-0
110	-0	-0	-0	1506	0	-203	-0	-0	-0	-0	2109	0	-203	-0	-0	-0	-0	903	0	-403	-0	98.01	563.9	-27.29	35.75	0	-179.62	1132.66	-0	-0	-0	300	0	200	-0
111	-0	-0	-0	1506	0	-203	-0	-0	-0	-0	2109	0	-203	-0	0	0	0	903	0	-403	0	103.3	570.96	-26.88	47.04	0	-181.11	1019.73	-0	-0	-0	300	0	200	-0
112	-0	-0	-0	1506	0	-203	-0	-0	-0	-0	2109	0	-203	-0	-0	-0	-0	903	0	-403	-0	110.43	620.1	-24.71	95.89	0	-193.3	327.53	-0	-0	-0	300	0	200	-0
113	-0	-0	-0	1506	0	-203	-0	-0	-0	-0	2109	0	-203	-0	-0	-0	-0	903	0	-403	-0	110.09	823.73	-17.51	217.42	0	-221.37	-703.7	-0	-0	-0	300	0	200	-0
114	-0	-0	-0	1506	0	-203	-0	-0	-0	-0	2109	0	-203	-0	-0	-0	-0	903	0	-403	-0	112.2	915.22	-20.97	257.55	0	-230.31	1716.33	-0	-0	-0	300	0	200	-0
115	-0	-0	-0	1506	0	-203	-0	-0	-0	-0	2109	0	-203	-0	-0	-0	-0	903	0	-403	-0	100.11	876.94	-27.49	252.61	0	-228.76	5857.38	-0	-0	-0	300	0	200	-0
116	-0	-0	-0	1506	0	-203	-0	-0	-0	-0	2109	0	-203	-0	-0	-0	-0	903	0	-403	-0	86.68	839.47	-28.78	250.45	0	-228.02	8616.65	-0	-0	-0	300	0	200	-0
117	-0	-0	-0	1506	0	-203	-0	-0	-0	-0	2109	0	-203	-0	-0	-0	-0	903	0	-403	-0	74.05	829.97	-24.43	257.01	0	-229.47	9761.64	-0	-0	-0	300	0	200	-0
118	-0	-0	-0	1506	0	-203	-0	-0	-0	-0	2109	0	-203	-0	-0	-0	-0	903	0	-403	-0	61.43	820.2	-19.95	266.65	0	-231.59	10534.2	-0	-0	-0	300	0	200	-0
119	-0	-0	-0	1506	0	-203	-0	-0	-0	-0	2109	0	-203	-0	-0	-0	-0	903	0	-403	-0	45.41	800.1	-12.83	276.33	0	-233.84	10947.7	0	0	0	300	0	200	0
120	-0	-0	-0	1506	0	-203	-0	-0	-0	-0	2109	0	-203	-0	-14.53	30.68	-3.12	660.69	0	-333.32	-756.88	35.97	775.4	-8.28	282.12	0	-235.07	11309.2	-0	-0	-0	300	0	200	-0
121	-0	-0	-0	1506	0	-203	-0	-0	-0	-0	2109	0	-203	-0	-19.07	44.25	-2.99	649	0	-326.64	-724.43	29.46	743.09	-3.94	288.96	0	-236.89	11251	-0	-0	-0	300	0	200	-0
122	-0	-0	-0	1506	0	-203	-0	-0	-0	-0	2109	0	-203	-0	-20.02	65.97	-2.58	672.2	0	-317.5	-283.78	27.15	710.24	3.05	300	0	-239.24	10649.9	-0	-0	-0	300	0	200	-0
123	-0	-0	-0	1506	0	-203	-0	-0	-0	-0	2109	0	-203	-0	-18.19	84.71	-1.29	675.21	0	-324.36	-678.88	24.84	682.82	8.21	312.02	0	-242.13	10188.6	-0	-0	-0	300	0	200	-0
124	-0	-0	-0	1506	0	-203	-0	-0	-0	-0	2109	0	-203	-0	-17.38	96.65	-0.14	673.69	0	-322.8	-595.86	24.37	651.05	12.62	327.26	0	-245.43	10649.5	-0	-0	-0	300	0	200	-0
125	-0	-0	-0	1506	0	-203	-0	-0	-0	-0	2109	0	-203	-0	-18.26	108.33	2.31	674.72	0	-320.62	-596.75	25.32	611.69	16.36	344.69	0	-249.4	11787.4	0	0	0	300	0	200	0
126	-0	-0	-0	1506	0	-203	-0	-0	-0	-0	2109	0	-203	-0	-20.97	120	4.21	680.26	0	-321.51	-695.36	20.5	568.25	19.55	365.53	0	-255.18	12771.9	-0	-0	-0	300	0	200	-0
127	-0	-0	-0	1506	0	-203	-0	-0	-0	-0	2109	0	-203	-0	-25.18	133.3	5.91	682.11	0	-321.99	-652.18	8.42	524.81	22.53	389.54	0	-260.42	12999.7	-0	-0	-0	300	0	200	-0
128	-0	-0	-0	1506	0	-203	-0	-0	-0	-0	2109	0	-203	-0	-30.81	153.12	7.74	684.85	0	-320.67	-754.41	-10.45	484.35	26.06	420.22	0	-267.1	12481.3	-0	-0	-0	300	0	200	-0
129	-0	-0	-0	1506	0	-203	-0	-0	-0	-0	2109	0	-203	-0	-35.36	172.67	7.26	689.81	0	-320.73	-931.8	-25.05	463.18	29.25	443.2	0	-272.08	12061.2	-0	-0	-0	300	0	200	-0
130	-0	-0	-0	1506	0	-203	-0	-0	-0	-0	2109	0	-203	-0	-38.76	186.25	4.41	688.1	0	-319.47	-770.73	-40.32	449.87	30.54	465.98	0	-277.22	10927.9	-0	-0	-0	300	0	200	-0
131	-0	-0	-0	1506	0	-203	-0	-0	-0	-0	2109	0	-203	-0	-41.06	204.17	1.7	689.94	0	-318.22	-615.93	-58.91	438.2	31.15	488.16	0	-281.94	9329.22	0	0	0	300	0	200	0
132	-0	-0	-0	1506	0	-203	-0	-0	-0	-0	2109	0	-203	-0	-42.01	217.2	0.34	691.99	0	-317.78	-630.45	-70.05	430.32	30.14	505.96	0	-285.47	8007.02	-0	-0	-0	300	0	200	-0
133	-0	-0	-0	1506	0	-203	-0	-0	-0	-0	2109	0	-203	-0	-42.49	228.87	-1.49	692.51	0	-317.55	-444.1	-78.12	422.18	28.51	525.12	0	-289.64	6488	-0	-0	-0	300	0	200	-0
134	-0	-0	-0	1506	0	-203	-0	-0	-0	-0	2109	0	-203	-0	-42.42	239.19	-1.43	692.53	0	-316.39	-525.44	-85.66	415.94	25.93	545.51	0	-293.79	4565.67	-0	-0	-0	300	0	200	-0
135	-0	-0	-0	1506	0	-203	-0	-0	-0	-0	2109	0	-203	-0	-42.29	248.69	-0.48	693.92	0	-316.1	-425.39	-89.46	409.15	24.91	560.88	0	-297.05	3434.31	-0	-0	-0	300	0	200	-0
136	-0	-0	-0	1506	0	-203	-0	-0	-0	-0	2109	0	-203	-0	-41.34	252.22	0.75	692.74	0	-315.23	-340.77	-91.15	401.82	25.93	577.1	0	-300.55	2831.62	-0	-0	-0	300	0	200	-0
137	-0	-0	-0	1506	0	-203	-0	-0	-0	-0	2109	0	-203	-0	-40.59	261.72	2.31	695.53	0	-315.79	-445.36	-92.99	393.94	27.69	593.74	0	-304.25	2324.12	-0	-0	-0	300	0	200	-0
138	-0	-0	-0	1506	0	-203	-0	-0	-0	-0	2109	0	-203	-0	-40.72	264.98	2.17	695.74	0	-315.4	-290.95	-0	-0	-0	300	0	-203	-0	-0	-0	-0	300	0	200	-0
139	-0	-0	-0	1506	0	-203	-0	-0	-0	-0	2109	0	-203	-0	-39.37	265.8	2.17	694.61	0	-315.15	-349.02	-0	-0	-0	300	0	-203	-0	-0	-0	-0	300	0	200	-0
140	-0	-0	-0	1506	0	-203	-0	-0	-0	-0	2109	0	-203	-0	-38.21	269.6	2.1	696.37	0	-315.31	-373.3	-0	-0	-0	300	0	-203	-0	-0	-0	-0	300	0	200	-0
141	-0	-0	-0	1506	0	-203	-0	-0	-0	-0	2109	0	-203	-0	-36.24	269.05	1.43	695.44	0	-315.24	-271.53	-0	-0	-0	300	0	-203	-0	-0	-0	-0	300	0	200	-0
142	-0	-0	-0	1506	0	-203	-0	-0	-0	-0	2109	0	-203	-0	-34.34	270.14	1.83	696.38	0	-315.29	-267.58	-0	-0	-0	300	0	-203	-0	0	0	0	300	0	200	0
143	-0	-0	-0	1506	0	-203	-0	-0	-0	-0	2109	0	-203	-0	-32.65	270.68	2.92	696.23	0	-315.31	-324.78	-0	-0	-0	300	0	-203	-0	0	0	0	300	0	200	0
144	-0	-0	-0	1506	0	-203	-0	-0	-0	-0	2109	0	-203	-0	-31.22	268.78	3.46	695.23	0	-315.61	-194	-0	-0	-0	300	0	-203	-0	0	0	0	300	0	200	0
145	-0	-0	-0	1506	0	-203	-0	-0	-0	-0	2109	0	-203	-0	-29.8	270.14	4.48	696.22	0	-316.41	-209.76	-0	-0	-0	300	0	-203	-0	-0	-0	-0	300	0	200	-0
146	-0	-0	-0	1506	0	-203	-0	-0	-0	-0	2109	0	-203	-0	-28.03	267.15	5.16	694.84	0	-315.75	-133.01	-0	-0	-0	300	0	-203	-0	-0	-0	-0	300	0	200	-0
147	-0	-0	-0	1506	0	-203	-0	-0	-0	-0	2109	0	-203	-0	-26.13	266.88	6.24	695.46	0	-316.44	-159.71	-0	-0	-0	300	0	-203	-0	-0	-0	-0	300	0	200	-0
148	-0	-0	-0	1506	0	-203	-0	-0	-0	-0	2109	0	-203	-0	-24.3	265.52	6.92	695.44	0	-316.36	-171.27	-0	-0	-0	300	0	-203	-0	-0	-0	-0	300	0	200	-0
149	-0	-0	-0	1506	0	-203	-0	-0	-0	-0	2109	0	-203	-0	-22.67	263.08	7.6	694.19	0	-316.34	-86.53	-0	-0	-0	300	0	-203	-0	-0	-0	-0	300	0	200	-0
150	-0	-0	-0	1506	0	-203	-0	-0	-0	-0	2109	0	-203	-0	-21.04	261.45	8.76	694	0	-316.8	-224.92	-0	-0	-0	300	0	-203	-0	0	0	0	300	0	200	0
151	-0	-0	-0	1506	0	-203	-0	-0	-0	-0	2109	0	-203	-0	-20.02	261.99	8.69	694.96	0	-317.19	-3.15	-0	-0	-0	300	0	-203	-0	-0	-0	-0	300	0	200	-0
152	-0	-0	-0	1506	0	-203	-0	-0	-0	-0	2109	0	-203	-0	-18.12	260.91	9.3	695.68	0	-317.68	-57.57	-0	-0	-0	300	0	-203	-0	-0	-0	-0	300	0	200	-0
153	-0	-0	-0	1506	0	-203	-0	-0	-0	-0	2109	0	-203	-0	-17.04	260.64	9.91	696.31	0	-318.6	-37.99	-0	-0	-0	300	0	-203	-0	-0	-0	-0	300	0	200	-0
154	-0	-0	-0	1506	0	-203	-0	-0	-0	-0	2109	0	-203	-0	-16.43	257.11	9.84	694.6	0	-318.24	47.92	-0	-0	-0	300	0	-203	-0	0	0	0	300	0	200	0
155	-0	-0	-0	1506	0	-203	-0	-0	-0	-0	2109	0	-203	-0	-14.39	254.66	10.38	694.11	0	-318.57	-66.49	-0	-0	-0	300	0	-203	-0	-0	-0	-0	300	0	200	-0
156	-0	-0	-0	1506	0	-203	-0	-0	-0	-0	2109	0	-203	-0	-13.51	255.21	10.59	696.07	0	-319.56	42.77	-0	-0	-0	300	0	-203	-0	0	0	0	300	0	200	0
157	-0	-0	-0	1506	0	-203	-0	-0	-0	-0	2109	0	-203	-0	-12.22	250.59	10.86	693.74	0	-318.68	-40.75	-0	-0	-0	300	0	-203	-0	-0	-0	-0	300	0	200	-0
158	-0	-0	-0	1506	0	-203	-0	-0	-0	-0	2109	0	-203	-0	-10.25	250.05	11.4	695.77	0	-319.77	-79.06	-0	-0	-0	300	0	-203	-0	-0	-0	-0	300	0	200	-0
159	-0	-0	-0	1506	0	-203	-0	-0	-0	-0	2109	0	-203	-0	-9.71	246.52	11.61	694.65	0	-319.41	-55.37	-0	-0	-0	300	0	-203	-0	-0	-0	-0	300	0	200	-0
160	-0	-0	-0	1506	0	-203	-0	-0	-0	-0	2109	0	-203	-0	-8.96	244.35	12.29	693.82	0	-318.67	-174.88	-0	-0	-0	300	0	-203	-0	-0	-0	-0	300	0	200	-0
161	-0	-0	-0	1506	0	-203	-0	-0	-0	-0	2109	0	-203	-0	-7.33	244.08	12.08	695.56	0	-319.93	-80.26	-0	-0	-0	300	0	-203	-0	-0	-0	-0	300	0	200	-0
162	-0	-0	-0	1506	0	-203	-0	-0	-0	-0	2109	0	-203	-0	-6.18	241.09	11.74	694.65	0	-319.82	-41.57	-0	-0	-0	300	0	-203	-0	-0	-0	-0	300	0	200	-0
163	-0	-0	-0	1506	0	-203	-0	-0	-0	-0	2109	0	-203	-0	-5.43	239.19	12.56	694.32	0	-319.51	-125.81	-0	-0	-0	300	0	-203	-0	-0	-0	-0	300	0	200	-0
164	-0	-0	-0	1506	0	-203	-0	-0	-0	-0	2109	0	-203	-0	-4.48	237.83	12.49	695.04	0	-319.67	-62.01	-0	-0	-0	300	0	-203	-0	-0	-0	-0	300	0	200	-0
165	-0	-0	-0	1506	0	-203	-0	-0	-0	-0	2109	0	-203	-0	-3.8	236.2	12.49	694.89	0	-319.73	-48.29	-0	-0	-0	300	0	-203	-0	0	0	0	300	0	200	0
166	-0	-0	-0	1506	0	-203	-0	-0	-0	-0	2109	0	-203	-0	-2.38	236.75	12.96	697.7	0	-320.51	-155.44	-0	-0	-0	300	0	-203	-0	-0	-0	-0	300	0	200	-0
167	-0	-0	-0	1506	0	-203	-0	-0	-0	-0	2109	0	-203	-0	-1.7	232.67	13.17	694.35	0	-320.07	-126.02	-0	-0	-0	300	0	-203	-0	0	0	0	300	0	200	0
168	-0	-0	-0	1506	0	-203	-0	-0	-0	-0	2109	0	-203	-0	-0.68	234.57	13.44	698.09	0	-321.33	-131.38	-0	-0	-0	300	0	-203	-0	-0	-0	-0	300	0	200	-0
169	-0	-0	-0	1506	0	-203	-0	-0	-0	-0	2109	0	-203	-0	-0.61	231.32	13.98	696.82	0	-320.12	-168.75	-0	-0	-0	300	0	-203	-0	0	0	0	300	0	200	0
170	-0	-0	-0	1506	0	-203	-0	-0	-0	-0	2109	0	-203	-0	0.81	228.87	13.98	696.18	0	-320.02	-147.57	-0	-0	-0	300	0	-203	-0	-0	-0	-0	300	0	200	-0
171	-0	-0	-0	1506	0	-203	-0	-0	-0	-0	2109	0	-203	-0	1.56	226.7	14.12	696.7	0	-319.71	-154.99	-0	-0	-0	300	0	-203	-0	-0	-0	-0	300	0	200	-0
172	-0	-0	-0	1506	0	-203	-0	-0	-0	-0	2109	0	-203	-0	2.1	226.97	14.66	697.43	0	-319.99	-194.01	-0	-0	-0	300	0	-203	-0	-0	-0	-0	300	0	200	-0
173	-0	-0	-0	1506	0	-203	-0	-0	-0	-0	2109	0	-203	-0	3.39	224.8	14.86	697.65	0	-319.93	-191.58	-0	-0	-0	300	0	-203	-0	-0	-0	-0	300	0	200	-0
174	-0	-0	-0	1506	0	-203	-0	-0	-0	-0	2109	0	-203	-0	3.87	224.8	15.41	698.2	0	-319.99	-268.29	-0	-0	-0	300	0	-203	-0	-0	-0	-0	300	0	200	-0
175	-0	-0	-0	1506	0	-203	-0	-0	-0	-0	2109	0	-203	-0	4	221.27	15.2	696.12	0	-319.6	-184.88	-0	-0	-0	300	0	-203	-0	-0	-0	-0	300	0	200	-0
176	-0	-0	-0	1506	0	-203	-0	-0	-0	-0	2109	0	-203	-0	5.7	221.81	15.88	698.8	0	-320.12	-331.63	-0	-0	-0	300	0	-203	-0	-0	-0	-0	300	0	200	-0
177	-0	-0	-0	1506	0	-203	-0	-0	-0	-0	2109	0	-203	-0	5.97	221.81	16.09	699.43	0	-320.24	-281.53	-0	-0	-0	300	0	-203	-0	-0	-0	-0	300	0	200	-0
178	-0	-0	-0	1506	0	-203	-0	-0	-0	-0	2109	0	-203	-0	6.52	221	16.15	699.36	0	-319.81	-249.3	-0	-0	-0	300	0	-203	-0	0	0	0	300	0	200	0
179	-0	-0	-0	1506	0	-203	-0	-0	-0	-0	2109	0	-203	-0	6.92	221.54	16.83	700.73	0	-320.45	-340.45	-0	-0	-0	300	0	-203	-0	-0	-0	-0	300	0	200	-0
180	-0	-0	-0	1506	0	-203	-0	-0	-0	-0	2109	0	-203	-0	6.79	221.27	17.17	701.29	0	-319.85	-361.28	-0	-0	-0	300	0	-203	-0	0	0	0	300	0	200	0
181	-0	-0	-0	1506	0	-203	-0	-0	-0	-0	2109	0	-203	-0	7.33	220.46	17.1	700.86	0	-319.35	-246.88	-0	-0	-0	300	0	-203	-0	0	0	0	300	0	200	0
182	-0	-0	-0	1506	0	-203	-0	-0	-0	-0	2109	0	-203	-0	6.72	222.63	17.44	703.7	0	-320.05	-258.47	-0	-0	-0	300	0	-203	-0	-0	-0	-0	300	0	200	-0
183	-0	-0	-0	1506	0	-203	-0	-0	-0	-0	2109	0	-203	-0	6.79	222.9	17.65	703.08	0	-319.53	-289.9	-0	-0	-0	300	0	-203	-0	-0	-0	-0	300	0	200	-0
184	-0	-0	-0	1506	0	-203	-0	-0	-0	-0	2109	0	-203	-0	6.72	223.71	17.99	704.98	0	-319.46	-311.47	-0	-0	-0	300	0	-203	-0	-0	-0	-0	300	0	200	-0
185	-0	-0	-0	1506	0	-203	-0	-0	-0	-0	2109	0	-203	-0	6.11	225.89	18.19	705.54	0	-319.29	-317.48	-0	-0	-0	300	0	-203	-0	-0	-0	-0	300	0	200	-0
186	-0	-0	-0	1506	0	-203	-0	-0	-0	-0	2109	0	-203	-0	5.91	225.34	18.33	704.45	0	-317.99	-353.15	-0	-0	-0	300	0	-203	-0	0	0	0	300	0	200	0
187	-0	-0	-0	1506	0	-203	-0	-0	-0	-0	2109	0	-203	-0	5.43	230.23	18.87	708.31	0	-319.67	-305.92	-0	-0	-0	300	0	-203	-0	-0	-0	-0	300	0	200	-0
188	-0	-0	-0	1506	0	-203	-0	-0	-0	-0	2109	0	-203	-0	4.41	232.67	19.07	708.28	0	-319.24	-333.87	-0	-0	-0	300	0	-203	-0	-0	-0	-0	300	0	200	-0
189	-0	-0	-0	1506	0	-203	-0	-0	-0	-0	2109	0	-203	-0	4.41	234.84	19.48	709.08	0	-318.9	-443.87	-0	-0	-0	300	0	-203	-0	-0	-0	-0	300	0	200	-0
190	-0	-0	-0	1506	0	-203	-0	-0	-0	-0	2109	0	-203	-0	3.6	239.73	20.02	711.82	0	-319.23	-364.17	-0	-0	-0	300	0	-203	-0	-0	-0	-0	300	0	200	-0
191	-0	-0	-0	1506	0	-203	-0	-0	-0	-0	2109	0	-203	-0	3.05	244.35	20.09	712.61	0	-318.78	-406.83	-0	-0	-0	300	0	-203	-0	-0	-0	-0	300	0	200	-0
192	-0	-0	-0	1506	0	-203	-0	-0	-0	-0	2109	0	-203	-0	2.85	248.96	20.91	713.76	0	-318.85	-503.34	-0	-0	-0	300	0	-203	-0	-0	-0	-0	300	0	200	-0
193	-0	-0	-0	1506	0	-203	-0	-0	-0	-0	2109	0	-203	-0	2.17	254.39	21.04	714.38	0	-318.48	-459.6	-0	-0	-0	300	0	-203	-0	-0	-0	-0	300	0	200	-0
194	-0	-0	-0	1506	0	-203	-0	-0	-0	-0	2109	0	-203	-0	1.29	260.64	21.86	716.1	0	-317.54	-461.01	-0	-0	-0	300	0	-203	-0	-0	-0	-0	300	0	200	-0
195	-0	-0	-0	1506	0	-203	-0	-0	-0	-0	2109	0	-203	-0	1.43	268.51	23.08	717.47	0	-317.73	-629.39	-0	-0	-0	300	0	-203	-0	0	0	0	300	0	200	0
196	-0	-0	-0	1506	0	-203	-0	-0	-0	-0	2109	0	-203	-0	-0	275.84	23.69	718.1	0	-317.4	-566.6	-0	-0	-0	300	0	-203	-0	-0	-0	-0	300	0	200	-0
197	-0	-0	-0	1506	0	-203	-0	-0	-0	-0	2109	0	-203	-0	0.14	285.07	24.77	719.97	0	-317.41	-620.52	-0	-0	-0	300	0	-203	-0	0	0	0	300	0	200	0
198	-0	-0	-0	1506	0	-203	-0	-0	-0	-0	2109	0	-203	-0	0.34	295.39	26.13	721.84	0	-317.13	-815.39	-0	-0	-0	300	0	-203	-0	-0	-0	-0	300	0	200	-0
199	-0	-0	-0	1506	0	-203	-0	-0	-0	-0	2109	0	-203	-0	-0.75	304.89	26.61	722.55	0	-317.37	-715.22	-0	-0	-0	300	0	-203	-0	-0	-0	-0	300	0	200	-0
200	-0	-0	-0	1506	0	-203	-0	-0	-0	-0	2109	0	-203	-0	-0.14	316.29	27.76	722.82	0	-316.62	-880.23	-0	-0	-0	300	0	-203	-0	-0	-0	-0	300	0	200	-0
201	-0	-0	-0	1506	0	-203	-0	-0	-0	-0	2109	0	-203	-0	0.14	330.68	28.91	725.45	0	-317.62	-909.65	-0	-0	-0	300	0	-203	-0	-0	-0	-0	300	0	200	-0
202	-0	-0	-0	1506	0	-203	-0	-0	-0	-0	2109	0	-203	-0	0.75	340.73	29.39	725.46	0	-317.15	-901.33	-0	-0	-0	300	0	-203	-0	-0	-0	-0	300	0	200	-0
203	-0	-0	-0	1506	0	-203	-0	-0	-0	-0	2109	0	-203	-0	2.1	357.56	30.41	726.53	0	-317.91	-1012.85	-0	-0	-0	300	0	-203	-0	-0	-0	-0	300	0	200	-0
204	-0	-0	-0	1506	0	-203	-0	-0	-0	-0	2109	0	-203	-0	2.92	373.04	31.43	728.34	0	-317.7	-1050.32	-0	-0	-0	300	0	-203	-0	-0	-0	-0	300	0	200	-0
205	-0	-0	-0	1506	0	-203	-0	-0	-0	-0	2109	0	-203	-0	3.87	385.53	31.97	727.7	0	-317.71	-1153.5	-0	-0	-0	300	0	-203	-0	-0	-0	-0	300	0	200	-0
206	-0	-0	-0	1506	0	-203	-0	-0	-0	-0	2109	0	-203	-0	6.11	403.72	32.78	728.36	0	-317.63	-1299.11	-0	-0	-0	300	0	-203	-0	-0	-0	-0	300	0	200	-0
207	-0	-0	-0	1506	0	-203	-0	-0	-0	-0	2109	0	-203	-0	7.87	420.55	33.39	728.95	0	-318.03	-1342.08	-0	-0	-0	300	0	-203	-0	-0	-0	-0	300	0	200	-0
208	-0	-0	-0	1506	0	-203	-0	-0	-0	-0	2109	0	-203	-0	10.18	435.48	33.53	729.6	0	-317.96	-1389.04	-0	-0	-0	300	0	-203	-0	-0	-0	-0	300	0	200	-0
209	-0	-0	-0	1506	0	-203	-0	-0	-0	-0	2109	0	-203	-0	11.67	455.84	35.57	730.3	0	-318.13	-1482.08	-0	-0	-0	300	0	-203	-0	-0	-0	-0	300	0	200	-0
210	-0	-0	-0	1506	0	-203	-0	-0	-0	-0	2109	0	-203	-0	13.64	473.22	36.58	730.43	0	-318.16	-1521.48	-0	-0	-0	300	0	-203	-0	-0	-0	-0	300	0	200	-0
211	-0	-0	-0	1506	0	-203	-0	-0	-0	-0	2109	0	-203	-0	15.81	488.42	38.62	730.58	0	-318.31	-1324.91	-0	-0	-0	300	0	-203	-0	-0	-0	-0	300	0	200	-0
212	-0	-0	-0	1506	0	-203	-0	-0	-0	-0	2109	0	-203	-0	18.94	511.77	40.32	731.41	0	-318.51	-1258.43	-0	-0	-0	300	0	-203	-0	-0	-0	-0	300	0	200	-0
213	-0	-0	-0	1506	0	-203	-0	-0	-0	-0	2109	0	-203	-0	20.77	529.69	40.11	731.62	0	-318.61	-1276.64	-0	-0	-0	300	0	-203	-0	-0	-0	-0	300	0	200	-0
214	-0	-0	-0	1506	0	-203	-0	-0	-0	-0	2109	0	-203	-0	22.47	544.89	40.39	731.89	0	-318.64	-1432.2	-0	-0	-0	300	0	-203	-0	-0	-0	-0	300	0	200	-0
215	-0	-0	-0	1506	0	-203	-0	-0	-0	-0	2109	0	-203	-0	24.43	566.88	41.27	732.57	0	-318.7	-1488.8	-0	-0	-0	300	0	-203	-0	-0	-0	-0	300	0	200	-0
216	-0	-0	-0	1506	0	-203	-0	-0	-0	-0	2109	0	-203	-0	26.88	583.45	41	732.4	0	-318.49	-1599.15	-0	-0	-0	300	0	-203	-0	-0	-0	-0	300	0	200	-0
217	-0	-0	-0	1506	0	-203	-0	-0	-0	-0	2109	0	-203	-0	29.19	600.01	41.54	733.34	0	-318.52	-1765.78	-0	-0	-0	300	0	-203	-0	-0	-0	-0	300	0	200	-0
218	-0	-0	-0	1506	0	-203	-0	-0	-0	-0	2109	0	-203	-0	33.53	619.28	40.59	733.03	0	-318.46	-1813.86	2.99	-35.02	4.21	8.2	0	-171.5	39.85	-0	-0	-0	300	0	200	-0
219	-0	-0	-0	1506	0	-203	-0	-0	-0	-0	2109	0	-203	-0	36.99	632.59	39.91	732.66	0	-317.73	-1846.77	3.19	-34.75	4.95	1.95	0	-169.27	-65.62	-0	-0	-0	300	0	200	-0
220	-0	-0	-0	1506	0	-203	-0	-0	-0	-0	2109	0	-203	-0	41.81	651.05	39.37	733.76	0	-318.11	-1952.32	3.12	-35.02	5.09	5.83	0	-170.31	-61.78	-0	-0	-0	300	0	200	-0
221	-0	-0	-0	1506	0	-203	-0	-0	-0	-0	2109	0	-203	-0	45.61	672.5	39.5	734.36	0	-318.16	-2022.44	2.78	-35.57	4.95	13.04	0	-173.14	-82.69	-0	-0	-0	300	0	200	-0
222	-0	-0	-0	1506	0	-203	-0	-0	-0	-0	2109	0	-203	-0	49.14	688.24	38.96	733.95	0	-317.87	-2222.28	3.12	-34.75	4.41	4.33	0	-170.06	139.07	-0	-0	-0	300	0	200	-0
223	-0	-0	-0	1506	0	-203	-0	-0	-0	-0	2109	0	-203	-0	51.45	705.08	39.57	734.6	0	-317.89	-2303.95	2.99	-35.02	4.48	12.13	0	-170.71	189.69	-0	-0	-0	300	0	200	-0
224	-0	-0	-0	1506	0	-203	-0	-0	-0	-0	2109	0	-203	-0	53.15	725.17	39.23	734.83	0	-317.64	-2188.33	2.65	-35.57	4.41	11.1	0	-171.2	130.73	0	0	0	300	0	200	0
225	-0	-0	-0	1506	0	-203	-0	-0	-0	-0	2109	0	-203	-0	55.86	738.74	40.05	735.03	0	-317.44	-2402.03	2.65	-35.84	4.48	17.91	0	-173.75	270.76	-0	-0	-0	300	0	200	-0
226	-0	-0	-0	1506	0	-203	-0	-0	-0	-0	2109	0	-203	-0	59.05	753.13	40.39	735.49	0	-317.75	-2287.8	2.85	-35.29	4.75	11.22	0	-172.13	150.11	-0	-0	-0	300	0	200	-0
227	-0	-0	-0	1506	0	-203	-0	-0	-0	-0	2109	0	-203	-0	64.01	766.71	40.52	735.58	0	-317.63	-2585.83	2.92	-35.02	4.48	10.16	0	-173.07	195.13	0	0	0	300	0	200	0
228	-0	-0	-0	1506	0	-203	-0	-0	-0	-0	2109	0	-203	-0	68.89	778.38	40.86	735.79	0	-317.68	-3056.03	3.26	-36.65	4.82	21.92	0	-172.52	227.64	-0	-0	-0	300	0	200	-0
229	-0	-0	-0	1506	0	-203	-0	-0	-0	-0	2109	0	-203	-0	73.1	785.17	41.47	736.11	0	-317.3	-3537.32	2.92	-35.29	4.89	10.44	0	-173.3	101.52	0	0	0	300	0	200	0
230	-0	-0	-0	1506	0	-203	-0	-0	-0	-0	2109	0	-203	-0	77.85	794.94	42.01	736.53	0	-317.5	-4005.04	3.19	-34.75	4.68	9.09	0	-174.42	168.65	0	0	0	300	0	200	0
231	-0	-0	-0	1506	0	-203	-0	-0	-0	-0	2109	0	-203	-0	82.4	800.1	43.17	736.84	0	-317.5	-4582.73	2.99	-35.57	4.89	14.2	0	-170.43	195.5	0	0	0	300	0	200	0
232	-0	-0	-0	1506	0	-203	-0	-0	-0	-0	2109	0	-203	-0	86.4	805.53	44.19	737.57	0	-317.34	-5086.35	2.92	-35.84	4.21	14.06	0	-172.98	377.86	-0	-0	-0	300	0	200	-0
233	-0	-0	-0	1506	0	-203	-0	-0	-0	-0	2109	0	-203	-0	91.29	807.7	43.78	737.71	0	-317.23	-5443.45	2.71	-34.48	4.55	8.8	0	-170.2	274.43	-0	-0	-0	300	0	200	-0
234	-0	-0	-0	1506	0	-203	-0	-0	-0	-0	2109	0	-203	-0	95.3	808.79	44.73	738.2	0	-317.1	-5937.09	3.05	-35.84	4.75	17.52	0	-173.37	255.11	0	0	0	300	0	200	0
235	-0	-0	-0	1506	0	-203	-0	-0	-0	-0	2109	0	-203	-0	98.76	811.23	44.32	739.06	0	-317.14	-6125.76	2.71	-35.29	4.82	12.78	0	-171.74	189.44	-0	-0	-0	300	0	200	-0
236	-0	-0	-0	1506	0	-203	-0	-0	-0	-0	2109	0	-203	-0	103.3	808.79	44.53	739.41	0	-316.87	-6563.96	3.05	-36.11	4.89	19.26	0	-170.15	248.22	-0	-0	-0	300	0	200	-0
237	-0	-0	-0	1506	0	-203	-0	-0	-0	-0	2109	0	-203	-0	108.19	806.07	45.27	739.87	0	-316.78	-7095.44	2.99	-34.48	4.75	4.8	0	-171.4	123.58	-0	-0	-0	300	0	200	-0
238	-0	-0	-0	1506	0	-203	-0	-0	-0	-0	2109	0	-203	-0	111.65	802.82	45.2	740.57	0	-316.76	-7352.29	2.78	-35.02	4.75	10.56	0	-171.1	116.89	-0	-0	-0	300	0	200	-0
239	-0	-0	-0	1506	0	-203	-0	-0	-0	-0	2109	0	-203	-0	116.4	793.86	44.86	740.96	0	-316.39	-7726.74	3.19	-35.02	4.75	8.59	0	-169.53	167.1	-0	-0	-0	300	0	200	-0
240	-0	-0	-0	1506	0	-203	-0	-0	-0	-0	2109	0	-203	-0	120.61	785.98	45.2	741.84	0	-316.23	-8124.4	2.78	-34.48	4.55	6.8	0	-169.8	139.6	-0	-0	-0	300	0	200	-0
241	-0	-0	-0	1506	0	-203	-0	-0	-0	-0	2109	0	-203	-0	123.26	777.57	44.66	742.4	0	-316.1	-8256.71	3.05	-34.48	4.14	8	0	-169.8	268.75	-0	-0	-0	300	0	200	-0
242	-0	-0	-0	1506	0	-203	-0	-0	-0	-0	2109	0	-203	-0	127.13	762.63	43.44	742.77	0	-315.47	-8458.08	2.92	-35.29	4.41	11.61	0	-172.91	274.16	-0	-0	-0	300	0	200	-0
243	-0	-0	-0	1506	0	-203	-0	-0	-0	-0	2109	0	-203	-0	129.91	752.32	42.62	743.78	0	-315.5	-8519.26	2.85	-35.02	4.55	9.77	0	-169.53	88.01	-0	-0	-0	300	0	200	-0
244	-0	-0	-0	1506	0	-203	-0	-0	-0	-0	2109	0	-203	-0	131.88	738.74	41.4	744.48	0	-315.05	-8527.55	2.78	-35.57	4.89	15.36	0	-171.2	25.51	-0	-0	-0	300	0	200	-0
245	-0	-0	-0	1506	0	-203	-0	-0	-0	-0	2109	0	-203	-0	135.48	718.38	39.64	744.92	0	-314.36	-8627.9	3.19	-35.29	4.82	10.44	0	-172.91	61.87	0	0	0	300	0	200	0
246	-0	-0	-0	1506	0	-203	-0	-0	-0	-0	2109	0	-203	-0	136.9	704.81	38.62	746.43	0	-314.2	-8549.99	2.71	-35.29	4.75	10.83	0	-174.08	23.28	-0	-0	-0	300	0	200	-0
247	-0.8	73.11	1.78	1286.59	0	-152.8	192.36	-0	-0	-0	2109	0	-203	-0	137.17	687.7	36.86	746.79	0	-313.85	-8333.46	3.05	-35.84	4.55	14.44	0	-171.83	64.65	-0	-0	-0	300	0	200	-0
248	-6.91	262.65	-1.15	1293.27	0	-149.06	46.76	-0	-0	-0	2109	0	-203	-0	137.31	663.27	34.48	747.38	0	-312.98	-8060.16	3.12	-35.57	4.82	17.3	0	-169.65	16.13	0	0	0	300	0	200	0
249	-5.3	422.68	-1.96	1294.7	0	-150.11	-89.17	-0	-0	-0	2109	0	-203	-0	137.11	644.26	33.05	748.22	0	-312.51	-7846.36	2.85	-35.84	4.62	17.91	0	-173.37	42.68	-0	-0	-0	300	0	200	-0
250	-17.03	403.85	5.01	1296.2	0	-148.5	-72.27	-0	-0	-0	2109	0	-203	-0	137.04	623.9	30.61	748.72	0	-312.01	-7513.54	2.99	-36.11	4.48	15.44	0	-172.06	91.33	-0	-0	-0	300	0	200	-0
251	-31.34	375.29	9.71	1298.64	0	-148.88	-2.73	-0	-0	-0	2109	0	-203	-0	137.45	598.92	28.44	750.14	0	-311.58	-7212.2	2.65	-34.21	4.62	2.46	0	-170.75	17.02	-0	-0	-0	300	0	200	-0
252	-43.4	378.42	7.45	1302.15	0	-149.02	614.49	-0	-0	-0	2109	0	-203	-0	137.04	572.31	25.59	750.82	0	-310.89	-6817.27	2.85	-34.75	4.62	9.49	0	-172.04	-34.43	-0	-0	-0	300	0	200	-0
253	-55.61	393.48	5.35	1303.67	0	-148.27	392.25	-0	-0	-0	2109	0	-203	-0	137.38	547.61	22.53	751.56	0	-310.24	-6439.71	3.26	-35.02	4.82	11.74	0	-169.53	-70.78	-0	-0	-0	300	0	200	-0
254	-70.08	405.08	2.43	1307.9	0	-149.16	803.33	-0	-0	-0	2109	0	-203	-0	137.38	512.31	19.82	753.16	0	-309.45	-6079.62	3.05	-35.02	4.82	10.16	0	-173.07	-67.63	-0	-0	-0	300	0	200	-0
255	-82.78	411.05	0.47	1309.75	0	-148.43	457.93	-0	-0	-0	2109	0	-203	-0	137.17	480.82	17.1	754.76	0	-308.66	-5709.17	3.12	-36.11	4.95	13.53	0	-169.01	-113.62	-0	-0	-0	300	0	200	-0
256	-91.78	411.68	0.16	1313.26	0	-146.54	889.8	-0	-0	-0	2109	0	-203	-0	132.76	449.6	14.8	754.92	0	-307.93	-5049.56	2.85	-35.29	4.55	9.27	0	-172.52	61.5	-0	-0	-0	300	0	200	-0
257	-93.06	425.17	-2.77	1316.13	0	-146.62	861.33	-0	-0	-0	2109	0	-203	-0	123.8	411.05	11.33	755.97	0	-307.17	-3754.07	2.85	-35.57	4.68	10.71	0	-170.04	1.04	-0	-0	-0	300	0	200	-0
258	-91.46	447.14	-9.08	1320.57	0	-144.34	1633.03	-0	-0	-0	2109	0	-203	-0	117.56	374.39	8.55	756.12	0	-306.34	-2843.31	2.71	-35.84	4.62	14.44	0	-171.06	7.21	-0	-0	-0	300	0	200	-0
259	-87.6	461.25	-9.09	1322.43	0	-145.4	578.01	-0	-0	-0	2109	0	-203	-0	112.81	334.21	6.45	756.54	0	-305.15	-2195.19	2.78	-36.11	4.95	13.92	0	-173.97	-41.55	-0	-0	-0	300	0	200	-0
260	-85.35	473.18	-12.49	1325.16	0	-144.65	1347.7	-0	-0	-0	2109	0	-203	-0	108.33	284.8	2.85	758.2	0	-305.66	-1125.62	2.85	-36.38	4.62	16.81	0	-172.67	11.5	-0	-0	-0	300	0	200	-0
261	-90.17	471.93	-11.69	1324.99	0	-143.14	741.59	-0	-0	-0	2109	0	-203	-0	101.95	239.19	0.48	759.36	0	-304.28	-298.86	3.46	-35.84	4.95	14.06	0	-171.44	-96.89	-0	-0	-0	300	0	200	-0
262	-94.99	478.19	-14.59	1330.28	0	-144.68	1212.79	-0	-0	-0	2109	0	-203	-0	91.77	202.26	-1.36	760.9	0	-304.2	-166.4	3.05	-35.57	4.82	13.81	0	-173.14	60.5	-0	-0	-0	300	0	200	-0
263	-101.91	475.99	-19.61	1335.23	0	-143.58	1810.89	-0	-0	-0	2109	0	-203	-0	74.87	163.44	-3.33	763.34	0	-305.7	-223.89	2.99	-35.02	4.62	10.56	0	-171.5	9.5	-0	-0	-0	300	0	200	-0
264	-109.94	486.04	-23.17	1335.39	0	-142.68	1970.3	-0	-0	-0	2109	0	-203	-0	62.17	134.12	-4.75	763.25	0	-304.28	-181.29	2.92	-34.48	4.89	4	0	-172.6	4.22	-0	-0	-0	300	0	200	-0
265	-115.41	500.15	-26.9	1340.3	0	-142.85	2037.59	-0	-0	-0	2109	0	-203	-0	53.21	114.03	-4.48	765.96	0	-305.39	-153.14	2.92	-35.57	4.48	13.81	0	-173.53	205.91	-0	-0	-0	300	0	200	-0
266	-124.73	518.65	-29.17	1343.77	0	-142.81	1960.88	-0	-0	-0	2109	0	-203	-0	42.01	93.12	-3.26	772.22	0	-300.96	-378.9	2.71	-35.02	4.48	14.5	0	-171.89	115.71	-0	-0	-0	300	0	200	-0
267	-130.03	531.52	-29.65	1344.74	0	-141.83	2340.94	-0	-0	-0	2109	0	-203	-0	32.17	78.46	-2.58	773.8	0	-300.52	-326.15	3.05	-35.02	4.55	7.01	0	-170.71	170.53	-0	-0	-0	300	0	200	-0
268	-131.96	544.37	-27.56	1347.79	0	-143.02	1746.89	-0	-0	-0	2109	0	-203	-0	24.84	68.69	-1.49	777.91	0	-301.6	-189.32	3.05	-35.02	4.62	8.2	0	-172.68	213.83	0	0	0	300	0	200	0
269	-132.61	551.28	-30.46	1348.58	0	-141.84	2515.77	-0	-0	-0	2109	0	-203	-0	17.51	54.03	-0.48	776.13	0	-297.83	-312.69	2.71	-36.65	5.02	25.68	0	-172.52	97.86	-0	-0	-0	300	0	200	-0
270	-131.96	562.57	-28.85	1348.45	0	-143.06	1719.88	-0	-0	-0	2109	0	-203	-0	13.17	43.17	0.2	767.53	0	-310.98	-251.39	3.26	-35.84	4.62	11.75	0	-171.83	169.57	-0	-0	-0	300	0	200	-0
271	-129.87	576.68	-31.27	1350.84	0	-144.4	1789.24	-0	-0	-0	2109	0	-203	-0	9.98	36.65	1.22	776.56	0	-315.7	-272.16	2.85	-35.02	4.75	9.38	0	-172.28	174.54	-0	-0	-0	300	0	200	-0
272	-128.75	582.03	-32.73	1350.31	0	-142.27	2108.96	-0	-0	-0	2109	0	-203	-0	-0	-0	-0	903	0	-403	-0	3.12	-36.11	4.89	14.68	0	-170.53	88.59	-0	-0	-0	300	0	200	-0
273	-125.53	589.24	-32.75	1349.61	0	-142.95	1132.03	-0	-0	-0	2109	0	-203	-0	-0	-0	-0	903	0	-403	-0	2.92	-34.48	4.28	6.4	0	-171.8	292.95	0	0	0	300	0	200	0
274	-122.32	594.26	-36.14	1349.92	0	-142.97	1702.32	-0	-0	-0	2109	0	-203	-0	-0	-0	-0	903	0	-403	-0	2.71	-35.29	4.62	11.22	0	-172.13	183.16	-0	-0	-0	300	0	200	-0
275	-122.96	602.42	-38.24	1351.56	0	-143.2	1801.86	-0	-0	-0	2109	0	-203	-0	-0	-0	-0	903	0	-403	-0	2.65	-36.38	4.68	17.95	0	-173.05	220.28	-0	-0	-0	300	0	200	-0
276	-117.5	606.81	-36.96	1351.46	0	-143.28	962.93	-0	-0	-0	2109	0	-203	-0	-0	-0	-0	903	0	-403	-0	2.99	-35.29	4.89	11.61	0	-173.3	132.82	-0	-0	-0	300	0	200	-0
277	-114.28	607.12	-38.89	1351.69	0	-143.53	1224.26	-0	-0	-0	2109	0	-203	-0	-0	-0	-0	903	0	-403	-0	2.99	-35.84	4.62	18.68	0	-172.6	210.58	-0	-0	-0	300	0	200	-0
278	-109.62	609.95	-38.41	1350.41	0	-143.09	1240.53	-0	-0	-0	2109	0	-203	-0	-0	-0	-0	903	0	-403	-0	3.05	-35.29	4.41	12.39	0	-169.78	239.84	-0	-0	-0	300	0	200	-0
279	-106.25	607.75	-40.02	1350.83	0	-144.05	1303.83	-0	-0	-0	2109	0	-203	-0	-0	-0	-0	903	0	-403	-0	2.85	-35.02	4.89	7.41	0	-172.68	97.28	-0	-0	-0	300	0	200	-0
280	-101.26	609.01	-40.03	1350.72	0	-143.06	1288.45	-0	-0	-0	2109	0	-203	-0	-0	-0	-0	903	0	-403	-0	3.05	-37.74	4.75	28.82	0	-174.13	199.08	-0	-0	-0	300	0	200	-0
281	-95.16	608.07	-41.97	1349.83	0	-143.31	1004.09	-0	-0	-0	2109	0	-203	-0	-0	-0	-0	903	0	-403	-0	3.05	-34.21	4.75	2.46	0	-168.33	109.53	0	0	0	300	0	200	0
282	-92.42	606.2	-42.12	1349.57	0	-142.89	1790.3	-0	-0	-0	2109	0	-203	-0	-0	-0	-0	903	0	-403	-0	2.78	-34.21	4.41	3.67	0	-169.94	198.72	-0	-0	-0	300	0	200	-0
283	-85.83	600.24	-43.91	1348.44	0	-142	1372.14	-0	-0	-0	2109	0	-203	-0	-0	-0	-0	903	0	-403	-0	2.92	-35.57	4.68	14.2	0	-171.59	95.52	-0	-0	-0	300	0	200	-0
284	-80.21	599.93	-45.03	1349.12	0	-142.75	1591.19	-0	-0	-0	2109	0	-203	-0	-0	-0	-0	903	0	-403	-0	3.05	-36.11	4.62	19.26	0	-172.83	237.79	-0	-0	-0	300	0	200	-0
285	-75.71	589.27	-45.36	1348.14	0	-141.43	1553.19	-0	-0	-0	2109	0	-203	-0	-0	-0	-0	903	0	-403	-0	2.71	-34.21	4.62	1.65	0	-172.76	76.92	-0	-0	-0	300	0	200	-0
286	-71.21	589.26	-43.75	1348.5	0	-142.45	832.22	-0	-0	-0	2109	0	-203	-0	-0	-0	-0	903	0	-403	-0	3.12	-35.57	4.89	11.49	0	-170.43	-17	-0	-0	-0	300	0	200	-0
287	-65.9	584.25	-45.52	1348.23	0	-141.69	1391.34	-0	-0	-0	2109	0	-203	-0	-0	-0	-0	903	0	-403	-0	2.85	-34.75	4.75	6.31	0	-172.84	70.19	-0	-0	-0	300	0	200	-0
288	-63.01	583.62	-46.81	1351.52	0	-141.47	1186.2	-0	-0	-0	2109	0	-203	-0	-0	-0	-0	903	0	-403	-0	2.85	-35.02	4.68	12.53	0	-171.5	103.34	-0	-0	-0	300	0	200	-0
289	-57.87	576.09	-46	1348.63	0	-141.78	1279.43	-0	-0	-0	2109	0	-203	-0	-0	-0	-0	903	0	-403	-0	3.12	-35.02	5.02	12.53	0	-173.07	-53.02	-0	-0	-0	300	0	200	-0
290	-56.42	571.38	-44.07	1351.08	0	-141.97	956	-0	-0	-0	2109	0	-203	-0	-0	-0	-0	903	0	-403	-0	2.85	-35.57	4.62	12.65	0	-172.36	120.73	-0	-0	-0	300	0	200	-0
291	-53.85	564.79	-45.36	1351.16	0	-142.23	902.99	-0	-0	-0	2109	0	-203	-0	-0	-0	-0	903	0	-403	-0	3.12	-35.29	4.55	10.83	0	-173.3	24.85	-0	-0	-0	300	0	200	-0
292	-49.83	554.44	-45.03	1351.67	0	-142.09	856.88	-0	-0	-0	2109	0	-203	-0	0	0	0	903	0	-403	0	2.99	-36.11	4.75	18.12	0	-172.06	23.33	-0	-0	-0	300	0	200	-0
293	-49.67	543.14	-44.7	1351.71	0	-141.21	1270.02	-0	-0	-0	2109	0	-203	-0	-0	-0	-0	903	0	-403	-0	2.99	-34.21	4.55	2.86	0	-173.17	69.81	0	0	0	300	0	200	0
294	-45.97	542.51	-44.53	1355.56	0	-141.68	1145.78	-0	-0	-0	2109	0	-203	-0	-0	-0	-0	903	0	-403	-0	2.78	-35.57	4.75	12.26	0	-172.75	-39.36	-0	-0	-0	300	0	200	-0
295	-42.44	529.65	-45.82	1354.01	0	-141.38	1501.69	-0	-0	-0	2109	0	-203	-0	-0	-0	-0	903	0	-403	-0	2.99	-36.38	4.95	21.74	0	-173.43	27.6	-0	-0	-0	300	0	200	-0
296	-41.47	527.76	-43.55	1358.06	0	-141.81	1614.11	-0	-0	-0	2109	0	-203	-0	-0	-0	-0	903	0	-403	-0	2.92	-35.57	4.82	14.2	0	-173.14	45.74	0	0	0	300	0	200	0
297	-39.7	516.46	-42.91	1358.88	0	-141.43	1140.16	-0	-0	-0	2109	0	-203	-0	-0	-0	-0	903	0	-403	-0	3.12	-35.84	4.82	16.37	0	-173.37	-12.99	-0	-0	-0	300	0	200	-0
298	-37.29	511.75	-41.12	1361.31	0	-141.66	830.19	-0	-0	-0	2109	0	-203	-0	-0	-0	-0	903	0	-403	-0	2.99	-34.48	4.82	5.2	0	-171.8	-26.08	-0	-0	-0	300	0	200	-0
299	-35.04	502.34	-41.92	1362.81	0	-141.33	1431.67	-0	-0	-0	2109	0	-203	-0	-0	-0	-0	903	0	-403	-0	2.99	-35.57	4.82	15.36	0	-174.3	-5.82	-0	-0	-0	300	0	200	-0
300	-35.68	495.76	-41.6	1363.26	0	-139.95	1623.24	-0	-0	-0	2109	0	-203	-0	0	0	0	903	0	-403	0	2.92	-36.38	4.48	19.08	0	-174.57	129.12	-0	-0	-0	300	0	200	-0
301	-32.79	493.86	-38.36	1365.78	0	-141.23	1282.42	-0	-0	-0	2109	0	-203	-0	-0	-0	-0	903	0	-403	-0	2.78	-35.57	4.62	9.55	0	-172.75	114.74	-0	-0	-0	300	0	200	-0
302	-29.26	481.32	-39.48	1366.4	0	-139.11	1805.67	-0	-0	-0	2109	0	-203	-0	-0	-0	-0	903	0	-403	-0	2.78	-35.02	4.28	8.98	0	-173.07	142.82	-0	-0	-0	300	0	200	-0
303	-30.38	480.36	-37.71	1369.53	0	-141.7	1035.97	-0	-0	-0	2109	0	-203	-0	-0	-0	-0	903	0	-403	-0	3.12	-36.65	4.48	21.54	0	-174.4	144.16	-0	-0	-0	300	0	200	-0
304	-27.01	474.4	-35.92	1370.41	0	-141.31	915.49	-0	-0	-0	2109	0	-203	-0	-0	-0	-0	903	0	-403	-0	2.92	-35.29	5.02	11.61	0	-172.52	19.28	-0	-0	-0	300	0	200	-0
305	-27.01	468.43	-38.01	1373.91	0	-141.94	1671.22	-0	-0	-0	2109	0	-203	-0	-0	-0	-0	903	0	-403	-0	3.26	-35.57	4.68	13.43	0	-173.14	65.6	-0	-0	-0	300	0	200	-0
306	-24.92	464.36	-35.91	1373.91	0	-141.92	1205.08	-0	-0	-0	2109	0	-203	-0	-0	-0	-0	903	0	-403	-0	3.12	-35.02	4.75	11.74	0	-170.71	22.53	-0	-0	-0	300	0	200	-0
307	-23.31	456.52	-36.05	1375.25	0	-140.15	2054.04	-0	-0	-0	2109	0	-203	-0	-0	-0	-0	903	0	-403	-0	2.71	-35.84	4.68	16.75	0	-172.21	129.35	-0	-0	-0	300	0	200	-0
308	-23.63	451.17	-34.28	1378.53	0	-141.3	1671.92	-0	-0	-0	2109	0	-203	-0	-0	-0	-0	903	0	-403	-0	2.78	-35.29	4.62	14.74	0	-171.35	122.72	-0	-0	-0	300	0	200	-0
309	-22.35	447.1	-32.99	1380.45	0	-140.35	1335.88	-0	-0	-0	2109	0	-203	-0	-0	-0	-0	903	0	-403	-0	2.92	-35.29	4.62	10.44	0	-169.39	129.08	-0	-0	-0	300	0	200	-0
310	-19.13	441.13	-33.62	1382.66	0	-140.51	1755.23	-0	-0	-0	2109	0	-203	-0	-0	-0	-0	903	0	-403	-0	2.71	-35.02	5.09	5.44	0	-172.28	-34.78	-0	-0	-0	300	0	200	-0
311	-20.1	436.42	-33.13	1385.11	0	-141.08	1554.5	-0	-0	-0	2109	0	-203	-0	-0	-0	-0	903	0	-403	-0	2.85	-35.84	4.75	15.6	0	-173.37	93.4	-0	-0	-0	300	0	200	-0
312	-18.49	429.83	-32.49	1386.79	0	-141.02	1272.9	-0	-0	-0	2109	0	-203	-0	-0	-0	-0	903	0	-403	-0	3.05	-35.57	4.82	10.71	0	-171.98	64.41	-0	-0	-0	300	0	200	-0
313	-19.29	427.94	-30.86	1389.69	0	-142.15	1541.65	-0	-0	-0	2109	0	-203	-0	-0	-0	-0	903	0	-403	-0	3.05	-35.29	4.62	12.78	0	-170.18	179.1	-0	-0	-0	300	0	200	-0
314	-19.45	422.61	-31.84	1391.03	0	-140.87	1497.27	-0	-0	-0	2109	0	-203	-0	-0	-0	-0	903	0	-403	-0	2.92	-35.57	5.02	11.87	0	-173.53	51.12	0	0	0	300	0	200	0
315	-15.43	423.23	-30.52	1393.73	0	-141.7	1835.75	-0	-0	-0	2109	0	-203	-0	-0	-0	-0	903	0	-403	-0	2.99	-35.57	5.02	11.49	0	-173.53	14.42	0	0	0	300	0	200	0
316	-16.56	417.58	-31.33	1396.89	0	-141.15	2097.58	-0	-0	-0	2109	0	-203	-0	-0	-0	-0	903	0	-403	-0	2.44	-34.48	4.48	5.2	0	-171.4	170.96	-0	-0	-0	300	0	200	-0
317	-15.27	408.17	-27.78	1397.3	0	-139.49	1558.63	-0	-0	-0	2109	0	-203	-0	-0	-0	-0	903	0	-403	-0	2.92	-35.02	4.68	11.74	0	-172.68	123.37	-0	-0	-0	300	0	200	-0
318	-16.08	410.98	-27.29	1402.37	0	-141.24	1416.89	-0	-0	-0	2109	0	-203	-0	-0	-0	-0	903	0	-403	-0	2.71	-35.57	4.75	12.65	0	-173.53	154.55	-0	-0	-0	300	0	200	-0
319	-14.95	400.32	-27.93	1403.82	0	-139.68	1737.3	-0	-0	-0	2109	0	-203	-0	-0	-0	-0	903	0	-403	-0	2.92	-35.57	4.55	14.59	0	-172.75	173.96	-0	-0	-0	300	0	200	-0
320	-13.03	398.75	-26.63	1406.64	0	-139.56	1295.95	-0	-0	-0	2109	0	-203	-0	-0	-0	-0	903	0	-403	-0	2.85	-35.84	5.02	17.91	0	-173.75	65.09	-0	-0	-0	300	0	200	-0
321	-14.47	399.06	-27.76	1411.42	0	-139.65	1673.51	-0	-0	-0	2109	0	-203	-0	-0	-0	-0	903	0	-403	-0	-0	-0	-0	300	0	-203	-0	-0	-0	-0	300	0	200	-0
322	-14.79	395.3	-25.49	1411.12	0	-138.39	1933.6	-0	-0	-0	2109	0	-203	-0	-0	-0	-0	903	0	-403	-0	3.46	-35.29	4.89	10.83	0	-172.52	24.26	-0	-0	-0	300	0	200	-0
323	-12.7	396.23	-24.04	1413.65	0	-138.84	1158.45	-0	-0	-0	2109	0	-203	-0	-0	-0	-0	903	0	-403	-0	3.12	-36.11	4.89	17.35	0	-172.44	86.93	-0	-0	-0	300	0	200	-0
324	-12.22	394.66	-26.29	1417.95	0	-140.1	1701.38	-0	-0	-0	2109	0	-203	-0	-0	-0	-0	903	0	-403	-0	2.92	-35.02	4.62	4.65	0	-171.89	130.34	0	0	0	300	0	200	0
325	-12.86	389.96	-23.71	1418.9	0	-137.77	1678.61	-0	-0	-0	2109	0	-203	-0	-0	-0	-0	903	0	-403	-0	2.99	-35.29	4.89	12	0	-172.52	54.82	-0	-0	-0	300	0	200	-0
326	-13.19	397.47	-22.74	1421.77	0	-139.83	1382.92	-0	-0	-0	2109	0	-203	-0	-0	-0	-0	903	0	-403	-0	3.05	-34.48	4.55	3.2	0	-170.6	144.24	-0	-0	-0	300	0	200	-0
327	-12.38	386.18	-22.56	1424.94	0	-138.16	1860.1	-0	-0	-0	2109	0	-203	-0	-0	-0	-0	903	0	-403	-0	2.71	-35.02	4.62	9.77	0	-171.89	82.72	-0	-0	-0	300	0	200	-0
328	-12.22	397.16	-23.37	1429.87	0	-138.63	1420.04	-0	-0	-0	2109	0	-203	-0	-0	-0	-0	903	0	-403	-0	3.12	-35.02	4.68	10.56	0	-170.71	98.62	-0	-0	-0	300	0	200	-0
329	-11.58	390.88	-22.73	1428.73	0	-139.06	1274.17	-0	-0	-0	2109	0	-203	-0	-0	-0	-0	903	0	-403	-0	3.12	-35.02	5.09	7.8	0	-171.1	-61.36	-0	-0	-0	300	0	200	-0
330	-10.13	394.95	-22.71	1433.36	0	-139.05	1791.47	-0	-0	-0	2109	0	-203	-0	-0	-0	-0	903	0	-403	-0	2.85	-35.29	4.89	10.83	0	-172.52	51.5	-0	-0	-0	300	0	200	-0
331	-11.58	394.96	-22.72	1433.5	0	-137.72	1619.11	-0	-0	-0	2109	0	-203	-0	-0	-0	-0	903	0	-403	-0	2.99	-35.84	4.75	17.14	0	-170.29	87.5	-0	-0	-0	300	0	200	-0
332	-9.81	399.66	-21.27	1436.29	0	-138.21	1451.78	-0	-0	-0	2109	0	-203	-0	-0	-0	-0	903	0	-403	-0	2.92	-34.75	4.55	4.33	0	-170.46	106.8	-0	-0	-0	300	0	200	-0
333	-9.01	406.24	-23.2	1439.21	0	-138.84	1826.1	-0	-0	-0	2109	0	-203	-0	-0	-0	-0	903	0	-403	-0	2.99	-35.02	4.55	8.2	0	-173.47	63.93	0	0	0	300	0	200	0
334	-8.37	406.56	-23.2	1439.8	0	-136.95	1812.89	-0	-0	-0	2109	0	-203	-0	-0	-0	-0	903	0	-403	-0	2.78	-36.38	4.89	19.84	0	-171.91	47.65	-0	-0	-0	300	0	200	-0
335	-7.24	406.87	-23.68	1440.14	0	-137.89	1729.73	-0	-0	-0	2109	0	-203	-0	-0	-0	-0	903	0	-403	-0	2.71	-36.11	4.62	13.53	0	-172.44	99.87	0	0	0	300	0	200	0
336	-6.44	415.65	-24.32	1442.83	0	-137.71	1841.85	-0	-0	-0	2109	0	-203	-0	-0	-0	-0	903	0	-403	-0	2.78	-36.11	4.75	18.88	0	-173.97	92.01	0	0	0	300	0	200	0
337	-4.03	417.54	-24.97	1442.79	0	-136.27	1557.4	-0	-0	-0	2109	0	-203	-0	-0	-0	-0	903	0	-403	-0	3.12	-35.84	4.75	17.52	0	-173.37	32.44	-0	-0	-0	300	0	200	-0
338	-1.94	434.46	-24.16	1445.77	0	-139.3	1329.03	-0	-0	-0	2109	0	-203	-0	-0	-0	-0	903	0	-403	-0	3.12	-34.75	4.82	5.92	0	-171.65	-30.79	-0	-0	-0	300	0	200	-0
339	-0.33	435.73	-25.45	1446.98	0	-136.69	1646.04	-0	-0	-0	2109	0	-203	-0	-0	-0	-0	903	0	-403	-0	2.99	-35.02	4.41	8.59	0	-172.28	139.68	-0	-0	-0	300	0	200	-0
340	2.4	448.9	-30.14	1446.77	0	-137.62	1461.64	-0	-0	-0	2109	0	-203	-0	-0	-0	-0	903	0	-403	-0	2.85	-36.65	4.55	21.54	0	-170.64	170.57	-0	-0	-0	300	0	200	-0
341	3.21	451.73	-28.21	1445.14	0	-137.58	1206.61	-0	-0	-0	2109	0	-203	-0	-0	-0	-0	903	0	-403	-0	2.85	-35.02	4.75	7.01	0	-171.1	32.38	0	0	0	300	0	200	0
342	5.46	466.78	-30.46	1448.41	0	-136.69	1541.02	-0	-0	-0	2109	0	-203	-0	-0	-0	-0	903	0	-403	-0	2.65	-35.02	4.62	9.77	0	-173.47	76.93	-0	-0	-0	300	0	200	-0
343	5.14	474.95	-31.28	1445.66	0	-136.64	1223.26	-0	-0	-0	2109	0	-203	-0	-0	-0	-0	903	0	-403	-0	3.19	-35.57	4.62	13.81	0	-170.81	55.58	-0	-0	-0	300	0	200	-0
344	10.44	481.22	-29.65	1446.2	0	-136.09	1327.38	-0	-0	-0	2109	0	-203	-0	0	0	0	903	0	-403	0	3.12	-35.57	4.82	10.71	0	-174.3	-8.01	-0	-0	-0	300	0	200	-0
345	13.33	490.63	-33.37	1447.37	0	-136.2	1397.95	-0	-0	-0	2109	0	-203	-0	-0	-0	-0	903	0	-403	-0	2.78	-36.11	4.89	16.59	0	-174.74	18.92	-0	-0	-0	300	0	200	-0
346	15.26	511.34	-32.4	1445.75	0	-136.9	1378.96	-0	-0	-0	2109	0	-203	-0	-0	-0	-0	903	0	-403	-0	2.99	-35.84	4.82	19.83	0	-172.98	94.5	-0	-0	-0	300	0	200	-0
347	18.64	519.17	-33.36	1446.61	0	-137.33	1740.48	-0	-0	-0	2109	0	-203	-0	-0	-0	-0	903	0	-403	-0	3.12	-35.29	4.75	10.83	0	-173.3	22.86	-0	-0	-0	300	0	200	-0
348	24.1	527.96	-34.49	1446.19	0	-136.39	1741.1	-0	-0	-0	2109	0	-203	-0	-0	-0	-0	903	0	-403	-0	2.92	-35.29	4.75	14.35	0	-172.91	70.33	-0	-0	-0	300	0	200	-0
349	28.28	535.5	-36.58	1446.47	0	-135.97	1609.69	-0	-0	-0	2109	0	-203	-0	-0	-0	-0	903	0	-403	-0	2.85	-36.38	4.68	23.25	0	-173.43	141.85	-0	-0	-0	300	0	200	-0
350	31.66	557.76	-34.48	1446.99	0	-137.17	1744.68	-0	-0	-0	2109	0	-203	-0	-0	-0	-0	903	0	-403	-0	2.78	-34.75	4.89	5.52	0	-174.42	15.67	0	0	0	300	0	200	0
351	36.96	563.41	-34.48	1446.48	0	-136.23	1796.86	-0	-0	-0	2109	0	-203	-0	-0	-0	-0	903	0	-403	-0	3.05	-35.02	4.89	13.31	0	-173.07	66.01	-0	-0	-0	300	0	200	-0
352	40.34	576.59	-38.19	1446.37	0	-136.1	1915.7	-0	-0	-0	2109	0	-203	-0	-0	-0	-0	903	0	-403	-0	2.85	-35.29	4.62	10.05	0	-172.13	83.91	-0	-0	-0	300	0	200	-0
353	46.61	593.21	-36.08	1447.38	0	-137.49	2045.56	-0	-0	-0	2109	0	-203	-0	-0	-0	-0	903	0	-403	-0	3.19	-35.29	4.68	11.61	0	-172.13	95.56	-0	-0	-0	300	0	200	-0
354	49.02	607.33	-36.72	1446.36	0	-136.15	2302.5	-0	-0	-0	2109	0	-203	-0	-0	-0	-0	903	0	-403	-0	2.92	-35.29	4.95	12.78	0	-173.3	9.01	-0	-0	-0	300	0	200	-0
355	53.03	613.3	-36.73	1446.33	0	-136	1711.67	-0	-0	-0	2109	0	-203	-0	-0	-0	-0	903	0	-403	-0	2.92	-35.57	4.82	13.81	0	-173.53	67.41	-0	-0	-0	300	0	200	-0
356	58.98	632.42	-36.73	1447.49	0	-137.01	1864.36	-0	-0	-0	2109	0	-203	-0	-0	-0	-0	903	0	-403	-0	3.19	-34.75	4.95	6.71	0	-172.04	-2.13	-0	-0	-0	300	0	200	-0
357	62.04	644.97	-37.69	1447.69	0	-136.5	1866.2	-0	-0	-0	2109	0	-203	-0	-0	-0	-0	903	0	-403	-0	3.05	-34.21	4.82	2.46	0	-170.75	-60.15	-0	-0	-0	300	0	200	-0
358	64.93	655.33	-37.37	1445.66	0	-136.31	2041.23	-0	-0	-0	2109	0	-203	-0	-0	-0	-0	903	0	-403	-0	3.05	-35.02	4.48	5.44	0	-168.35	96.85	-0	-0	-0	300	0	200	-0
359	71.04	668.81	-38.01	1447.4	0	-137.31	2037.14	-0	-0	-0	2109	0	-203	-0	-0	-0	-0	903	0	-403	-0	2.85	-35.29	4.68	6.14	0	-173.69	95.21	-0	-0	-0	300	0	200	-0
360	75.38	679.48	-38.97	1447.89	0	-136.08	2076.16	-0	-0	-0	2109	0	-203	-0	-0	-0	-0	903	0	-403	-0	2.65	-36.11	4.95	16.21	0	-173.97	25.46	-0	-0	-0	300	0	200	-0
361	77.31	692.35	-38.17	1446.47	0	-136.23	2011.91	-0	-0	-0	2109	0	-203	-0	-0	-0	-0	903	0	-403	-0	3.12	-35.84	4.48	14.44	0	-172.21	152.07	-0	-0	-0	300	0	200	-0
362	82.77	698.93	-38	1447.5	0	-136.58	2355.17	-0	-0	-0	2109	0	-203	-0	-0	-0	-0	903	0	-403	-0	3.19	-35.02	4.82	4.26	0	-173.07	8.45	-0	-0	-0	300	0	200	-0
363	87.11	716.19	-40.9	1448.06	0	-135.69	2539.42	-0	-0	-0	2109	0	-203	-0	-0	-0	-0	903	0	-403	-0	3.12	-35.02	4.75	8.98	0	-170.31	68.54	-0	-0	-0	300	0	200	-0
364	90.81	721.2	-39.13	1447.32	0	-136.77	1943.22	-0	-0	-0	2109	0	-203	-0	-0	-0	-0	903	0	-403	-0	3.12	-35.29	4.75	11.61	0	-170.96	69.25	-0	-0	-0	300	0	200	-0
365	96.92	732.18	-38.63	1449.19	0	-137.27	2484.63	-0	-0	-0	2109	0	-203	-0	-0	-0	-0	903	0	-403	-0	2.92	-34.75	4.89	8.69	0	-172.04	11.74	-0	-0	-0	300	0	200	-0
366	100.93	740.97	-40.57	1448.26	0	-136.75	2346.14	-0	-0	-0	2109	0	-203	-0	-0	-0	-0	903	0	-403	-0	2.58	-36.65	4.48	20.79	0	-174.4	237.34	-0	-0	-0	300	0	200	-0
367	104.79	742.85	-39.43	1449.17	0	-136.34	2147.8	-0	-0	-0	2109	0	-203	-0	0	0	0	903	0	-403	0	2.85	-35.29	4.75	11.22	0	-171.35	73.75	-0	-0	-0	300	0	200	-0
368	110.9	751.94	-39.76	1448.66	0	-136.91	1791.33	-0	-0	-0	2109	0	-203	-0	-0	-0	-0	903	0	-403	-0	2.85	-34.48	4.62	7.2	0	-172.6	75.55	-0	-0	-0	300	0	200	-0
369	116.85	751.63	-42.02	1448.93	0	-136.88	1825.66	-0	-0	-0	2109	0	-203	-0	-0	-0	-0	903	0	-403	-0	2.92	-35.02	4.82	7.41	0	-172.28	29.46	-0	-0	-0	300	0	200	-0
370	118.61	752.89	-40.74	1448.31	0	-136.61	1416.64	-0	-0	-0	2109	0	-203	-0	-0	-0	-0	903	0	-403	-0	2.99	-36.11	4.75	19.26	0	-173.97	117.22	-0	-0	-0	300	0	200	-0
371	125.52	762.29	-41.37	1450.6	0	-136.97	1673.2	-0	-0	-0	2109	0	-203	-0	-0	-0	-0	903	0	-403	-0	2.99	-35.02	4.62	7.8	0	-172.68	89.95	-0	-0	-0	300	0	200	-0
372	128.74	761.98	-41.85	1450.04	0	-137.03	1459.67	-0	-0	-0	2109	0	-203	-0	-0	-0	-0	903	0	-403	-0	2.92	-35.84	4.68	14.83	0	-170.67	78.54	-0	-0	-0	300	0	200	-0
373	133.72	758.23	-40.89	1448.92	0	-136.54	1116.68	-0	-0	-0	2109	0	-203	-0	-0	-0	-0	903	0	-403	-0	3.05	-35.02	4.55	7.01	0	-170.71	134.33	-0	-0	-0	300	0	200	-0
374	137.9	760.42	-41.69	1450.09	0	-137.03	1320.93	-0	-0	-0	2109	0	-203	-0	-0	-0	-0	903	0	-403	-0	2.99	-35.29	4.68	15.52	0	-171.74	50.02	-0	-0	-0	300	0	200	-0
375	142.24	750.07	-42.67	1450.52	0	-135.93	713.9	-0	-0	-0	2109	0	-203	-0	-0	-0	-0	903	0	-403	-0	2.92	-35.29	4.75	11.22	0	-171.35	40.58	-0	-0	-0	300	0	200	-0
376	146.26	749.13	-41.54	1450.96	0	-136.63	505.72	-0	-0	-0	2109	0	-203	-0	-0	-0	-0	903	0	-403	-0	3.12	-35.29	4.75	8.49	0	-171.74	70.62	0	0	0	300	0	200	0
377	151.56	739.71	-42.66	1452.3	0	-136.77	630.24	-0	-0	-0	2109	0	-203	-0	-0	-0	-0	903	0	-403	-0	2.85	-36.38	4.89	20.6	0	-174.19	76.41	-0	-0	-0	300	0	200	-0
378	152.69	732.5	-40.42	1451.76	0	-136.75	-3.36	-0	-0	-0	2109	0	-203	-0	-0	-0	-0	903	0	-403	-0	3.05	-35.57	4.41	13.43	0	-171.59	177.5	0	0	0	300	0	200	0
379	156.71	721.83	-38.78	1451.75	0	-136.91	450.81	-0	-0	-0	2109	0	-203	-0	-0	-0	-0	903	0	-403	-0	3.05	-35.02	4.82	9.38	0	-173.07	6.16	-0	-0	-0	300	0	200	-0
380	160.24	709.91	-40.23	1453.56	0	-137.39	433.26	-0	-0	-0	2109	0	-203	-0	-0	-0	-0	903	0	-403	-0	2.99	-36.11	4.62	20.41	0	-171.68	117.58	-0	-0	-0	300	0	200	-0
381	160.4	691.72	-36.54	1452.37	0	-136.39	-349.24	-0	-0	-0	2109	0	-203	-0	-0	-0	-0	903	0	-403	-0	3.12	-35.29	4.55	9.27	0	-173.3	117.73	-0	-0	-0	300	0	200	-0
382	164.9	686.38	-34.75	1452.55	0	-137.88	45.85	-0	-0	-0	2109	0	-203	-0	-0	-0	-0	903	0	-403	-0	2.99	-34.75	4.95	7.11	0	-173.23	-11	-0	-0	-0	300	0	200	-0
383	166.19	661.6	-33.45	1453.77	0	-137.12	10.26	-0.17	88.88	1.1	2038.46	0	-243.88	17.33	-0	-0	-0	903	0	-403	-0	3.05	-35.57	4.62	15.75	0	-171.98	94.87	-0	-0	-0	300	0	200	-0
384	169.24	645.6	-30.06	1453.39	0	-137.16	-280.77	-11.69	279.79	5.23	2039.41	0	-240.02	-108.81	-0	-0	-0	903	0	-403	-0	2.85	-34.75	4.68	7.5	0	-172.44	44.58	-0	-0	-0	300	0	200	-0
385	170.69	631.79	-28.12	1453.74	0	-138.79	-174.78	-16.97	383.07	-3.58	2040.18	0	-238.22	-363.92	-0	-0	-0	903	0	-403	-0	2.71	-35.29	4.89	12	0	-174.86	53.94	-0	-0	-0	300	0	200	-0
386	169.72	608.89	-25.21	1454.49	0	-138.19	42.65	-29.44	373.05	-13.64	2043.43	0	-237.84	-440.69	-0	-0	-0	903	0	-403	-0	2.85	-35.29	4.68	13.96	0	-174.86	92.06	-0	-0	-0	300	0	200	-0
387	170.2	588.18	-22.47	1454.42	0	-139.02	-178.29	-42.55	366.78	-20.36	2047.42	0	-235.43	-305.74	-0	-0	-0	903	0	-403	-0	2.85	-35.57	4.82	12.65	0	-172.36	1.88	-0	-0	-0	300	0	200	-0
388	169.08	558.68	-16.8	1456.32	0	-140.28	639.68	-57.41	382.75	-21.79	2049.6	0	-236.71	-948.72	-0	-0	-0	903	0	-403	-0	3.12	-35.02	4.82	8.98	0	-170.71	15.54	-0	-0	-0	300	0	200	-0
389	166.99	527.01	-15.52	1456.13	0	-140.04	21.05	-70.2	405.28	-20.68	2052	0	-237.12	-726.29	-0	-0	-0	903	0	-403	-0	2.99	-35.84	4.95	13.29	0	-173.75	21.18	-0	-0	-0	300	0	200	-0
390	162.81	499.08	-12.77	1455.83	0	-141.16	98.25	-85.71	422.18	-18.29	2054.6	0	-236.38	-584.43	-0	-0	-0	903	0	-403	-0	2.78	-35.29	4.55	14.35	0	-170.96	61.64	-0	-0	-0	300	0	200	-0
391	161.04	462.69	-8.74	1456.33	0	-141.25	149.17	-95.46	426.56	-15.41	2056.99	0	-236.77	-662.9	-0	-0	-0	903	0	-403	-0	2.99	-35.02	4.62	7.01	0	-169.92	72.91	-0	-0	-0	300	0	200	-0
392	150.6	431.64	-6.16	1458.43	0	-141.33	67.89	-98.81	428.76	-15.1	2060.83	0	-238.23	-630.55	-0	-0	-0	903	0	-403	-0	2.71	-36.38	4.75	21.74	0	-170.4	71.99	-0	-0	-0	300	0	200	-0
393	145.29	388.65	-1.33	1458.49	0	-143.31	-153.89	-93.86	438.15	-14.14	2064.98	0	-238.23	-567.31	-0	-0	-0	903	0	-403	-0	2.92	-35.29	4.41	10.83	0	-171.74	144.89	0	0	0	300	0	200	0
394	137.42	346.31	1.9	1457.95	0	-143.08	203.83	-91.3	445.98	-11.58	2067.29	0	-238.76	-641.22	-0	-0	-0	903	0	-403	-0	2.92	-35.57	4.82	11.87	0	-170.43	100.73	-0	-0	-0	300	0	200	-0
395	124.72	297.37	3.19	1460.24	0	-142.4	-17.74	-88.74	445.67	-11.26	2070.21	0	-239.85	-231.82	-0	-0	-0	903	0	-403	-0	2.78	-36.38	4.82	18.7	0	-174.57	78.91	-0	-0	-0	300	0	200	-0
396	107.68	259.09	6.41	1462.45	0	-145.35	288.27	-94.49	448.17	-7.42	2075.11	0	-238.9	-298.42	-0	-0	-0	903	0	-403	-0	3.12	-35.57	4.89	13.43	0	-173.53	45.26	-0	-0	-0	300	0	200	-0
397	91.29	218.31	8.34	1465.09	0	-145.22	412.77	-102.49	452.56	-6.14	2077.92	0	-240.25	-823.11	-0	-0	-0	903	0	-403	-0	2.99	-34.21	4.95	0.04	0	-171.55	-32.08	0	0	0	300	0	200	0
398	76.66	182.24	8.98	1470.72	0	-146.23	774.13	-112.08	465.39	-1.82	2082.22	0	-239.99	-1020.9	-0	-0	-0	903	0	-403	-0	2.85	-35.57	4.89	16.92	0	-171.98	34.87	0	0	0	300	0	200	0
399	61.71	147.42	8.31	1474.99	0	-147.61	444.23	-121.19	480.42	1.21	2086.84	0	-240.72	-859.23	-0	-0	-0	903	0	-403	-0	2.99	-36.11	4.82	15.06	0	-172.44	88.88	-0	-0	-0	300	0	200	-0
400	48.86	128.59	7.98	1475.42	0	-151.93	607.74	-130.78	502.96	5.37	2089.66	0	-241.03	-1097.51	-0	-0	-0	903	0	-403	-0	2.85	-35.29	4.82	10.05	0	-172.91	83.99	-0	-0	-0	300	0	200	-0
401	34.71	106.95	7.65	1481.07	0	-147.75	593.12	-138.45	527.69	7.76	2093.55	0	-241.81	-907.66	-0	-0	-0	903	0	-403	-0	2.99	-35.84	4.68	17.91	0	-172.98	108	-0	-0	-0	300	0	200	-0
402	27.16	88.76	4.25	1481.8	0	-148.47	353.12	-147.08	549.6	8.4	2095	0	-241.72	-664.29	-0	-0	-0	903	0	-403	-0	2.85	-35.29	4.62	8.88	0	-173.3	119.77	-0	-0	-0	300	0	200	-0
403	19.93	77.16	3.13	1480.98	0	-152.19	1000.14	-151.56	569.94	8.08	2096.33	0	-241.35	-997.67	-0	-0	-0	903	0	-403	-0	3.26	-34.75	4.95	5.92	0	-170.85	-5.15	-0	-0	-0	300	0	200	-0
404	14.14	57.71	2.47	1485.15	0	-143.49	744.12	-152.52	586.53	7.11	2098	0	-241.95	-692.03	-0	-0	-0	903	0	-403	-0	2.99	-36.38	4.62	21.74	0	-173.05	162.28	-0	-0	-0	300	0	200	-0
405	11.09	44.54	0.19	1498.22	0	-141.88	162.24	-151.4	602.18	5.51	2099.41	0	-241.32	-277.21	0	0	0	903	0	-403	0	2.78	-35.02	4.75	10.56	0	-173.07	120.65	-0	-0	-0	300	0	200	-0
406	8.52	35.12	-0.61	1514	0	-165.16	918.46	-149.64	615.64	6.47	2099.66	0	-241.2	-615.8	-0	-0	-0	903	0	-403	-0	2.85	-35.57	4.82	13.81	0	-175.08	56.6	-0	-0	-0	300	0	200	-0
407	-0	-0	-0	1506	0	-203	-0	-147.4	627.53	8.71	2100.21	0	-241.74	-512.13	-0	-0	-0	903	0	-403	-0	2.92	-35.02	4.75	8.2	0	-171.1	63.41	-0	-0	-0	300	0	200	-0
408	-0	-0	-0	1506	0	-203	-0	-146.28	639.42	12.39	2100.65	0	-240.87	117.25	-0	-0	-0	903	0	-403	-0	3.12	-35.57	4.41	10.71	0	-173.53	169.45	0	0	0	300	0	200	0
409	-0	-0	-0	1506	0	-203	-0	-145.32	649.44	14.95	2100.08	0	-241.25	-342.39	-0	-0	-0	903	0	-403	-0	2.65	-35.29	4.62	9.27	0	-172.13	126.24	-0	-0	-0	300	0	200	-0
410	-0	-0	-0	1506	0	-203	-0	-141.97	659.46	17.66	2100.27	0	-241.61	-120.85	-0	-0	-0	903	0	-403	-0	2.65	-35.57	4.68	11.87	0	-173.53	112.08	-0	-0	-0	300	0	200	-0
411	-0	-0	-0	1506	0	-203	-0	-139.57	664.15	17.34	2100.79	0	-241.31	-56.74	-0	-0	-0	903	0	-403	-0	2.92	-35.57	4.75	8.38	0	-170.04	12.93	-0	-0	-0	300	0	200	-0
412	-0	-0	-0	1506	0	-203	-0	-134.62	666.97	18.62	2099.96	0	-241.33	-56.69	-0	-0	-0	903	0	-403	-0	2.99	-35.29	4.89	11.61	0	-172.13	-20.67	0	0	0	300	0	200	0
413	-0	-0	-0	1506	0	-203	-0	-129.18	668.85	19.42	2100.94	0	-242.18	367.47	-0	-0	-0	903	0	-403	-0	3.12	-35.84	4.48	16.75	0	-172.98	147.58	-0	-0	-0	300	0	200	-0
414	-0	-0	-0	1506	0	-203	-0	-125.02	671.04	20.22	2100.42	0	-241.6	451.19	0	0	0	903	0	-403	0	2.99	-34.75	4.82	5.92	0	-170.85	19.36	-0	-0	-0	300	0	200	-0
415	-0	-0	-0	1506	0	-203	-0	-120.23	674.17	21.82	2099.5	0	-241.53	124.66	-0	-0	-0	903	0	-403	-0	2.58	-34.75	4.89	5.92	0	-171.25	-3.72	-0	-0	-0	300	0	200	-0
416	-0	-0	-0	1506	0	-203	-0	-115.75	676.37	25.18	2099.57	0	-241.78	384.39	-0	-0	-0	903	0	-403	-0	2.78	-35.02	4.68	8.59	0	-172.68	38.61	-0	-0	-0	300	0	200	-0
417	-0	-0	-0	1506	0	-203	-0	-111.76	673.55	27.25	2100.1	0	-241.96	462.03	-0	-0	-0	903	0	-403	-0	2.85	-36.11	4.55	14.68	0	-173.97	173	-0	-0	-0	300	0	200	-0
418	-0	-0	-0	1506	0	-203	-0	-106.64	672.61	29.33	2098.87	0	-242.59	276.8	-0	-0	-0	903	0	-403	-0	2.92	-35.02	4.95	12.13	0	-173.07	18.9	0	0	0	300	0	200	0
419	-0	-0	-0	1506	0	-203	-0	-102.16	669.17	31.57	2099.79	0	-243.14	429.53	-0	-0	-0	903	0	-403	-0	2.71	-36.11	4.89	18.5	0	-171.68	37.39	-0	-0	-0	300	0	200	-0
420	-0	-0	-0	1506	0	-203	-0	-97.85	665.1	31.57	2099.96	0	-242.76	689.71	-0	-0	-0	903	0	-403	-0	2.85	-36.92	4.89	22.47	0	-173.86	117.38	-0	-0	-0	300	0	200	-0
421	-0	-0	-0	1506	0	-203	-0	-93.37	663.85	33.49	2098.94	0	-242.7	540.57	-0	-0	-0	903	0	-403	-0	2.99	-35.29	4.75	9.66	0	-170.96	64.31	-0	-0	-0	300	0	200	-0
422	-0	-0	-0	1506	0	-203	-0	-89.54	660.41	35.41	2100.02	0	-243.39	521.34	-0	-0	-0	903	0	-403	-0	2.85	-36.11	4.62	19.26	0	-171.3	160.27	-0	-0	-0	300	0	200	-0
423	-0	-0	-0	1506	0	-203	-0	-85.06	656.66	34.61	2100.49	0	-243.68	682.4	-0	-0	-0	903	0	-403	-0	3.12	-35.02	4.68	9.77	0	-171.1	104.78	-0	-0	-0	300	0	200	-0
424	-0	-0	-0	1506	0	-203	-0	-81.7	648.52	36.37	2099.47	0	-243.59	517.6	-0	-0	-0	903	0	-403	-0	2.92	-35.02	4.82	12.53	0	-171.89	40.92	-0	-0	-0	300	0	200	-0
425	-0	-0	-0	1506	0	-203	-0	-77.07	640.39	36.54	2100.09	0	-243.75	677.05	-0	-0	-0	903	0	-403	-0	2.78	-35.02	4.82	8.59	0	-169.92	32.75	-0	-0	-0	300	0	200	-0
426	-0	-0	-0	1506	0	-203	-0	-73.87	630.37	36.54	2101.19	0	-243.56	823.08	-0	-0	-0	903	0	-403	-0	3.12	-35.57	4.75	11.87	0	-171.98	39.2	-0	-0	-0	300	0	200	-0
427	-0	-0	-0	1506	0	-203	-0	-69.55	623.18	36.38	2099.92	0	-244.1	570.97	-0	-0	-0	903	0	-403	-0	3.05	-35.57	4.75	13.04	0	-169.65	13.87	-0	-0	-0	300	0	200	-0
428	-0	-0	-0	1506	0	-203	-0	-65.88	617.23	37.34	2101.03	0	-243.99	371.48	-0	-0	-0	903	0	-403	-0	2.85	-35.29	4.62	11.22	0	-173.3	80.6	-0	-0	-0	300	0	200	-0
429	-0	-0	-0	1506	0	-203	-0	-61.08	601.27	35.75	2100.89	0	-244.77	529.43	0	0	0	903	0	-403	0	2.71	-35.84	5.02	15.21	0	-172.6	19.64	0	0	0	300	0	200	0
430	-0	-0	-0	1506	0	-203	-0	-57.4	593.75	35.43	2101.72	0	-244.44	433.71	-0	-0	-0	903	0	-403	-0	2.71	-34.75	4.68	7.11	0	-173.23	93.84	-0	-0	-0	300	0	200	-0
431	-0	-0	-0	1506	0	-203	-0	-54.04	584.68	34.79	2103.28	0	-244.55	913.48	-0	-0	-0	903	0	-403	-0	2.92	-35.84	4.89	15.21	0	-172.6	0.39	-0	-0	-0	300	0	200	-0
432	-0	-0	-0	1506	0	-203	-0	-51.81	574.04	32.88	2102.7	0	-244.17	367.03	-0	-0	-0	903	0	-403	-0	2.71	-34.75	4.89	5.52	0	-174.42	-6.52	-0	-0	-0	300	0	200	-0
433	-0	-0	-0	1506	0	-203	-0	-48.45	563.4	32.72	2102.65	0	-244.43	159.77	-0	-0	-0	903	0	-403	-0	2.99	-34.48	4.68	6.4	0	-171.4	63.19	-0	-0	-0	300	0	200	-0
434	-0	-0	-0	1506	0	-203	-0	-44.77	553.38	31.12	2104.89	0	-244.5	434.36	-0	-0	-0	903	0	-403	-0	3.05	-35.57	4.75	10.32	0	-173.14	68.52	-0	-0	-0	300	0	200	-0
435	-0	-0	-0	1506	0	-203	-0	-41.42	539.92	29.53	2104.27	0	-244.91	117.67	-0	-0	-0	903	0	-403	-0	2.85	-35.84	4.95	21.37	0	-172.21	55.63	-0	-0	-0	300	0	200	-0
436	-0	-0	-0	1506	0	-203	-0	-39.02	530.53	29.53	2106.06	0	-244.52	267.1	-0	-0	-0	903	0	-403	-0	2.99	-34.48	4.68	4.4	0	-171	25.04	-0	-0	-0	300	0	200	-0
437	-0	-0	-0	1506	0	-203	-0	-35.18	518.33	26.33	2106.47	0	-244.41	208.83	0	0	0	903	0	-403	0	2.99	-35.57	4.89	14.2	0	-171.98	-11.91	-0	-0	-0	300	0	200	-0
438	-0	-0	-0	1506	0	-203	-0	-34.06	507.06	26.66	2106.52	0	-244.11	-85.98	-0	-0	-0	903	0	-403	-0	2.85	-35.57	4.82	14.98	0	-173.53	80.19	-0	-0	-0	300	0	200	-0
439	-0	-0	-0	1506	0	-203	-0	-28.79	494.85	24.1	2108.1	0	-244.84	213.54	-0	-0	-0	903	0	-403	-0	3.12	-35.84	4.62	12.9	0	-173.75	138.59	-0	-0	-0	300	0	200	-0
440	-0	-0	-0	1506	0	-203	-0	-27.35	485.46	23.14	2109	0	-244.35	-3.97	-0	-0	-0	903	0	-403	-0	2.85	-35.57	4.89	13.81	0	-173.14	16.13	-0	-0	-0	300	0	200	-0
441	-0	-0	-0	1506	0	-203	-0	-23.99	473.26	22.67	2109.48	0	-244.75	-183.3	-0	-0	-0	903	0	-403	-0	2.78	-34.75	4.89	3.93	0	-172.84	-37.88	-0	-0	-0	300	0	200	-0
442	-0	-0	-0	1506	0	-203	-0	-23.19	463.24	22.83	2111.46	0	-244.02	91.54	-0	-0	-0	903	0	-403	-0	3.19	-35.84	4.62	18.29	0	-172.6	169.86	-0	-0	-0	300	0	200	-0
443	-0	-0	-0	1506	0	-203	-0	-20.79	448.84	20.11	2110.68	0	-244.11	-152.87	-0	-0	-0	903	0	-403	-0	2.99	-35.02	4.75	8.98	0	-171.89	15.62	-0	-0	-0	300	0	200	-0
444	-0	-0	-0	1506	0	-203	-0	-19.03	439.46	20.11	2113.76	0	-245.5	-89.72	-0	-0	-0	903	0	-403	-0	2.99	-34.75	4.41	4.33	0	-171.65	113.81	-0	-0	-0	300	0	200	-0
445	-0	-0	-0	1506	0	-203	-0	-16.95	425.68	19.32	2115.91	0	-245.2	16.39	0	0	0	903	0	-403	0	3.12	-35.29	4.95	12.39	0	-172.52	-6.58	0	0	0	300	0	200	0
446	-0	-0	-0	1506	0	-203	-0	-14.72	421.93	19.16	2116.23	0	-244.7	-484.1	-0	-0	-0	903	0	-403	-0	3.05	-35.02	4.75	5.44	0	-171.5	-26.95	-0	-0	-0	300	0	200	-0
447	-0	-0	-0	1506	0	-203	-0	-12.64	407.84	18.36	2117.8	0	-245.22	-290.96	-0	-0	-0	903	0	-403	-0	3.05	-36.65	4.68	20.41	0	-174.4	177.21	-0	-0	-0	300	0	200	-0
448	-0	-0	-0	1506	0	-203	-0	-13.12	400.01	17.56	2120.57	0	-244.17	-37.99	-0	-0	-0	903	0	-403	-0	3.19	-34.48	4.62	2.4	0	-171.8	30.19	-0	-0	-0	300	0	200	-0
449	-0	-0	-0	1506	0	-203	-0	-10.08	385	17.89	2120.75	0	-245.73	-337.26	-0	-0	-0	903	0	-403	-0	2.58	-34.75	4.95	6.31	0	-173.63	3.39	-0	-0	-0	300	0	200	-0
450	-0	-0	-0	1506	0	-203	-0	-9.12	380.93	18.05	2123.14	0	-245.09	42.29	-0	-0	-0	903	0	-403	-0	2.99	-35.57	4.75	13.04	0	-173.53	84.6	-0	-0	-0	300	0	200	-0
451	-0	-0	-0	1506	0	-203	-0	-8.32	369.97	15.65	2124.84	0	-245.52	-368.61	-0	-0	-0	903	0	-403	-0	2.99	-35.02	4.89	8.98	0	-171.89	0.25	-0	-0	-0	300	0	200	-0
452	-0	-0	-0	1506	0	-203	-0	-7.36	364.97	16.45	2126.56	0	-245.79	-397.82	-0	-0	-0	903	0	-403	-0	2.85	-35.29	4.68	12.78	0	-173.3	83.83	-0	-0	-0	300	0	200	-0
453	-0	-0	-0	1506	0	-203	-0	-5.76	357.14	16.13	2130.14	0	-246.46	166.73	-0	-0	-0	903	0	-403	-0	3.39	-35.57	4.62	11.87	0	-170.43	142.2	-0	-0	-0	300	0	200	-0
454	-0	-0	-0	1506	0	-203	-0	-6.56	351.82	15.18	2131.95	0	-244.36	-198.29	0	0	0	903	0	-403	0	2.99	-35.02	4.68	7.01	0	-171.1	70.34	0	0	0	300	0	200	0
455	-0	-0	-0	1506	0	-203	-0	-4.48	344.63	14.86	2133.63	0	-246.9	-355.06	-0	-0	-0	903	0	-403	-0	2.85	-35.57	4.89	11.49	0	-173.14	3.03	0	0	0	300	0	200	0
456	-0	-0	-0	1506	0	-203	-0	-5.28	339.3	14.86	2137.78	0	-245.93	-35.77	-0	-0	-0	903	0	-403	-0	2.78	-35.84	4.75	15.98	0	-170.29	71.44	-0	-0	-0	300	0	200	-0
457	-0	-0	-0	1506	0	-203	-0	-5.12	334.92	13.9	2139.3	0	-245.96	-476.18	-0	-0	-0	903	0	-403	-0	3.05	-35.57	4.82	14.2	0	-171.2	1.29	0	0	0	300	0	200	0
458	-0	-0	-0	1506	0	-203	-0	-4.32	334.93	14.87	2142.03	0	-246.72	-394.86	-0	-0	-0	903	0	-403	-0	2.85	-35.84	4.48	17.52	0	-174.14	148.68	-0	-0	-0	300	0	200	-0
459	-0	-0	-0	1506	0	-203	-0	-4.48	325.85	12.95	2146.58	0	-246.72	22.79	-0	-0	-0	903	0	-403	-0	2.99	-35.29	4.41	10.83	0	-172.13	152.56	-0	-0	-0	300	0	200	-0
460	-0	-0	-0	1506	0	-203	-0	-5.76	327.41	13.59	2146.79	0	-245.84	-538.49	-0	-0	-0	903	0	-403	-0	2.85	-36.65	5.16	21.54	0	-174.03	-8.84	-0	-0	-0	300	0	200	-0
461	-0	-0	-0	1506	0	-203	-0	-5.6	325.23	13.11	2152.26	0	-247.24	-280.93	-0	-0	-0	903	0	-403	-0	2.99	-34.48	4.41	3.6	0	-169.8	143.01	-0	-0	-0	300	0	200	-0
462	-0	-0	-0	1506	0	-203	-0	-4.96	325.22	11.19	2155.05	0	-246.37	-427.1	-0	-0	-0	903	0	-403	-0	2.99	-36.11	4.68	15.44	0	-171.3	89.72	-0	-0	-0	300	0	200	-0
463	-0	-0	-0	1506	0	-203	-0	-4.64	327.11	12.8	2158.28	0	-248.19	-665.28	-0	-0	-0	903	0	-403	-0	2.92	-35.84	4.75	15.21	0	-173.75	75.17	-0	-0	-0	300	0	200	-0
464	-0	-0	-0	1506	0	-203	-0	-2.88	326.48	11.84	2161.7	0	-247.49	-238.39	0	0	0	903	0	-403	0	2.92	-35.29	4.68	13.96	0	-172.13	82.16	-0	-0	-0	300	0	200	-0
465	-0	-0	-0	1506	0	-203	-0	-3.84	330.55	11.2	2163.75	0	-247.38	-840.79	-0	-0	-0	903	0	-403	-0	2.99	-35.57	4.82	11.87	0	-172.36	33.63	0	0	0	300	0	200	0
466	-0	-0	-0	1506	0	-203	-0	-3.36	333.68	12	2168.19	0	-248.2	-648.74	-0	-0	-0	903	0	-403	-0	2.71	-35.84	4.62	14.44	0	-174.52	90.74	-0	-0	-0	300	0	200	-0
467	-0	-0	-0	1506	0	-203	-0	-2.72	336.82	11.68	2172.19	0	-249.17	-517.7	-0	-0	-0	903	0	-403	-0	2.92	-35.57	4.89	10.71	0	-172.75	-5.64	-0	-0	-0	300	0	200	-0
468	-0	-0	-0	1506	0	-203	-0	-2.24	344.33	12.81	2170.52	0	-248.66	-1072.03	-0	-0	-0	903	0	-403	-0	2.78	-34.48	4.75	2	0	-172.6	-35.11	-0	-0	-0	300	0	200	-0
469	-0	-0	-0	1506	0	-203	-0	0	350.59	12.81	2177.58	0	-250.21	-738.38	-0	-0	-0	903	0	-403	-0	2.85	-35.57	4.75	14.2	0	-171.2	15.09	-0	-0	-0	300	0	200	-0
470	-0	-0	-0	1506	0	-203	-0	0.48	358.41	13.13	2179.82	0	-249.03	-824.81	-0	-0	-0	903	0	-403	-0	2.85	-36.11	5.02	16.59	0	-172.06	0.21	-0	-0	-0	300	0	200	-0
471	-0	-0	-0	1506	0	-203	-0	0.8	368.75	15.05	2181.78	0	-249.43	-926.26	-0	-0	-0	903	0	-403	-0	2.92	-34.75	5.09	6.31	0	-169.66	-56.3	-0	-0	-0	300	0	200	-0
472	-0	-0	-0	1506	0	-203	-0	1.6	375.96	15.85	2184.32	0	-251.74	-710.44	-0	-0	-0	903	0	-403	-0	2.71	-35.29	4.75	14.35	0	-170.18	46.62	-0	-0	-0	300	0	200	-0
473	-0	-0	-0	1506	0	-203	-0	2.72	385.66	16.34	2185.33	0	-250.16	-1080.69	-0	-0	-0	903	0	-403	-0	-0	-0	-0	300	0	-203	-0	-0	-0	-0	300	0	200	-0
474	-0	-0	-0	1506	0	-203	-0	5.12	397.56	18.1	2188.06	0	-251.56	-1007.31	-0	-0	-0	903	0	-403	-0	2.71	-35.57	4.75	19.63	0	-170.81	125.17	-0	-0	-0	300	0	200	-0
475	-0	-0	-0	1506	0	-203	-0	6.24	413.21	18.74	2189.44	0	-251.65	-729.04	0	0	0	903	0	-403	0	2.99	-34.75	4.68	8.69	0	-170.85	24.02	-0	-0	-0	300	0	200	-0
476	-0	-0	-0	1506	0	-203	-0	6.4	425.1	20.98	2191.33	0	-250.75	-655.26	-0	-0	-0	903	0	-403	-0	2.99	-34.75	4.95	6.31	0	-171.65	-17.95	-0	-0	-0	300	0	200	-0
477	-0	-0	-0	1506	0	-203	-0	9.12	440.76	22.58	2192.11	0	-252.46	-520.71	-0	-0	-0	903	0	-403	-0	2.99	-35.02	4.48	10.16	0	-173.07	110.35	-0	-0	-0	300	0	200	-0
478	-0	-0	-0	1506	0	-203	-0	9.12	455.16	23.38	2193.61	0	-252.47	-553.55	-0	-0	-0	903	0	-403	-0	3.12	-35.02	4.62	12.92	0	-169.13	55.3	0	0	0	300	0	200	0
479	-0	-0	-0	1506	0	-203	-0	13.27	468.94	23.06	2194.49	0	-252.81	-758.81	-0	-0	-0	903	0	-403	-0	2.71	-35.29	4.82	10.44	0	-171.35	52.96	-0	-0	-0	300	0	200	-0
480	-0	-0	-0	1506	0	-203	-0	13.27	488.34	25.3	2196.22	0	-252.93	-842.58	-0	-0	-0	903	0	-403	-0	3.05	-36.11	4.75	16.59	0	-173.97	69.8	-0	-0	-0	300	0	200	-0
481	-0	-0	-0	1506	0	-203	-0	15.67	503.68	26.1	2197.39	0	-252.6	-665.95	-0	-0	-0	903	0	-403	-0	2.99	-35.29	4.82	8.1	0	-172.52	3.81	-0	-0	-0	300	0	200	-0
482	-0	-0	-0	1506	0	-203	-0	17.59	521.22	28.5	2196.52	0	-253.02	-600.83	-0	-0	-0	903	0	-403	-0	2.92	-35.29	4.82	8.49	0	-173.69	14.64	-0	-0	-0	300	0	200	-0
483	-0	-0	-0	1506	0	-203	-0	19.51	535.62	30.74	2197.85	0	-252.88	-16	-0	-0	-0	903	0	-403	-0	3.05	-35.29	4.82	14.74	0	-170.57	58.82	-0	-0	-0	300	0	200	-0
484	-0	-0	-0	1506	0	-203	-0	21.75	552.52	30.43	2197.82	0	-252.61	-297.14	0	0	0	903	0	-403	0	2.99	-35.02	4.75	8.98	0	-172.68	26.59	-0	-0	-0	300	0	200	-0
485	-0	-0	-0	1506	0	-203	-0	24.94	568.17	30.59	2197.84	0	-253.08	-386.36	-0	-0	-0	903	0	-403	-0	2.78	-35.02	4.62	8.59	0	-171.89	85.5	-0	-0	-0	300	0	200	-0
486	-0	-0	-0	1506	0	-203	-0	27.66	587.27	32.03	2199.34	0	-253.2	-340.5	-0	-0	-0	903	0	-403	-0	3.19	-36.65	5.09	22.29	0	-172.14	15.29	-0	-0	-0	300	0	200	-0
487	-0	-0	-0	1506	0	-203	-0	30.86	598.53	30.91	2199.56	0	-252.59	-425.91	-0	-0	-0	903	0	-403	-0	3.12	-35.84	4.82	13.67	0	-173.75	56.26	-0	-0	-0	300	0	200	-0
488	-0	-0	-0	1506	0	-203	-0	34.21	614.81	31.23	2199.47	0	-252.6	-418.5	-0	-0	-0	903	0	-403	-0	3.26	-35.02	4.82	7.8	0	-171.89	14.48	-0	-0	-0	300	0	200	-0
489	-0	-0	-0	1506	0	-203	-0	38.53	627.33	31.07	2200.59	0	-252.82	-443.69	0	0	0	903	0	-403	0	2.85	-36.38	4.89	21.36	0	-173.81	63.52	-0	-0	-0	300	0	200	-0
490	-0	-0	-0	1506	0	-203	-0	41.57	645.8	30.28	2199.45	0	-252.33	-688.01	0	0	0	903	0	-403	0	2.85	-35.02	4.68	10.16	0	-172.28	51.42	-0	-0	-0	300	0	200	-0
491	-0	-0	-0	1506	0	-203	-0	47	658.33	30.44	2199.84	0	-252.76	-852.88	-0	-0	-0	903	0	-403	-0	2.85	-35.29	4.62	10.44	0	-173.69	117.76	-0	-0	-0	300	0	200	-0
492	-0	-0	-0	1506	0	-203	-0	50.84	676.79	29.64	2199.58	0	-252.29	-592.93	-0	-0	-0	903	0	-403	-0	2.92	-36.65	4.62	24.17	0	-171.77	161.47	-0	-0	-0	300	0	200	-0
493	-0	-0	-0	1506	0	-203	-0	56.11	692.13	29	2200.02	0	-251.62	-740.8	0	0	0	903	0	-403	0	2.85	-35.84	4.75	13.29	0	-172.21	63.63	-0	-0	-0	300	0	200	-0
494	-0	-0	-0	1506	0	-203	-0	57.71	706.22	29.64	2199.28	0	-251.94	-1017.4	-0	-0	-0	903	0	-403	-0	2.78	-35.57	4.75	13.81	0	-171.98	152.03	-0	-0	-0	300	0	200	-0
495	-0	-0	-0	1506	0	-203	-0	60.43	717.48	28.69	2200.84	0	-251.87	-974.94	-0	-0	-0	903	0	-403	-0	2.85	-37.2	4.62	26.35	0	-171.11	192.44	-0	-0	-0	300	0	200	-0
496	-0	-0	-0	1506	0	-203	-0	62.03	733.13	28.53	2200.18	0	-251.56	-1186.07	-0	-0	-0	903	0	-403	-0	2.85	-35.02	4.75	9.38	0	-173.07	64.73	-0	-0	-0	300	0	200	-0
497	-0	-0	-0	1506	0	-203	-0	66.82	745.66	28.05	2200.64	0	-251.58	-1193	-0	-0	-0	903	0	-403	-0	2.85	-36.11	4.75	17.35	0	-172.44	71.53	-0	-0	-0	300	0	200	-0
498	-0	-0	-0	1506	0	-203	-0	72.26	759.43	29.17	2201.13	0	-251.42	-791.58	-0	-0	-0	903	0	-403	-0	3.19	-34.48	4.55	8.4	0	-169	84.25	-0	-0	-0	300	0	200	-0
499	-0	-0	-0	1506	0	-203	-0	76.89	763.5	26.93	2201.01	0	-251.16	-1121.55	-0	-0	-0	903	0	-403	-0	2.85	-35.02	4.68	9.38	0	-171.5	61	0	0	0	300	0	200	0
500	-0	-0	-0	1506	0	-203	-0	81.05	774.14	27.57	2200.98	0	-251.43	-995.19	-0	-0	-0	903	0	-403	-0	2.92	-35.29	4.89	11.22	0	-173.3	22.59	0	0	0	300	0	200	0
501	-0	-0	-0	1506	0	-203	-0	85.68	777.58	27.41	2201.9	0	-251.56	-786.42	-0	-0	-0	903	0	-403	-0	3.12	-35.84	4.95	14.44	0	-171.06	-23.41	-0	-0	-0	300	0	200	-0
502	-0	-0	-0	1506	0	-203	-0	90.96	785.09	27.41	2201.82	0	-250.9	-943.38	-0	-0	-0	903	0	-403	-0	2.99	-34.48	4.75	2.8	0	-171.4	12.36	-0	-0	-0	300	0	200	-0
503	-0	-0	-0	1506	0	-203	-0	96.39	784.48	29.33	2202.38	0	-251.97	-705.36	-0	-0	-0	903	0	-403	-0	2.92	-35.84	4.82	16.37	0	-173.37	103.38	-0	-0	-0	300	0	200	-0
504	-0	-0	-0	1506	0	-203	-0	101.83	789.48	27.9	2203.07	0	-250.8	-525.74	-0	-0	-0	903	0	-403	-0	2.99	-35.84	4.55	16.37	0	-173.75	174.35	-0	-0	-0	300	0	200	-0
505	-0	-0	-0	1506	0	-203	-0	105.67	788.85	26.46	2202.43	0	-250.74	-954.68	-0	-0	-0	903	0	-403	-0	2.85	-34.48	4.95	2.8	0	-170.2	-21.43	-0	-0	-0	300	0	200	-0
506	-0	-0	-0	1506	0	-203	-0	110.3	790.1	27.42	2203.35	0	-250.7	-437.37	-0	-0	-0	903	0	-403	-0	2.85	-35.29	4.68	13.96	0	-173.3	73.81	-0	-0	-0	300	0	200	-0
507	-0	-0	-0	1506	0	-203	-0	114.62	781.96	26.3	2204.44	0	-250.69	-104.75	-0	-0	-0	903	0	-403	-0	3.33	-35.29	4.62	12.78	0	-170.96	93.49	-0	-0	-0	300	0	200	-0
508	-0	-0	-0	1506	0	-203	-0	117.97	783.53	26.62	2202.78	0	-250.33	-773.6	-0	-0	-0	903	0	-403	-0	2.99	-35.02	4.62	10.95	0	-171.5	94.07	-0	-0	-0	300	0	200	-0
509	-0	-0	-0	1506	0	-203	-0	124.05	775.08	26.3	2205.22	0	-250.24	-130.57	-0	-0	-0	903	0	-403	-0	2.71	-36.11	4.75	18.12	0	-173.21	86.56	-0	-0	-0	300	0	200	-0
510	-0	-0	-0	1506	0	-203	-0	127.09	768.19	26.46	2204.81	0	-249.67	-143.93	-0	-0	-0	903	0	-403	-0	2.99	-34.48	4.95	3.2	0	-169.4	-84.9	-0	-0	-0	300	0	200	-0
511	-0	-0	-0	1506	0	-203	-0	131.4	756.92	27.1	2205.52	0	-249.53	61.81	-0	-0	-0	903	0	-403	-0	2.99	-35.02	4.95	7.8	0	-172.28	-3.49	0	0	0	300	0	200	0
512	-0	-0	-0	1506	0	-203	-0	135.72	745.97	25.82	2205.62	0	-250.14	308.82	-0	-0	-0	903	0	-403	-0	3.12	-34.75	4.68	7.11	0	-173.23	55.86	-0	-0	-0	300	0	200	-0
513	-0	-0	-0	1506	0	-203	-0	137.8	730.31	24.7	2206.28	0	-249.27	131.44	-0	-0	-0	903	0	-403	-0	3.12	-34.48	4.75	2.4	0	-172.6	20.26	-0	-0	-0	300	0	200	-0
514	-0	-0	-0	1506	0	-203	-0	142.91	717.79	24.06	2207.27	0	-249.49	131.59	-0	-0	-0	903	0	-403	-0	3.05	-35.57	4.62	13.43	0	-173.53	92.31	-0	-0	-0	300	0	200	-0
515	-0	-0	-0	1506	0	-203	-0	146.27	702.13	22.3	2207.91	0	-248.83	441.78	-0	-0	-0	903	0	-403	-0	3.12	-35.84	4.89	14.83	0	-172.6	6.11	-0	-0	-0	300	0	200	-0
516	-0	-0	-0	1506	0	-203	-0	147.87	683.35	22.3	2208.18	0	-248.54	581.49	-0	-0	-0	903	0	-403	-0	3.33	-35.57	5.02	11.1	0	-171.98	-47.51	-0	-0	-0	300	0	200	-0
517	-0	-0	-0	1506	0	-203	-0	150.58	668.01	21.98	2207.93	0	-248.32	563.79	-0	-0	-0	903	0	-403	-0	2.85	-35.02	4.89	9.38	0	-173.07	18.38	-0	-0	-0	300	0	200	-0
518	-0	-0	-0	1506	0	-203	-0	152.34	645.78	18.62	2209.82	0	-247.74	502.71	-0	-0	-0	903	0	-403	-0	3.19	-35.84	4.89	16.37	0	-170.29	19.72	-0	-0	-0	300	0	200	-0
519	-0	-0	-0	1506	0	-203	-0	153.14	622.62	16.54	2210.21	0	-247.51	390.32	-0	-0	-0	903	0	-403	-0	3.26	-35.29	4.82	10.05	0	-174.47	45.8	-0	-0	-0	300	0	200	-0
520	-0	-0	-0	1506	0	-203	-0	154.26	604.78	16.53	2210.07	0	-247.51	598.56	-0	-0	-0	903	0	-403	-0	2.92	-35.57	4.55	13.43	0	-171.98	97.45	0	0	0	300	0	200	0
521	-0	-0	-0	1506	0	-203	-0	154.74	579.73	15.25	2211.24	0	-246.56	571.78	-0	-0	-0	903	0	-403	-0	3.19	-35.57	4.95	16.53	0	-173.53	25.39	-0	-0	-0	300	0	200	-0
522	-0	-0	-0	1506	0	-203	-0	154.42	555	10.77	2210.92	0	-245.83	242.53	-0	-0	-0	903	0	-403	-0	3.05	-36.65	4.62	22.29	0	-171.39	142.23	-0	-0	-0	300	0	200	-0
523	-0	-0	-0	1506	0	-203	-0	152.02	527.45	8.05	2211.75	0	-245.46	223.18	-0	-0	-0	903	0	-403	-0	2.78	-34.48	4.82	2.8	0	-172.6	-20.45	-0	-0	-0	300	0	200	-0
524	-0	-0	-0	1506	0	-203	-0	148.98	492.08	5.97	2213.62	0	-245.89	543.41	-0	-0	-0	903	0	-403	-0	2.85	-36.38	4.62	21.36	0	-173.43	131.2	-0	-0	-0	300	0	200	-0
525	-0	-0	-0	1506	0	-203	-0	143.23	457.95	2.92	2213.84	0	-244.56	447.49	-0	-0	-0	903	0	-403	-0	2.92	-35.29	4.48	10.05	0	-170.57	132.13	-0	-0	-0	300	0	200	-0
526	-0	-0	-0	1506	0	-203	-0	134.92	422.27	2.12	2214.04	0	-245.3	662.2	-0	-0	-0	903	0	-403	-0	-0	-0	-0	300	0	-203	-0	0	0	0	300	0	200	0
527	-0	-0	-0	1506	0	-203	-0	126.13	385.33	-1.57	2215.21	0	-243.57	757.87	-0	-0	-0	903	0	-403	-0	3.05	-35.84	4.55	16.75	0	-172.21	115.97	-0	-0	-0	300	0	200	-0
528	-0	-0	-0	1506	0	-203	-0	118.93	339	-4.45	2216.52	0	-242.19	470.94	0	0	0	903	0	-403	0	2.85	-35.02	5.02	10.56	0	-171.89	-32.29	-0	-0	-0	300	0	200	-0
529	-0	-0	-0	1506	0	-203	-0	113.98	290.79	-7.33	2217.59	0	-243.2	580.01	-0	-0	-0	903	0	-403	-0	2.85	-35.02	4.55	7.8	0	-174.25	121.84	-0	-0	-0	300	0	200	-0
530	-0	-0	-0	1506	0	-203	-0	103.11	246.65	-8.62	2218.92	0	-241.34	579.75	-0	-0	-0	903	0	-403	-0	2.99	-36.11	4.89	16.59	0	-173.97	28.12	-0	-0	-0	300	0	200	-0
531	-0	-0	-0	1506	0	-203	-0	89.52	205.34	-10.22	2217.74	0	-242.46	269.27	-0	-0	-0	903	0	-403	-0	2.85	-35.57	4.82	11.1	0	-173.92	-2.9	-0	-0	-0	300	0	200	-0
532	-0	-0	-0	1506	0	-203	-0	74.01	172.78	-10.07	2220.14	0	-240.7	426.53	-0	-0	-0	903	0	-403	-0	2.78	-35.29	4.82	6.53	0	-170.96	15.38	-0	-0	-0	300	0	200	-0
533	-0	-0	-0	1506	0	-203	-0	59.79	139.91	-9.59	2225.71	0	-238.89	599.44	-0	-0	-0	903	0	-403	-0	3.19	-35.02	4.62	11.35	0	-171.5	122.22	-0	-0	-0	300	0	200	-0
534	-0	-0	-0	1506	0	-203	-0	44.76	120.19	-8.79	2222.71	0	-237.88	-192.68	-0	-0	-0	903	0	-403	-0	3.19	-35.29	4.89	13.18	0	-171.35	-8.01	0	0	0	300	0	200	0
535	-0	-0	-0	1506	0	-203	-0	33.25	98.91	-5.75	2230.2	0	-240.85	28.57	-0	-0	-0	903	0	-403	-0	2.92	-34.21	4.68	1.25	0	-172.36	35.38	-0	-0	-0	300	0	200	-0
536	-0	-0	-0	1506	0	-203	-0	23.5	87.96	-4.63	2227.88	0	-242.81	119.25	-0	-0	-0	903	0	-403	-0	3.05	-36.11	4.82	17.74	0	-169.39	55.87	-0	-0	-0	300	0	200	-0
537	-0	-0	-0	1506	0	-203	-0	14.55	70.74	-3.19	2237.46	0	-239.28	-193.73	-0	-0	-0	903	0	-403	-0	2.65	-35.02	4.82	9.38	0	-168.74	44.8	-0	-0	-0	300	0	200	-0
538	-0	-0	-0	1506	0	-203	-0	8.15	62.92	-1.44	2243.58	0	-243.03	95.62	-0	-0	-0	903	0	-403	-0	2.78	-35.84	4.68	14.06	0	-171.83	154.94	-0	-0	-0	300	0	200	-0
539	-0	-0	-0	1506	0	-203	-0	4.16	49.14	-1.12	2257.01	0	-249.32	-144.56	-0	-0	-0	903	0	-403	-0	2.99	-36.11	4.89	18.88	0	-171.3	39.96	-0	-0	-0	300	0	200	-0
540	-0	-0	-0	1506	0	-203	-0	0.48	41	-0.16	2242.39	0	-235.38	-299.35	-0	-0	-0	903	0	-403	-0	2.71	-35.29	4.55	11.22	0	-172.13	154.49	-0	-0	-0	300	0	200	-0
541	-0	-0	-0	1506	0	-203	-0	-1.44	31.93	1.6	2248.03	0	-254.83	-101.88	-0	-0	-0	903	0	-403	-0	2.58	-36.11	4.82	19.26	0	-173.59	83.15	-0	-0	-0	300	0	200	-0
542	-0	-0	-0	1506	0	-203	-0	-0	-0	-0	2109	0	-203	-0	-0	-0	-0	903	0	-403	-0	3.12	-36.11	4.68	17.35	0	-172.06	112.26	-0	-0	-0	300	0	200	-0
543	-0	-0	-0	1506	0	-203	-0	-0	-0	-0	2109	0	-203	-0	-0	-0	-0	903	0	-403	-0	2.85	-35.57	4.62	10.71	0	-173.53	56.48	0	0	0	300	0	200	0
544	-0	-0	-0	1506	0	-203	-0	-0	-0	-0	2109	0	-203	-0	-0	-0	-0	903	0	-403	-0	2.99	-35.29	4.68	10.83	0	-172.91	102.24	-0	-0	-0	300	0	200	-0
545	-0	-0	-0	1506	0	-203	-0	-0	-0	-0	2109	0	-203	-0	-0	-0	-0	903	0	-403	-0	3.12	-35.02	4.62	8.98	0	-170.71	26.53	-0	-0	-0	300	0	200	-0
546	-0	-0	-0	1506	0	-203	-0	-0	-0	-0	2109	0	-203	-0	-0	-0	-0	903	0	-403	-0	2.85	-35.02	4.75	10.95	0	-172.28	71.69	-0	-0	-0	300	0	200	-0
547	-0	-0	-0	1506	0	-203	-0	-0	-0	-0	2109	0	-203	-0	-0	-0	-0	903	0	-403	-0	2.58	-35.02	4.82	8.59	0	-172.28	-4.41	-0	-0	-0	300	0	200	-0
548	-0	-0	-0	1506	0	-203	-0	-0	-0	-0	2109	0	-203	-0	0	0	0	903	0	-403	0	3.12	-35.02	4.75	7.01	0	-170.71	0.08	0	0	0	300	0	200	0
549	-0	-0	-0	1506	0	-203	-0	-0	-0	-0	2109	0	-203	-0	-0	-0	-0	903	0	-403	-0	2.85	-35.02	4.62	6.23	0	-173.86	59.13	-0	-0	-0	300	0	200	-0
550	-0	-0	-0	1506	0	-203	-0	-0	-0	-0	2109	0	-203	-0	-0	-0	-0	903	0	-403	-0	3.12	-34.75	4.48	7.5	0	-170.85	92.61	-0	-0	-0	300	0	200	-0
551	-0	-0	-0	1506	0	-203	-0	-0	-0	-0	2109	0	-203	-0	-0	-0	-0	903	0	-403	-0	2.92	-35.84	5.02	15.98	0	-171.44	20.84	-0	-0	-0	300	0	200	-0
552	-0	-0	-0	1506	0	-203	-0	-0	-0	-0	2109	0	-203	-0	-0	-0	-0	903	0	-403	-0	2.58	-35.02	4.75	7.8	0	-172.28	44.38	-0	-0	-0	300	0	200	-0
553	-0	-0	-0	1506	0	-203	-0	-0	-0	-0	2109	0	-203	-0	-0	-0	-0	903	0	-403	-0	2.99	-35.29	4.82	13.18	0	-170.18	50.6	-0	-0	-0	300	0	200	-0
554	-0	-0	-0	1506	0	-203	-0	-0	-0	-0	2109	0	-203	-0	-0	-0	-0	903	0	-403	-0	2.92	-34.75	4.89	6.31	0	-170.46	-14.87	-0	-0	-0	300	0	200	-0
555	-0	-0	-0	1506	0	-203	-0	-0	-0	-0	2109	0	-203	-0	-0	-0	-0	903	0	-403	-0	2.78	-35.29	4.62	10.83	0	-174.08	82.99	-0	-0	-0	300	0	200	-0
556	-0	-0	-0	1506	0	-203	-0	-0	-0	-0	2109	0	-203	-0	-0	-0	-0	903	0	-403	-0	2.78	-35.29	4.89	13.18	0	-169.39	40.81	-0	-0	-0	300	0	200	-0
557	-0	-0	-0	1506	0	-203	-0	-0	-0	-0	2109	0	-203	-0	-0	-0	-0	903	0	-403	-0	2.85	-35.02	4.75	8.59	0	-171.1	31.24	0	0	0	300	0	200	0
558	-0	-0	-0	1506	0	-203	-0	-0	-0	-0	2109	0	-203	-0	-0	-0	-0	903	0	-403	-0	2.85	-35.02	4.68	8.2	0	-171.1	57.8	0	0	0	300	0	200	0
559	-0	-0	-0	1506	0	-203	-0	-0	-0	-0	2109	0	-203	-0	-0	-0	-0	903	0	-403	-0	2.85	-35.84	4.68	15.98	0	-171.44	141.78	-0	-0	-0	300	0	200	-0
560	-0	-0	-0	1506	0	-203	-0	-0	-0	-0	2109	0	-203	-0	-0	-0	-0	903	0	-403	-0	-0	-0	-0	300	0	-203	-0	-0	-0	-0	300	0	200	-0
561	-0	-0	-0	1506	0	-203	-0	-0	-0	-0	2109	0	-203	-0	-0	-0	-0	903	0	-403	-0	3.12	-35.29	4.55	8.1	0	-169.39	119.16	0	0	0	300	0	200	0
562	-0	-0	-0	1506	0	-203	-0	-0	-0	-0	2109	0	-203	-0	-0	-0	-0	903	0	-403	-0	3.12	-35.02	4.62	12.53	0	-169.13	55.2	-0	-0	-0	300	0	200	-0
563	-0	-0	-0	1506	0	-203	-0	-0	-0	-0	2109	0	-203	-0	-0	-0	-0	903	0	-403	-0	2.99	-34.75	4.68	7.5	0	-172.04	42.69	-0	-0	-0	300	0	200	-0
564	-0	-0	-0	1506	0	-203	-0	-0	-0	-0	2109	0	-203	-0	-0	-0	-0	903	0	-403	-0	2.71	-34.75	4.62	5.92	0	-172.04	25.7	-0	-0	-0	300	0	200	-0
565	-0	-0	-0	1506	0	-203	-0	-0	-0	-0	2109	0	-203	-0	-0	-0	-0	903	0	-403	-0	2.99	-35.57	4.75	14.98	0	-172.75	75.98	-0	-0	-0	300	0	200	-0
566	-0	-0	-0	1506	0	-203	-0	-0	-0	-0	2109	0	-203	-0	-0	-0	-0	903	0	-403	-0	2.65	-35.29	4.75	14.35	0	-170.18	76.43	-0	-0	-0	300	0	200	-0
567	-0	-0	-0	1506	0	-203	-0	-0	-0	-0	2109	0	-203	-0	-0	-0	-0	903	0	-403	-0	3.12	-36.65	4.55	23.05	0	-173.65	136.65	-0	-0	-0	300	0	200	-0
568	-0	-0	-0	1506	0	-203	-0	-0	-0	-0	2109	0	-203	-0	-0	-0	-0	903	0	-403	-0	2.99	-35.02	4.89	9.38	0	-175.04	-31.52	-0	-0	-0	300	0	200	-0
569	-0	-0	-0	1506	0	-203	-0	-0	-0	-0	2109	0	-203	-0	-0	-0	-0	903	0	-403	-0	2.99	-35.29	4.82	11.22	0	-173.3	22.94	-0	-0	-0	300	0	200	-0
570	-0	-0	-0	1506	0	-203	-0	-0	-0	-0	2109	0	-203	-0	-0	-0	-0	903	0	-403	-0	3.12	-35.57	4.75	14.98	0	-172.75	80.5	-0	-0	-0	300	0	200	-0
571	-0	-0	-0	1506	0	-203	-0	-0	-0	-0	2109	0	-203	-0	-0	-0	-0	903	0	-403	-0	2.85	-35.29	4.82	9.66	0	-175.65	8.88	-0	-0	-0	300	0	200	-0
572	-0	-0	-0	1506	0	-203	-0	-0	-0	-0	2109	0	-203	-0	-0	-0	-0	903	0	-403	-0	2.78	-35.57	4.75	16.53	0	-173.14	90.59	-0	-0	-0	300	0	200	-0
573	-0	-0	-0	1506	0	-203	-0	-0	-0	-0	2109	0	-203	-0	-0	-0	-0	903	0	-403	-0	-0	-0	-0	300	0	-203	-0	-0	-0	-0	300	0	200	-0
574	-0	-0	-0	1506	0	-203	-0	-0	-0	-0	2109	0	-203	-0	0	0	0	903	0	-403	0	2.85	-35.84	4.89	12.52	0	-172.6	-17.61	-0	-0	-0	300	0	200	-0
575	-0	-0	-0	1506	0	-203	-0	-0	-0	-0	2109	0	-203	-0	-0	-0	-0	903	0	-403	-0	2.99	-35.57	4.68	14.98	0	-171.2	94.14	-0	-0	-0	300	0	200	-0
576	-0	-0	-0	1506	0	-203	-0	-0	-0	-0	2109	0	-203	-0	-0	-0	-0	903	0	-403	-0	2.71	-35.29	4.89	10.05	0	-173.69	67.07	0	0	0	300	0	200	0
577	-0	-0	-0	1506	0	-203	-0	-0	-0	-0	2109	0	-203	-0	-0	-0	-0	903	0	-403	-0	2.92	-35.57	4.48	16.92	0	-172.36	159.52	-0	-0	-0	300	0	200	-0
578	-0	-0	-0	1506	0	-203	-0	-0	-0	-0	2109	0	-203	-0	0	0	0	903	0	-403	0	2.99	-35.57	4.68	11.1	0	-172.75	111.64	0	0	0	300	0	200	0
579	-0	-0	-0	1506	0	-203	-0	-0	-0	-0	2109	0	-203	-0	-0	-0	-0	903	0	-403	-0	2.92	-34.48	4.82	1.6	0	-172.2	27.09	-0	-0	-0	300	0	200	-0
580	-0	-0	-0	1506	0	-203	-0	-0	-0	-0	2109	0	-203	-0	-0	-0	-0	903	0	-403	-0	2.92	-36.11	4.55	19.64	0	-172.44	120.2	-0	-0	-0	300	0	200	-0
581	-0	-0	-0	1506	0	-203	-0	-0	-0	-0	2109	0	-203	-0	-0	-0	-0	903	0	-403	-0	2.65	-35.02	4.82	8.98	0	-173.07	66.44	-0	-0	-0	300	0	200	-0
582	-0	-0	-0	1506	0	-203	-0	-0	-0	-0	2109	0	-203	-0	-0	-0	-0	903	0	-403	-0	2.78	-35.29	4.82	11.22	0	-169.78	82.98	-0	-0	-0	300	0	200	-0
583	-0	-0	-0	1506	0	-203	-0	-0	-0	-0	2109	0	-203	-0	-0	-0	-0	903	0	-403	-0	3.05	-35.57	4.82	14.59	0	-171.59	56.06	0	0	0	300	0	200	0
584	-0	-0	-0	1506	0	-203	-0	-0	-0	-0	2109	0	-203	-0	-0	-0	-0	903	0	-403	-0	2.99	-35.57	4.89	13.43	0	-173.53	50.99	-0	-0	-0	300	0	200	-0
585	-0	-0	-0	1506	0	-203	-0	-0	-0	-0	2109	0	-203	-0	-0	-0	-0	903	0	-403	-0	3.12	-36.11	4.75	17.35	0	-173.21	75.97	-0	-0	-0	300	0	200	-0
586	-0	-0	-0	1506	0	-203	-0	-0	-0	-0	2109	0	-203	-0	-0	-0	-0	903	0	-403	-0	2.85	-35.84	4.75	18.68	0	-171.83	93.3	-0	-0	-0	300	0	200	-0
587	-0	-0	-0	1506	0	-203	-0	-0	-0	-0	2109	0	-203	-0	-0	-0	-0	903	0	-403	-0	2.99	-35.02	4.68	7.8	0	-170.71	52.17	-0	-0	-0	300	0	200	-0
588	-0	-0	-0	1506	0	-203	-0	-0	-0	-0	2109	0	-203	-0	-0	-0	-0	903	0	-403	-0	2.99	-35.57	4.75	11.87	0	-173.53	70.45	-0	-0	-0	300	0	200	-0
589	-0	-0	-0	1506	0	-203	-0	-0	-0	-0	2109	0	-203	-0	-0	-0	-0	903	0	-403	-0	2.58	-35.57	4.55	15.36	0	-173.53	186.3	-0	-0	-0	300	0	200	-0
590	-0	-0	-0	1506	0	-203	-0	-0	-0	-0	2109	0	-203	-0	-0	-0	-0	903	0	-403	-0	2.92	-34.48	4.62	2	0	-171	56.89	-0	-0	-0	300	0	200	-0
591	-0	-0	-0	1506	0	-203	-0	-0	-0	-0	2109	0	-203	-0	-0	-0	-0	903	0	-403	-0	2.58	-34.21	4.62	2.05	0	-170.75	25.97	-0	-0	-0	300	0	200	-0
592	-0	-0	-0	1506	0	-203	-0	-0	-0	-0	2109	0	-203	-0	-0	-0	-0	903	0	-403	-0	3.26	-35.84	4.89	18.68	0	-171.83	66.55	-0	-0	-0	300	0	200	-0
593	-0	-0	-0	1506	0	-203	-0	-0	-0	-0	2109	0	-203	-0	-0	-0	-0	903	0	-403	-0	-0	-0	-0	300	0	-203	-0	-0	-0	-0	300	0	200	-0
594	-0	-0	-0	1506	0	-203	-0	-0	-0	-0	2109	0	-203	-0	-0	-0	-0	903	0	-403	-0	2.99	-35.57	4.68	14.98	0	-170.81	77.47	-0	-0	-0	300	0	200	-0
595	-0	-0	-0	1506	0	-203	-0	-0	-0	-0	2109	0	-203	-0	-0	-0	-0	903	0	-403	-0	3.26	-35.02	4.82	9.38	0	-171.5	-5.07	-0	-0	-0	300	0	200	-0
596	-0	-0	-0	1506	0	-203	-0	-0	-0	-0	2109	0	-203	-0	-0	-0	-0	903	0	-403	-0	2.78	-34.21	4.68	2.05	0	-172.76	63.4	0	0	0	300	0	200	0
597	-0	-0	-0	1506	0	-203	-0	-0	-0	-0	2109	0	-203	-0	-0	-0	-0	903	0	-403	-0	2.92	-34.75	4.68	4.33	0	-172.84	16.72	-0	-0	-0	300	0	200	-0
598	-0	-0	-0	1506	0	-203	-0	-0	-0	-0	2109	0	-203	-0	-0	-0	-0	903	0	-403	-0	2.71	-35.02	4.75	8.98	0	-173.07	70.37	-0	-0	-0	300	0	200	-0
599	-0	-0	-0	1506	0	-203	-0	-0	-0	-0	2109	0	-203	-0	-0	-0	-0	903	0	-403	-0	2.85	-36.38	4.95	16.43	0	-173.81	47.78	-0	-0	-0	300	0	200	-0
600	-0	-0	-0	1506	0	-203	-0	-0	-0	-0	2109	0	-203	-0	-0	-0	-0	903	0	-403	-0	2.99	-36.38	4.89	20.22	0	-172.67	73.02	-0	-0	-0	300	0	200	-0
601	-0	-0	-0	1506	0	-203	-0	-0	-0	-0	2109	0	-203	-0	-0	-0	-0	903	0	-403	-0	2.92	-35.57	4.82	17.69	0	-172.36	60.3	-0	-0	-0	300	0	200	-0
602	-0	-0	-0	1506	0	-203	-0	-0	-0	-0	2109	0	-203	-0	-0	-0	-0	903	0	-403	-0	2.99	-35.29	4.68	11.22	0	-171.35	104.57	-0	-0	-0	300	0	200	-0
603	-0	-0	-0	1506	0	-203	-0	-0	-0	-0	2109	0	-203	-0	-0	-0	-0	903	0	-403	-0	2.99	-35.57	4.75	9.94	0	-171.98	35.92	-0	-0	-0	300	0	200	-0
604	-0	-0	-0	1506	0	-203	-0	-0	-0	-0	2109	0	-203	-0	-0	-0	-0	903	0	-403	-0	2.99	-35.02	4.82	7.8	0	-173.07	35.08	-0	-0	-0	300	0	200	-0
605	-0	-0	-0	1506	0	-203	-0	-0	-0	-0	2109	0	-203	-0	0	0	0	903	0	-403	0	2.99	-34.75	4.62	6.71	0	-171.25	56.51	-0	-0	-0	300	0	200	-0
606	-0	-0	-0	1506	0	-203	-0	-0	-0	-0	2109	0	-203	-0	-0	-0	-0	903	0	-403	-0	3.05	-35.57	4.75	13.04	0	-171.98	74.42	-0	-0	-0	300	0	200	-0
607	-0	-0	-0	1506	0	-203	-0	-0	-0	-0	2109	0	-203	-0	-0	-0	-0	903	0	-403	-0	3.05	-35.57	4.34	13.04	0	-171.98	186.11	-0	-0	-0	300	0	200	-0
608	-0	-0	-0	1506	0	-203	-0	-0	-0	-0	2109	0	-203	-0	-0	-0	-0	903	0	-403	-0	3.05	-35.29	4.62	12	0	-171.74	118.21	-0	-0	-0	300	0	200	-0
609	-0	-0	-0	1506	0	-203	-0	-0	-0	-0	2109	0	-203	-0	-0	-0	-0	903	0	-403	-0	2.99	-35.57	4.89	12.65	0	-173.53	-20.03	0	0	0	300	0	200	0
610	-0	-0	-0	1506	0	-203	-0	-0	-0	-0	2109	0	-203	-0	-0	-0	-0	903	0	-403	-0	3.05	-35.84	4.68	14.06	0	-173.75	79.95	-0	-0	-0	300	0	200	-0
611	-0	-0	-0	1506	0	-203	-0	-0	-0	-0	2109	0	-203	-0	-0	-0	-0	903	0	-403	-0	2.92	-35.84	4.89	14.44	0	-172.21	40.32	0	0	0	300	0	200	0
612	-0	-0	-0	1506	0	-203	-0	-0	-0	-0	2109	0	-203	-0	-0	-0	-0	903	0	-403	-0	3.05	-35.57	4.62	13.04	0	-173.53	69.84	-0	-0	-0	300	0	200	-0
613	-0	-0	-0	1506	0	-203	-0	-0	-0	-0	2109	0	-203	-0	-0	-0	-0	903	0	-403	-0	2.99	-35.02	4.62	10.16	0	-171.1	75.46	-0	-0	-0	300	0	200	-0
614	-0	-0	-0	1506	0	-203	-0	-0	-0	-0	2109	0	-203	-0	-0	-0	-0	903	0	-403	-0	2.85	-35.29	4.82	9.66	0	-172.52	55.14	-0	-0	-0	300	0	200	-0
615	-0	-0	-0	1506	0	-203	-0	-0	-0	-0	2109	0	-203	-0	-0	-0	-0	903	0	-403	-0	3.05	-36.11	4.62	16.59	0	-173.97	108.27	-0	-0	-0	300	0	200	-0
616	-0	-0	-0	1506	0	-203	-0	-0	-0	-0	2109	0	-203	-0	-0	-0	-0	903	0	-403	-0	3.05	-35.84	4.75	12.9	0	-172.98	52.71	0	0	0	300	0	200	0
617	-0	-0	-0	1506	0	-203	-0	-0	-0	-0	2109	0	-203	-0	-0	-0	-0	903	0	-403	-0	2.85	-34.75	4.68	9.88	0	-170.85	71.89	0	0	0	300	0	200	0
618	-0	-0	-0	1506	0	-203	-0	-0	-0	-0	2109	0	-203	-0	-0	-0	-0	903	0	-403	-0	3.12	-35.84	4.62	14.83	0	-172.21	123.7	-0	-0	-0	300	0	200	-0
619	-0	-0	-0	1506	0	-203	-0	-0	-0	-0	2109	0	-203	-0	-0	-0	-0	903	0	-403	-0	2.85	-36.11	4.82	18.88	0	-173.97	53.72	-0	-0	-0	300	0	200	-0
620	-0	-0	-0	1506	0	-203	-0	-0	-0	-0	2109	0	-203	-0	-0	-0	-0	903	0	-403	-0	2.99	-35.02	4.48	11.35	0	-171.5	131.62	-0	-0	-0	300	0	200	-0
621	-0	-0	-0	1506	0	-203	-0	-0	-0	-0	2109	0	-203	-0	-0	-0	-0	903	0	-403	-0	2.99	-36.65	4.75	21.92	0	-171.39	72.13	-0	-0	-0	300	0	200	-0
622	-0	-0	-0	1506	0	-203	-0	-0	-0	-0	2109	0	-203	-0	-0	-0	-0	903	0	-403	-0	2.85	-33.94	4.75	0.89	0	-172.52	7.32	-0	-0	-0	300	0	200	-0
623	-0	-0	-0	1506	0	-203	-0	-0	-0	-0	2109	0	-203	-0	-0	-0	-0	903	0	-403	-0	3.12	-35.57	4.41	14.59	0	-170.81	141.88	-0	-0	-0	300	0	200	-0
624	-0	-0	-0	1506	0	-203	-0	-0	-0	-0	2109	0	-203	-0	-0	-0	-0	903	0	-403	-0	2.85	-35.02	4.75	7.8	0	-172.68	-9.38	-0	-0	-0	300	0	200	-0
625	-0	-0	-0	1506	0	-203	-0	-0	-0	-0	2109	0	-203	-0	-0	-0	-0	903	0	-403	-0	2.92	-34.75	4.75	5.52	0	-172.44	64.94	-0	-0	-0	300	0	200	-0
626	-0	-0	-0	1506	0	-203	-0	-0	-0	-0	2109	0	-203	-0	-0	-0	-0	903	0	-403	-0	2.85	-36.11	4.89	18.12	0	-171.68	41.62	-0	-0	-0	300	0	200	-0
627	-0	-0	-0	1506	0	-203	-0	-0	-0	-0	2109	0	-203	-0	-0	-0	-0	903	0	-403	-0	3.12	-34.75	4.75	3.93	0	-172.44	20.14	0	0	0	300	0	200	0
628	-0	-0	-0	1506	0	-203	-0	-0	-0	-0	2109	0	-203	-0	-0	-0	-0	903	0	-403	-0	3.05	-35.29	4.68	10.44	0	-172.91	167.33	-0	-0	-0	300	0	200	-0
629	-0	-0	-0	1506	0	-203	-0	-0	-0	-0	2109	0	-203	-0	-0	-0	-0	903	0	-403	-0	2.85	-35.02	4.82	9.77	0	-172.28	27.42	-0	-0	-0	300	0	200	-0
630	-0	-0	-0	1506	0	-203	-0	-0	-0	-0	2109	0	-203	-0	-0	-0	-0	903	0	-403	-0	2.85	-35.29	4.95	8.88	0	-173.3	-3.16	-0	-0	-0	300	0	200	-0
631	-0	-0	-0	1506	0	-203	-0	-0	-0	-0	2109	0	-203	-0	-0	-0	-0	903	0	-403	-0	-0	-0	-0	300	0	-203	-0	-0	-0	-0	300	0	200	-0
632	-0	-0	-0	1506	0	-203	-0	-0	-0	-0	2109	0	-203	-0	0	0	0	903	0	-403	0	2.85	-35.29	4.62	11.22	0	-171.74	93.38	-0	-0	-0	300	0	200	-0
633	-0	-0	-0	1506	0	-203	-0	-0	-0	-0	2109	0	-203	-0	-0	-0	-0	903	0	-403	-0	-0	-0	-0	300	0	-203	-0	0	0	0	300	0	200	0
634	-0	-0	-0	1506	0	-203	-0	-0	-0	-0	2109	0	-203	-0	-0	-0	-0	903	0	-403	-0	2.92	-36.11	4.55	17.35	0	-172.44	109.77	-0	-0	-0	300	0	200	-0
635	-0	-0	-0	1506	0	-203	-0	-0	-0	-0	2109	0	-203	-0	-0	-0	-0	903	0	-403	-0	3.05	-35.02	4.75	12.13	0	-170.31	80.55	-0	-0	-0	300	0	200	-0
636	-0	-0	-0	1506	0	-203	-0	-0	-0	-0	2109	0	-203	-0	0	0	0	903	0	-403	0	2.99	-34.75	5.02	6.31	0	-172.84	-60.18	-0	-0	-0	300	0	200	-0
637	-0	-0	-0	1506	0	-203	-0	-0	-0	-0	2109	0	-203	-0	-0	-0	-0	903	0	-403	-0	2.92	-34.48	4.62	2.8	0	-171.8	57.74	-0	-0	-0	300	0	200	-0
638	-0	-0	-0	1506	0	-203	-0	-0	-0	-0	2109	0	-203	-0	0	0	0	903	0	-403	0	3.26	-35.02	4.89	9.38	0	-172.68	11.81	-0	-0	-0	300	0	200	-0
639	-0	-0	-0	1506	0	-203	-0	-0	-0	-0	2109	0	-203	-0	-0	-0	-0	903	0	-403	-0	2.85	-35.02	4.82	9.77	0	-173.07	38.28	-0	-0	-0	300	0	200	-0
640	-0	-0	-0	1506	0	-203	-0	-0	-0	-0	2109	0	-203	-0	-0	-0	-0	903	0	-403	-0	3.12	-36.11	4.82	14.3	0	-173.21	54.12	0	0	0	300	0	200	0
641	-0	-0	-0	1506	0	-203	-0	-0	-0	-0	2109	0	-203	-0	-0	-0	-0	903	0	-403	-0	2.99	-35.29	5.02	11.61	0	-172.52	-48.3	-0	-0	-0	300	0	200	-0
642	-0	-0	-0	1506	0	-203	-0	-0	-0	-0	2109	0	-203	-0	-0	-0	-0	903	0	-403	-0	2.58	-34.75	4.89	6.71	0	-168.87	-5.98	-0	-0	-0	300	0	200	-0
643	-0	-0	-0	1506	0	-203	-0	-0	-0	-0	2109	0	-203	-0	-0	-0	-0	903	0	-403	-0	3.05	-34.21	4.68	2.05	0	-171.15	53.71	-0	-0	-0	300	0	200	-0
644	-0	-0	-0	1506	0	-203	-0	-0	-0	-0	2109	0	-203	-0	-0	-0	-0	903	0	-403	-0	2.99	-35.29	4.75	11.22	0	-171.74	49.94	-0	-0	-0	300	0	200	-0
645	-0	-0	-0	1506	0	-203	-0	-0	-0	-0	2109	0	-203	-0	-0	-0	-0	903	0	-403	-0	2.92	-36.38	4.34	20.98	0	-172.29	230.91	-0	-0	-0	300	0	200	-0
646	-0	-0	-0	1506	0	-203	-0	-0	-0	-0	2109	0	-203	-0	-0	-0	-0	903	0	-403	-0	-0	-0	-0	300	0	-203	-0	-0	-0	-0	300	0	200	-0
647	-0	-0	-0	1506	0	-203	-0	-0	-0	-0	2109	0	-203	-0	-0	-0	-0	903	0	-403	-0	2.99	-34.75	4.75	8.69	0	-172.84	72.24	-0	-0	-0	300	0	200	-0
648	-0	-0	-0	1506	0	-203	-0	-0	-0	-0	2109	0	-203	-0	-0	-0	-0	903	0	-403	-0	2.78	-35.84	4.68	15.21	0	-174.91	60.31	-0	-0	-0	300	0	200	-0
649	-0	-0	-0	1506	0	-203	-0	-0	-0	-0	2109	0	-203	-0	-0	-0	-0	903	0	-403	-0	2.78	-35.57	4.82	14.59	0	-173.14	91.31	-0	-0	-0	300	0	200	-0
650	-0	-0	-0	1506	0	-203	-0	-0	-0	-0	2109	0	-203	-0	-0	-0	-0	903	0	-403	-0	2.99	-36.11	4.68	18.88	0	-173.59	107.49	-0	-0	-0	300	0	200	-0
651	-0	-0	-0	1506	0	-203	-0	-0	-0	-0	2109	0	-203	-0	-0	-0	-0	903	0	-403	-0	2.99	-35.02	4.28	8.2	0	-170.31	219.94	-0	-0	-0	300	0	200	-0
652	-0	-0	-0	1506	0	-203	-0	-0	-0	-0	2109	0	-203	-0	-0	-0	-0	903	0	-403	-0	2.85	-35.57	4.89	14.98	0	-172.75	48.29	-0	-0	-0	300	0	200	-0
653	-0	-0	-0	1506	0	-203	-0	-0	-0	-0	2109	0	-203	-0	-0	-0	-0	903	0	-403	-0	2.78	-34.75	4.75	6.31	0	-174.42	42.18	-0	-0	-0	300	0	200	-0
654	-0	-0	-0	1506	0	-203	-0	-0	-0	-0	2109	0	-203	-0	-0	-0	-0	903	0	-403	-0	2.92	-35.84	4.55	14.06	0	-172.21	113.07	-0	-0	-0	300	0	200	-0
655	-0	-0	-0	1506	0	-203	-0	-0	-0	-0	2109	0	-203	-0	-0	-0	-0	903	0	-403	-0	2.85	-35.84	4.82	17.14	0	-173.75	98.13	-0	-0	-0	300	0	200	-0
656	-0	-0	-0	1506	0	-203	-0	-0	-0	-0	2109	0	-203	-0	-0	-0	-0	903	0	-403	-0	2.99	-36.11	4.75	19.26	0	-173.97	93.09	-0	-0	-0	300	0	200	-0
657	-0	-0	-0	1506	0	-203	-0	-0	-0	-0	2109	0	-203	-0	-0	-0	-0	903	0	-403	-0	-0	-0	-0	300	0	-203	-0	-0	-0	-0	300	0	200	-0
658	-0	-0	-0	1506	0	-203	-0	-0	-0	-0	2109	0	-203	-0	-0	-0	-0	903	0	-403	-0	2.92	-36.11	4.62	20.41	0	-171.3	172.03	-0	-0	-0	300	0	200	-0
659	-0	-0	-0	1506	0	-203	-0	-0	-0	-0	2109	0	-203	-0	-0	-0	-0	903	0	-403	-0	2.99	-36.11	4.82	19.26	0	-173.21	95.89	-0	-0	-0	300	0	200	-0
660	-0	-0	-0	1506	0	-203	-0	-0	-0	-0	2109	0	-203	-0	-0	-0	-0	903	0	-403	-0	3.12	-34.48	4.95	4.4	0	-172.6	5.78	-0	-0	-0	300	0	200	-0
661	-0	-0	-0	1506	0	-203	-0	-0	-0	-0	2109	0	-203	-0	-0	-0	-0	903	0	-403	-0	2.92	-36.38	4.95	20.22	0	-172.29	42.91	-0	-0	-0	300	0	200	-0
662	-0	-0	-0	1506	0	-203	-0	-0	-0	-0	2109	0	-203	-0	-0	-0	-0	903	0	-403	-0	2.99	-34.75	4.55	7.11	0	-173.23	125.52	0	0	0	300	0	200	0
663	-0	-0	-0	1506	0	-203	-0	-0	-0	-0	2109	0	-203	-0	-0	-0	-0	903	0	-403	-0	2.71	-34.21	4.82	3.26	0	-172.36	43.53	0	0	0	300	0	200	0
664	-0	-0	-0	1506	0	-203	-0	-0	-0	-0	2109	0	-203	-0	-0	-0	-0	903	0	-403	-0	3.05	-36.38	4.89	21.74	0	-171.53	36.97	-0	-0	-0	300	0	200	-0
665	-0	-0	-0	1506	0	-203	-0	-0	-0	-0	2109	0	-203	-0	-0	-0	-0	903	0	-403	-0	2.99	-35.02	4.75	7.01	0	-173.07	47.72	-0	-0	-0	300	0	200	-0
666	-0	-0	-0	1506	0	-203	-0	-0	-0	-0	2109	0	-203	-0	-0	-0	-0	903	0	-403	-0	2.99	-36.11	4.75	18.12	0	-173.21	142.25	-0	-0	-0	300	0	200	-0
667	-0	-0	-0	1506	0	-203	-0	-0	-0	-0	2109	0	-203	-0	-0	-0	-0	903	0	-403	-0	2.99	-36.11	4.89	16.59	0	-173.59	54.56	-0	-0	-0	300	0	200	-0
668	-0	-0	-0	1506	0	-203	-0	-0	-0	-0	2109	0	-203	-0	-0	-0	-0	903	0	-403	-0	2.99	-34.48	4.75	3.2	0	-172.6	2.33	-0	-0	-0	300	0	200	-0
669	-0	-0	-0	1506	0	-203	-0	-0	-0	-0	2109	0	-203	-0	-0	-0	-0	903	0	-403	-0	3.05	-35.57	4.48	13.81	0	-173.53	131.23	-0	-0	-0	300	0	200	-0
670	-0	-0	-0	1506	0	-203	-0	-0	-0	-0	2109	0	-203	-0	-0	-0	-0	903	0	-403	-0	2.85	-35.57	4.68	14.59	0	-170.81	92.09	-0	-0	-0	300	0	200	-0
671	-0	-0	-0	1506	0	-203	-0	-0	-0	-0	2109	0	-203	-0	-0	-0	-0	903	0	-403	-0	2.78	-36.65	4.68	21.92	0	-175.53	108.96	-0	-0	-0	300	0	200	-0
672	-0	-0	-0	1506	0	-203	-0	-0	-0	-0	2109	0	-203	-0	-0	-0	-0	903	0	-403	-0	2.85	-36.11	4.48	17.74	0	-175.12	167.95	-0	-0	-0	300	0	200	-0
673	-0	-0	-0	1506	0	-203	-0	-0	-0	-0	2109	0	-203	-0	-0	-0	-0	903	0	-403	-0	2.99	-34.48	4.82	4	0	-170.2	23.7	-0	-0	-0	300	0	200	-0
674	-0	-0	-0	1506	0	-203	-0	-0	-0	-0	2109	0	-203	-0	-0	-0	-0	903	0	-403	-0	2.78	-35.57	4.55	13.81	0	-173.53	140.49	-0	-0	-0	300	0	200	-0
675	-0	-0	-0	1506	0	-203	-0	-0	-0	-0	2109	0	-203	-0	-0	-0	-0	903	0	-403	-0	2.85	-35.29	4.55	7.7	0	-172.13	103.28	-0	-0	-0	300	0	200	-0
676	-0	-0	-0	1506	0	-203	-0	-0	-0	-0	2109	0	-203	-0	-0	-0	-0	903	0	-403	-0	2.92	-35.02	4.89	11.35	0	-172.68	-30.34	-0	-0	-0	300	0	200	-0
