Time	Fx1	Fy1	Fz1	COPx1	COPy1	COPz1	Ty1	Fx2	Fy2	Fz2	COPx2	COPy2	COPz2	Ty2	Fx3	Fy3	Fz3	COPx3	COPy3	COPz3	Ty3	Fx4	Fy4	Fz4	COPx4	COPy4	COPz4	Ty4	Fx5	Fy5	Fz5	COPx5	COPy5	COPz5	Ty5
1	0	0	0	1506	0	-203	0	0	0	0	2109	0	-203	0	0	0	0	903	0	-403	0	0	0	0	300	0	-203	0	0	0	0	300	0	200	0
2	-0	-0	-0	1506	0	-203	-0	-0	-0	-0	2109	0	-203	-0	-0	-0	-0	903	0	-403	-0	-0	-0	-0	300	0	-203	-0	-0	-0	-0	300	0	200	-0
3	-0	-0	-0	1506	0	-203	-0	-0	-0	-0	2109	0	-203	-0	-0	-0	-0	903	0	-403	-0	-0	-0	-0	300	0	-203	-0	-0	-0	-0	300	0	200	-0
4	-0	-0	-0	1506	0	-203	-0	-0	-0	-0	2109	0	-203	-0	-0	-0	-0	903	0	-403	-0	-0	-0	-0	300	0	-203	-0	0	0	0	300	0	200	0
5	-0	-0	-0	1506	0	-203	-0	-0	-0	-0	2109	0	-203	-0	-0	-0	-0	903	0	-403	-0	-0	-0	-0	300	0	-203	-0	-0	-0	-0	300	0	200	-0
6	-0	-0	-0	1506	0	-203	-0	-0	-0	-0	2109	0	-203	-0	-0	-0	-0	903	0	-403	-0	-0	-0	-0	300	0	-203	-0	-0	-0	-0	300	0	200	-0
7	-0	-0	-0	1506	0	-203	-0	-0	-0	-0	2109	0	-203	-0	-0	-0	-0	903	0	-403	-0	-0	-0	-0	300	0	-203	-0	-0	-0	-0	300	0	200	-0
8	-0	-0	-0	1506	0	-203	-0	-0	-0	-0	2109	0	-203	-0	-0	-0	-0	903	0	-403	-0	-0	-0	-0	300	0	-203	-0	-0	-0	-0	300	0	200	-0
9	-0	-0	-0	1506	0	-203	-0	-0	-0	-0	2109	0	-203	-0	-0	-0	-0	903	0	-403	-0	-0	-0	-0	300	0	-203	-0	-0	-0	-0	300	0	200	-0
10	-0	-0	-0	1506	0	-203	-0	-0	-0	-0	2109	0	-203	-0	-0	-0	-0	903	0	-403	-0	-0	-0	-0	300	0	-203	-0	0	0	0	300	0	200	0
11	-0	-0	-0	1506	0	-203	-0	-0	-0	-0	2109	0	-203	-0	-0	-0	-0	903	0	-403	-0	-0	-0	-0	300	0	-203	-0	-0	-0	-0	300	0	200	-0
12	-0	-0	-0	1506	0	-203	-0	-0	-0	-0	2109	0	-203	-0	-0	-0	-0	903	0	-403	-0	-0	-0	-0	300	0	-203	-0	0	0	0	300	0	200	0
13	-0	-0	-0	1506	0	-203	-0	-0	-0	-0	2109	0	-203	-0	-0	-0	-0	903	0	-403	-0	-0	-0	-0	300	0	-203	-0	-0	-0	-0	300	0	200	-0
14	-0	-0	-0	1506	0	-203	-0	-0	-0	-0	2109	0	-203	-0	-0	-0	-0	903	0	-403	-0	-0	-0	-0	300	0	-203	-0	-0	-0	-0	300	0	200	-0
15	-0	-0	-0	1506	0	-203	-0	-0	-0	-0	2109	0	-203	-0	-0	-0	-0	903	0	-403	-0	-0	-0	-0	300	0	-203	-0	-0	-0	-0	300	0	200	-0
16	-0	-0	-0	1506	0	-203	-0	-0	-0	-0	2109	0	-203	-0	-0	-0	-0	903	0	-403	-0	-0	-0	-0	300	0	-203	-0	-0	-0	-0	300	0	200	-0
17	-0	-0	-0	1506	0	-203	-0	-0	-0	-0	2109	0	-203	-0	-0	-0	-0	903	0	-403	-0	-0	-0	-0	300	0	-203	-0	-0	-0	-0	300	0	200	-0
18	-0	-0	-0	1506	0	-203	-0	-0	-0	-0	2109	0	-203	-0	-0	-0	-0	903	0	-403	-0	-0	-0	-0	300	0	-203	-0	-0	-0	-0	300	0	200	-0
19	-0	-0	-0	1506	0	-203	-0	-0	-0	-0	2109	0	-203	-0	-0	-0	-0	903	0	-403	-0	-0	-0	-0	300	0	-203	-0	0	0	0	300	0	200	0
20	-0	-0	-0	1506	0	-203	-0	-0	-0	-0	2109	0	-203	-0	-0	-0	-0	903	0	-403	-0	-0	-0	-0	300	0	-203	-0	-0	-0	-0	300	0	200	-0
21	-0	-0	-0	1506	0	-203	-0	-0	-0	-0	2109	0	-203	-0	-0	-0	-0	903	0	-403	-0	-0	-0	-0	300	0	-203	-0	-0	-0	-0	300	0	200	-0
22	-0	-0	-0	1506	0	-203	-0	-0	-0	-0	2109	0	-203	-0	-0	-0	-0	903	0	-403	-0	-0	-0	-0	300	0	-203	-0	0	0	0	300	0	200	0
23	-0	-0	-0	1506	0	-203	-0	-0	-0	-0	2109	0	-203	-0	-0	-0	-0	903	0	-403	-0	-0	-0	-0	300	0	-203	-0	-0	-0	-0	300	0	200	-0
24	-0	-0	-0	1506	0	-203	-0	-0	-0	-0	2109	0	-203	-0	-0	-0	-0	903	0	-403	-0	-0	-0	-0	300	0	-203	-0	-0	-0	-0	300	0	200	-0
25	-0	-0	-0	1506	0	-203	-0	-0	-0	-0	2109	0	-203	-0	-0	-0	-0	903	0	-403	-0	-0	-0	-0	300	0	-203	-0	-0	-0	-0	300	0	200	-0
26	-0	-0	-0	1506	0	-203	-0	-0	-0	-0	2109	0	-203	-0	-0	-0	-0	903	0	-403	-0	-0	-0	-0	300	0	-203	-0	-0	-0	-0	300	0	200	-0
27	-0	-0	-0	1506	0	-203	-0	-0	-0	-0	2109	0	-203	-0	-0	-0	-0	903	0	-403	-0	-0	-0	-0	300	0	-203	-0	0	0	0	300	0	200	0
28	-0	-0	-0	1506	0	-203	-0	-0	-0	-0	2109	0	-203	-0	-0	-0	-0	903	0	-403	-0	0	0	0	300	0	-203	0	-0	-0	-0	300	0	200	-0
29	-0	-0	-0	1506	0	-203	-0	-0	-0	-0	2109	0	-203	-0	-0	-0	-0	903	0	-403	-0	-0	-0	-0	300	0	-203	-0	-0	-0	-0	300	0	200	-0
30	-0	-0	-0	1506	0	-203	-0	-0	-0	-0	2109	0	-203	-0	-0	-0	-0	903	0	-403	-0	-0	-0	-0	300	0	-203	-0	-0	-0	-0	300	0	200	-0
31	-0	-0	-0	1506	0	-203	-0	-0	-0	-0	2109	0	-203	-0	-0	-0	-0	903	0	-403	-0	-0	-0	-0	300	0	-203	-0	-0	-0	-0	300	0	200	-0
32	-0	-0	-0	1506	0	-203	-0	-0	-0	-0	2109	0	-203	-0	-0	-0	-0	903	0	-403	-0	-0	-0	-0	300	0	-203	-0	-0	-0	-0	300	0	200	-0
33	-0	-0	-0	1506	0	-203	-0	-0	-0	-0	2109	0	-203	-0	-0	-0	-0	903	0	-403	-0	-0	-0	-0	300	0	-203	-0	-0	-0	-0	300	0	200	-0
34	-0	-0	-0	1506	0	-203	-0	-0	-0	-0	2109	0	-203	-0	-0	-0	-0	903	0	-403	-0	0	0	0	300	0	-203	0	-0	-0	-0	300	0	200	-0
35	-0	-0	-0	1506	0	-203	-0	-0	-0	-0	2109	0	-203	-0	-0	-0	-0	903	0	-403	-0	-0	-0	-0	300	0	-203	-0	-0	-0	-0	300	0	200	-0
36	-0	-0	-0	1506	0	-203	-0	-0	-0	-0	2109	0	-203	-0	-0	-0	-0	903	0	-403	-0	-0	-0	-0	300	0	-203	-0	-0	-0	-0	300	0	200	-0
37	-0	-0	-0	1506	0	-203	-0	-0	-0	-0	2109	0	-203	-0	-0	-0	-0	903	0	-403	-0	-0	-0	-0	300	0	-203	-0	-0	-0	-0	300	0	200	-0
38	-0	-0	-0	1506	0	-203	-0	-0	-0	-0	2109	0	-203	-0	-0	-0	-0	903	0	-403	-0	0	0	0	300	0	-203	0	-0	-0	-0	300	0	200	-0
39	-0	-0	-0	1506	0	-203	-0	-0	-0	-0	2109	0	-203	-0	-0	-0	-0	903	0	-403	-0	-0	-0	-0	300	0	-203	-0	-0	-0	-0	300	0	200	-0
40	-0	-0	-0	1506	0	-203	-0	-0	-0	-0	2109	0	-203	-0	-0	-0	-0	903	0	-403	-0	-0	-0	-0	300	0	-203	-0	-0	-0	-0	300	0	200	-0
41	-0	-0	-0	1506	0	-203	-0	-0	-0	-0	2109	0	-203	-0	-0	-0	-0	903	0	-403	-0	-0	-0	-0	300	0	-203	-0	-0	-0	-0	300	0	200	-0
42	-0	-0	-0	1506	0	-203	-0	-0	-0	-0	2109	0	-203	-0	-0	-0	-0	903	0	-403	-0	-0	-0	-0	300	0	-203	-0	-0	-0	-0	300	0	200	-0
43	-0	-0	-0	1506	0	-203	-0	-0	-0	-0	2109	0	-203	-0	-0	-0	-0	903	0	-403	-0	-0	-0	-0	300	0	-203	-0	-0	-0	-0	300	0	200	-0
44	-0	-0	-0	1506	0	-203	-0	-0	-0	-0	2109	0	-203	-0	-0	-0	-0	903	0	-403	-0	-0	-0	-0	300	0	-203	-0	-0	-0	-0	300	0	200	-0
45	-0	-0	-0	1506	0	-203	-0	-0	-0	-0	2109	0	-203	-0	-0	-0	-0	903	0	-403	-0	0	0	0	300	0	-203	0	-0	-0	-0	300	0	200	-0
46	-0	-0	-0	1506	0	-203	-0	-0	-0	-0	2109	0	-203	-0	-0	-0	-0	903	0	-403	-0	-0	-0	-0	300	0	-203	-0	-0	-0	-0	300	0	200	-0
47	-0	-0	-0	1506	0	-203	-0	-0	-0	-0	2109	0	-203	-0	-0	-0	-0	903	0	-403	-0	4.48	36.38	0.07	180.58	0	-180.63	-11.76	-0	-0	-0	300	0	200	-0
48	-0	-0	-0	1506	0	-203	-0	-0	-0	-0	2109	0	-203	-0	-0	-0	-0	903	0	-403	-0	24.43	324.17	-5.36	191.51	0	-182.96	136.91	-0	-0	-0	300	0	200	-0
49	-0	-0	-0	1506	0	-203	-0	-0	-0	-0	2109	0	-203	-0	-0	-0	-0	903	0	-403	-0	33.6	510.96	37.06	195	0	-185.67	163.9	-0	-0	-0	300	0	200	-0
50	-0	-0	-0	1506	0	-203	-0	-0	-0	-0	2109	0	-203	-0	-0	-0	-0	903	0	-403	-0	14.25	373.58	41.47	196.85	0	-187.01	467.94	-0	-0	-0	300	0	200	-0
51	-0	-0	-0	1506	0	-203	-0	-0	-0	-0	2109	0	-203	-0	-0	-0	-0	903	0	-403	-0	-4.48	290.5	33.94	197.83	0	-187.14	384.29	-0	-0	-0	300	0	200	-0
52	-0	-0	-0	1506	0	-203	-0	-0	-0	-0	2109	0	-203	-0	-0	-0	-0	903	0	-403	-0	-15.27	298.92	27.22	199.78	0	-187.4	706.72	-0	-0	-0	300	0	200	-0
53	-0	-0	-0	1506	0	-203	-0	-0	-0	-0	2109	0	-203	-0	-0	-0	-0	903	0	-403	-0	-33.05	330.68	27.69	200.94	0	-187.69	495.28	-0	-0	-0	300	0	200	-0
54	-0	-0	-0	1506	0	-203	-0	-0	-0	-0	2109	0	-203	-0	-0	-0	-0	903	0	-403	-0	-57.9	375.21	27.35	203.58	0	-187.86	751.26	-0	-0	-0	300	0	200	-0
55	-0	-0	-0	1506	0	-203	-0	-0	-0	-0	2109	0	-203	-0	-0	-0	-0	903	0	-403	-0	-79.41	402.09	29.19	204.81	0	-188.01	491.36	-0	-0	-0	300	0	200	-0
56	-0	-0	-0	1506	0	-203	-0	-0	-0	-0	2109	0	-203	-0	0	0	0	903	0	-403	0	-88.71	420.28	30.07	206.14	0	-187.51	236.31	-0	-0	-0	300	0	200	-0
57	-0	-0	-0	1506	0	-203	-0	-0	-0	-0	2109	0	-203	-0	-0	-0	-0	903	0	-403	-0	-81.86	439.83	29.73	207.02	0	-187.23	363.03	-0	-0	-0	300	0	200	-0
58	-0	-0	-0	1506	0	-203	-0	-0	-0	-0	2109	0	-203	-0	-0	-0	-0	903	0	-403	-0	-64.96	449.87	30.27	207.66	0	-186.97	152.83	-0	-0	-0	300	0	200	-0
59	-0	-0	-0	1506	0	-203	-0	-0	-0	-0	2109	0	-203	-0	-0	-0	-0	903	0	-403	-0	-51.04	448.79	27.76	207.9	0	-186.71	222.56	-0	-0	-0	300	0	200	-0
60	-0	-0	-0	1506	0	-203	-0	-0	-0	-0	2109	0	-203	-0	-0	-0	-0	903	0	-403	-0	-45.54	444.17	25.93	208.55	0	-186.54	292.08	-0	-0	-0	300	0	200	-0
61	-0	-0	-0	1506	0	-203	-0	-0	-0	-0	2109	0	-203	-0	0	0	0	903	0	-403	0	-48.8	440.1	20.02	209.27	0	-186.2	325.42	-0	-0	-0	300	0	200	-0
62	-0	-0	-0	1506	0	-203	-0	-0	-0	-0	2109	0	-203	-0	-0	-0	-0	903	0	-403	-0	-59.05	436.57	15.68	210.34	0	-185.97	246.25	-0	-0	-0	300	0	200	-0
63	-0	-0	-0	1506	0	-203	-0	-0	-0	-0	2109	0	-203	-0	-0	-0	-0	903	0	-403	-0	-69.71	425.98	8.01	211.09	0	-185.52	577.34	-0	-0	-0	300	0	200	-0
64	-0	-0	-0	1506	0	-203	-0	-0	-0	-0	2109	0	-203	-0	-0	-0	-0	903	0	-403	-0	-77.11	422.99	4.21	212.62	0	-185	542.51	-0	-0	-0	300	0	200	-0
65	-0	-0	-0	1506	0	-203	-0	-0	-0	-0	2109	0	-203	-0	-0	-0	-0	903	0	-403	-0	-77.99	430.6	0.14	215.12	0	-183.78	761.47	-0	-0	-0	300	0	200	-0
66	-0	-0	-0	1506	0	-203	-0	-0	-0	-0	2109	0	-203	-0	-0	-0	-0	903	0	-403	-0	-76.9	455.57	-10.32	218.29	0	-182.02	1603.03	-0	-0	-0	300	0	200	-0
67	-0	-0	-0	1506	0	-203	-0	-0	-0	-0	2109	0	-203	-0	-0	-0	-0	903	0	-403	-0	-73.1	477.29	-21.04	219.47	0	-180.92	2301.58	-0	-0	-0	300	0	200	-0
68	-0	-0	-0	1506	0	-203	-0	-0	-0	-0	2109	0	-203	-0	-0	-0	-0	903	0	-403	-0	-69.64	497.11	-30.14	221.26	0	-180.14	3204.66	-0	-0	-0	300	0	200	-0
69	-0	-0	-0	1506	0	-203	-0	-0	-0	-0	2109	0	-203	-0	-0	-0	-0	903	0	-403	-0	-67.2	506.89	-33.05	222.89	0	-179.55	3488.8	-0	-0	-0	300	0	200	-0
70	-0	-0	-0	1506	0	-203	-0	-0	-0	-0	2109	0	-203	-0	-0	-0	-0	903	0	-403	-0	-66.11	502.27	-33.87	223.42	0	-179.08	3480.26	-0	-0	-0	300	0	200	-0
71	-0	-0	-0	1506	0	-203	-0	-0	-0	-0	2109	0	-203	-0	-0	-0	-0	903	0	-403	-0	-65.02	491.95	-30.07	224.39	0	-178.78	3183.09	-0	-0	-0	300	0	200	-0
72	-0	-0	-0	1506	0	-203	-0	-0	-0	-0	2109	0	-203	-0	-0	-0	-0	903	0	-403	-0	-61.97	479.19	-27.22	225.31	0	-178.48	2666.36	-0	-0	-0	300	0	200	-0
73	-0	-0	-0	1506	0	-203	-0	-0	-0	-0	2109	0	-203	-0	-0	-0	-0	903	0	-403	-0	-60.2	475.12	-22.4	226.33	0	-178.3	2070.33	-0	-0	-0	300	0	200	-0
74	-0	-0	-0	1506	0	-203	-0	-0	-0	-0	2109	0	-203	-0	-0	-0	-0	903	0	-403	-0	-58.1	474.04	-20.43	226.91	0	-178.01	1871.24	-0	-0	-0	300	0	200	-0
75	-0	-0	-0	1506	0	-203	-0	-0	-0	-0	2109	0	-203	-0	-0	-0	-0	903	0	-403	-0	-56.4	476.75	-20.29	228.43	0	-177.66	1711.33	-0	-0	-0	300	0	200	-0
76	-0	-0	-0	1506	0	-203	-0	-0	-0	-0	2109	0	-203	-0	-0	-0	-0	903	0	-403	-0	-53.28	478.65	-23.48	229.75	0	-177.36	1981.81	-0	-0	-0	300	0	200	-0
77	-0	-0	-0	1506	0	-203	-0	-0	-0	-0	2109	0	-203	-0	-0	-0	-0	903	0	-403	-0	-51.11	474.85	-27.69	229.83	0	-176.69	2543.48	-0	-0	-0	300	0	200	-0
78	-0	-0	-0	1506	0	-203	-0	-0	-0	-0	2109	0	-203	-0	-0	-0	-0	903	0	-403	-0	-47.04	471.32	-29.19	231.06	0	-176.31	2639.94	-0	-0	-0	300	0	200	-0
79	-0	-0	-0	1506	0	-203	-0	-0	-0	-0	2109	0	-203	-0	-0	-0	-0	903	0	-403	-0	-44.39	464.8	-29.86	231.4	0	-175.97	2874.68	-0	-0	-0	300	0	200	-0
80	-0	-0	-0	1506	0	-203	-0	-0	-0	-0	2109	0	-203	-0	0	0	0	903	0	-403	0	-41.2	460.46	-26.06	232.49	0	-176.16	2724	-0	-0	-0	300	0	200	-0
81	-0	-0	-0	1506	0	-203	-0	-0	-0	-0	2109	0	-203	-0	-0	-0	-0	903	0	-403	-0	-37.74	453.67	-22.53	234.12	0	-176.06	2376.89	-0	-0	-0	300	0	200	-0
82	-0	-0	-0	1506	0	-203	-0	-0	-0	-0	2109	0	-203	-0	-0	-0	-0	903	0	-403	-0	-35.09	446.61	-16.97	234.47	0	-175.64	2153.1	-0	-0	-0	300	0	200	-0
83	-0	-0	-0	1506	0	-203	-0	-0	-0	-0	2109	0	-203	-0	-0	-0	-0	903	0	-403	-0	-32.72	442.81	-13.98	235.84	0	-175.65	2055.54	-0	-0	-0	300	0	200	-0
84	-0	-0	-0	1506	0	-203	-0	-0	-0	-0	2109	0	-203	-0	-0	-0	-0	903	0	-403	-0	-31.15	436.84	-9.98	237.39	0	-175.56	1772.5	-0	-0	-0	300	0	200	-0
85	-0	-0	-0	1506	0	-203	-0	-0	-0	-0	2109	0	-203	-0	-0	-0	-0	903	0	-403	-0	-28.58	431.95	-9.37	238.79	0	-175.22	1896.35	-0	-0	-0	300	0	200	-0
86	-0	-0	-0	1506	0	-203	-0	-0	-0	-0	2109	0	-203	-0	-0	-0	-0	903	0	-403	-0	-27.69	425.17	-9.57	239.95	0	-174.84	2081.9	-0	-0	-0	300	0	200	-0
87	-0	-0	-0	1506	0	-203	-0	-0	-0	-0	2109	0	-203	-0	-0	-0	-0	903	0	-403	-0	-23.89	415.39	-9.37	242.33	0	-174.25	2028.8	-0	-0	-0	300	0	200	-0
88	-0	-0	-0	1506	0	-203	-0	-0	-0	-0	2109	0	-203	-0	-0	-0	-0	903	0	-403	-0	-22.74	406.98	-8.62	243.64	0	-173.58	2109.72	-0	-0	-0	300	0	200	-0
89	-0	-0	-0	1506	0	-203	-0	-0	-0	-0	2109	0	-203	-0	-0	-0	-0	903	0	-403	-0	-20.16	395.57	-6.99	245.61	0	-172.98	1890.48	-0	-0	-0	300	0	200	-0
90	-0	-0	-0	1506	0	-203	-0	-0	-0	-0	2109	0	-203	-0	-0	-0	-0	903	0	-403	-0	-17.72	382.54	-7.06	247.87	0	-171.99	1703.41	0	0	0	300	0	200	0
91	-0	-0	-0	1506	0	-203	-0	-0	-0	-0	2109	0	-203	-0	-0	-0	-0	903	0	-403	-0	-16.09	371.41	-6.58	250.5	0	-171.47	1648.47	0	0	0	300	0	200	0
92	-0	-0	-0	1506	0	-203	-0	-0	-0	-0	2109	0	-203	-0	-0	-0	-0	903	0	-403	-0	-15	360.55	-8.14	252.72	0	-170.64	1570.45	-0	-0	-0	300	0	200	-0
93	-0	-0	-0	1506	0	-203	-0	-0	-0	-0	2109	0	-203	-0	-0	-0	-0	903	0	-403	-0	-14.59	347.52	-9.23	256.18	0	-169.34	1419.65	-0	-0	-0	300	0	200	-0
94	-0	-0	-0	1506	0	-203	-0	-0	-0	-0	2109	0	-203	-0	-0	-0	-0	903	0	-403	-0	-14.59	337.2	-11.06	258.98	0	-168.23	1430.13	-0	-0	-0	300	0	200	-0
95	-0	-0	-0	1506	0	-203	-0	-0	-0	-0	2109	0	-203	-0	-0	-0	-0	903	0	-403	-0	-15.07	328.51	-12.96	262.47	0	-166.81	1290.48	-0	-0	-0	300	0	200	-0
96	-0	-0	-0	1506	0	-203	-0	-0	-0	-0	2109	0	-203	-0	-0	-0	-0	903	0	-403	-0	-14.32	316.57	-14.25	266.8	0	-165.62	1084.4	-0	-0	-0	300	0	200	-0
97	-0	-0	-0	1506	0	-203	-0	-0	-0	-0	2109	0	-203	-0	-0	-0	-0	903	0	-403	-0	-15	310.59	-14.93	270.69	0	-163.88	962.4	-0	-0	-0	300	0	200	-0
98	-0	-0	-0	1506	0	-203	-0	-0	-0	-0	2109	0	-203	-0	-0	-0	-0	903	0	-403	-0	-14.73	303.26	-15.54	274.8	0	-162.61	641.65	-0	-0	-0	300	0	200	-0
99	-0	-0	-0	1506	0	-203	-0	-0	-0	-0	2109	0	-203	-0	-0	-0	-0	903	0	-403	-0	-15.48	295.93	-17.51	280.24	0	-160.26	514.37	0	0	0	300	0	200	0
100	-0	-0	-0	1506	0	-203	-0	-0	-0	-0	2109	0	-203	-0	-0	-0	-0	903	0	-403	-0	-15.41	290.5	-18.26	284.05	0	-158.51	366.39	-0	-0	-0	300	0	200	-0
101	-0	-0	-0	1506	0	-203	-0	-0	-0	-0	2109	0	-203	-0	-0	-0	-0	903	0	-403	-0	-15.34	285.62	-20.29	288.7	0	-156.98	178.43	-0	-0	-0	300	0	200	-0
102	-0	-0	-0	1506	0	-203	-0	-0	-0	-0	2109	0	-203	-0	-0	-0	-0	903	0	-403	-0	-16.09	278.83	-21.18	294.31	0	-154.33	165.58	-0	-0	-0	300	0	200	-0
103	-0	-0	-0	1506	0	-203	-0	-0	-0	-0	2109	0	-203	-0	-0	-0	-0	903	0	-403	-0	-16.76	275.57	-22.26	299.05	0	-153.55	58.89	-0	-0	-0	300	0	200	-0
104	-0	-0	-0	1506	0	-203	-0	-0	-0	-0	2109	0	-203	-0	-0	-0	-0	903	0	-403	-0	-17.72	272.86	-21.99	303.89	0	-151.64	10.49	-0	-0	-0	300	0	200	-0
105	-0	-0	-0	1506	0	-203	-0	-0	-0	-0	2109	0	-203	-0	-0	-0	-0	903	0	-403	-0	-17.78	269.87	-21.18	309.76	0	-149.95	121.21	-0	-0	-0	300	0	200	-0
106	-0	-0	-0	1506	0	-203	-0	-0	-0	-0	2109	0	-203	-0	-0	-0	-0	903	0	-403	-0	-17.85	267.7	-19.75	314.22	0	-148.59	93.86	-0	-0	-0	300	0	200	-0
107	-0	-0	-0	1506	0	-203	-0	-0	-0	-0	2109	0	-203	-0	-0	-0	-0	903	0	-403	-0	-17.04	267.15	-18.46	318.95	0	-147.55	13.85	-0	-0	-0	300	0	200	-0
108	-0	-0	-0	1506	0	-203	-0	-0	-0	-0	2109	0	-203	-0	-0	-0	-0	903	0	-403	-0	-17.04	268.51	-17.58	323.58	0	-146.24	138.75	-0	-0	-0	300	0	200	-0
109	-0	-0	-0	1506	0	-203	-0	-0	-0	-0	2109	0	-203	-0	-0	-0	-0	903	0	-403	-0	-16.36	268.78	-17.17	327.86	0	-145.02	92.47	-0	-0	-0	300	0	200	-0
110	-0	-0	-0	1506	0	-203	-0	-0	-0	-0	2109	0	-203	-0	-0	-0	-0	903	0	-403	-0	-16.29	270.41	-17.58	332.69	0	-143.89	77.91	-0	-0	-0	300	0	200	-0
111	-0	-0	-0	1506	0	-203	-0	-0	-0	-0	2109	0	-203	-0	-0	-0	-0	903	0	-403	-0	-15.75	274.48	-17.38	336.88	0	-142.7	94.87	-0	-0	-0	300	0	200	-0
112	-0	-0	-0	1506	0	-203	-0	-0	-0	-0	2109	0	-203	-0	-0	-0	-0	903	0	-403	-0	-16.15	277.47	-18.8	340.56	0	-141.66	9.33	-0	-0	-0	300	0	200	-0
113	-0	-0	-0	1506	0	-203	-0	-0	-0	-0	2109	0	-203	-0	-0	-0	-0	903	0	-403	-0	-16.15	283.17	-18.53	343.35	0	-140.9	87.88	-0	-0	-0	300	0	200	-0
114	-0	-0	-0	1506	0	-203	-0	-0	-0	-0	2109	0	-203	-0	-0	-0	-0	903	0	-403	-0	-15.68	291.86	-19.34	347.26	0	-140.53	36.07	-0	-0	-0	300	0	200	-0
115	-0	-0	-0	1506	0	-203	-0	-0	-0	-0	2109	0	-203	-0	-0	-0	-0	903	0	-403	-0	-15.27	297.83	-19	349.69	0	-139.74	54.47	-0	-0	-0	300	0	200	-0
116	-0	-0	-0	1506	0	-203	-0	-0	-0	-0	2109	0	-203	-0	-0	-0	-0	903	0	-403	-0	-14.05	304.35	-18.94	351.34	0	-139.38	116.44	-0	-0	-0	300	0	200	-0
117	-0	-0	-0	1506	0	-203	-0	-0	-0	-0	2109	0	-203	-0	-0	-0	-0	903	0	-403	-0	-12.83	315.48	-19.55	352.94	0	-139.57	108.12	-0	-0	-0	300	0	200	-0
118	-0	-0	-0	1506	0	-203	-0	-0	-0	-0	2109	0	-203	-0	-0	-0	-0	903	0	-403	-0	-11.47	323.63	-19.68	354.12	0	-139.16	184.13	-0	-0	-0	300	0	200	-0
119	-0	-0	-0	1506	0	-203	-0	-0	-0	-0	2109	0	-203	-0	-0	-0	-0	903	0	-403	-0	-10.18	332.31	-20.57	355.37	0	-139.54	219.43	-0	-0	-0	300	0	200	-0
120	-0	-0	-0	1506	0	-203	-0	-0	-0	-0	2109	0	-203	-0	-0	-0	-0	903	0	-403	-0	-8.42	344.26	-20.84	356.65	0	-139.34	232.85	-0	-0	-0	300	0	200	-0
121	-0	-0	-0	1506	0	-203	-0	-0	-0	-0	2109	0	-203	-0	-0	-0	-0	903	0	-403	-0	-8.08	352.68	-21.58	356.94	0	-139.22	353.31	-0	-0	-0	300	0	200	-0
122	-0	-0	-0	1506	0	-203	-0	-0	-0	-0	2109	0	-203	-0	-0	-0	-0	903	0	-403	-0	-6.38	363.26	-21.04	357.86	0	-139.33	528.26	-0	-0	-0	300	0	200	-0
123	-0	-0	-0	1506	0	-203	-0	-0	-0	-0	2109	0	-203	-0	-0	-0	-0	903	0	-403	-0	-3.94	374.12	-21.11	358.17	0	-139.52	585.55	-0	-0	-0	300	0	200	-0
124	-0	-0	-0	1506	0	-203	-0	-0	-0	-0	2109	0	-203	-0	-0	-0	-0	903	0	-403	-0	-1.09	383.08	-19.95	358.72	0	-139.56	810.69	-0	-0	-0	300	0	200	-0
125	-0	-0	-0	1506	0	-203	-0	-0	-0	-0	2109	0	-203	-0	-0	-0	-0	903	0	-403	-0	1.56	394.22	-20.5	358.64	0	-140.02	928.8	-0	-0	-0	300	0	200	-0
126	-0	-0	-0	1506	0	-203	-0	-0	-0	-0	2109	0	-203	-0	-0	-0	-0	903	0	-403	-0	4.68	406.43	-20.43	359.45	0	-140.39	1029.78	-0	-0	-0	300	0	200	-0
127	-0	-0	-0	1506	0	-203	-0	-0	-0	-0	2109	0	-203	-0	-0	-0	-0	903	0	-403	-0	6.72	416.21	-21.18	360.08	0	-140.27	1264.5	-0	-0	-0	300	0	200	-0
128	-0	-0	-0	1506	0	-203	-0	-0	-0	-0	2109	0	-203	-0	-0	-0	-0	903	0	-403	-0	8.69	426.52	-22.53	360.73	0	-140.24	1322.1	-0	-0	-0	300	0	200	-0
129	-0	-0	-0	1506	0	-203	-0	-0	-0	-0	2109	0	-203	-0	-0	-0	-0	903	0	-403	-0	11.27	437.65	-22.94	361.23	0	-140.48	1450.75	-0	-0	-0	300	0	200	-0
130	-0	-0	-0	1506	0	-203	-0	-0	-0	-0	2109	0	-203	-0	-0	-0	-0	903	0	-403	-0	13.64	446.89	-23.69	361.39	0	-140.47	1576.87	-0	-0	-0	300	0	200	-0
131	-0	-0	-0	1506	0	-203	-0	-0	-0	-0	2109	0	-203	-0	-0	-0	-0	903	0	-403	-0	16.09	456.66	-23.96	361.82	0	-140.54	1858.34	-0	-0	-0	300	0	200	-0
132	-0	-0	-0	1506	0	-203	-0	-0	-0	-0	2109	0	-203	-0	0	0	0	903	0	-403	0	19.07	466.43	-25.25	362.72	0	-140.4	1899.59	-0	-0	-0	300	0	200	-0
133	-0	-0	-0	1506	0	-203	-0	-0	-0	-0	2109	0	-203	-0	-0	-0	-0	903	0	-403	-0	22.47	476.75	-25.59	362.72	0	-140.69	2125.59	0	0	0	300	0	200	0
134	-0	-0	-0	1506	0	-203	-0	-0	-0	-0	2109	0	-203	-0	-0	-0	-0	903	0	-403	-0	24.84	484.62	-26.67	363.75	0	-140.28	2190.69	-0	-0	-0	300	0	200	-0
135	-0	-0	-0	1506	0	-203	-0	-0	-0	-0	2109	0	-203	-0	-0	-0	-0	903	0	-403	-0	28.24	494.4	-28.24	364.3	0	-140.37	2291.22	0	0	0	300	0	200	0
136	-0	-0	-0	1506	0	-203	-0	-0	-0	-0	2109	0	-203	-0	-0	-0	-0	903	0	-403	-0	30.88	502.27	-29.59	364.91	0	-140.12	2434.56	-0	-0	-0	300	0	200	-0
137	-0	-0	-0	1506	0	-203	-0	-0	-0	-0	2109	0	-203	-0	-0	-0	-0	903	0	-403	-0	33.12	508.52	-31.36	365.23	0	-140.18	2454.23	0	0	0	300	0	200	0
138	-0	-0	-0	1506	0	-203	-0	-0	-0	-0	2109	0	-203	-0	-0	-0	-0	903	0	-403	-0	36.92	515.85	-32.85	365.72	0	-140.33	2524.48	-0	-0	-0	300	0	200	-0
139	-0	-0	-0	1506	0	-203	-0	-0	-0	-0	2109	0	-203	-0	-0	-0	-0	903	0	-403	-0	39.43	520.19	-33.67	366.1	0	-140.3	2635.64	-0	-0	-0	300	0	200	-0
140	-0	-0	-0	1506	0	-203	-0	-0	-0	-0	2109	0	-203	-0	-0	-0	-0	903	0	-403	-0	43.1	523.45	-34.07	366.9	0	-140.05	2610.12	-0	-0	-0	300	0	200	-0
141	-0	-0	-0	1506	0	-203	-0	-0	-0	-0	2109	0	-203	-0	-0	-0	-0	903	0	-403	-0	46.97	528.61	-35.36	367.26	0	-140.15	2707.92	-0	-0	-0	300	0	200	-0
142	-0	-0	-0	1506	0	-203	-0	-0	-0	-0	2109	0	-203	-0	-0	-0	-0	903	0	-403	-0	50.84	528.88	-35.63	367.8	0	-140.07	2770.12	-0	-0	-0	300	0	200	-0
143	-0	-0	-0	1506	0	-203	-0	-0	-0	-0	2109	0	-203	-0	-0	-0	-0	903	0	-403	-0	53.96	529.69	-36.86	368.53	0	-140.12	2668.06	-0	-0	-0	300	0	200	-0
144	-0	-0	-0	1506	0	-203	-0	-0	-0	-0	2109	0	-203	-0	-0	-0	-0	903	0	-403	-0	58.3	529.69	-37.2	368.79	0	-139.91	2718.74	-0	-0	-0	300	0	200	-0
145	-0	-0	-0	1506	0	-203	-0	-0	-0	-0	2109	0	-203	-0	-0	-0	-0	903	0	-403	-0	61.49	529.15	-37.6	369.23	0	-140.08	2724.88	-0	-0	-0	300	0	200	-0
146	-0	-0	-0	1506	0	-203	-0	-0	-0	-0	2109	0	-203	-0	-0	-0	-0	903	0	-403	-0	64.28	526.43	-37.67	369.82	0	-140.15	2727.13	-0	-0	-0	300	0	200	-0
147	-0	-0	-0	1506	0	-203	-0	-0	-0	-0	2109	0	-203	-0	-0	-0	-0	903	0	-403	-0	69.16	522.09	-37.13	370.16	0	-139.84	2699.43	-0	-0	-0	300	0	200	-0
148	-0	-0	-0	1506	0	-203	-0	-0	-0	-0	2109	0	-203	-0	-0	-0	-0	903	0	-403	-0	71.95	519.38	-36.04	370.45	0	-140.04	2760.84	-0	-0	-0	300	0	200	-0
149	-0	-0	-0	1506	0	-203	-0	-0	-0	-0	2109	0	-203	-0	-0	-0	-0	903	0	-403	-0	75.75	512.59	-34.89	371.03	0	-139.77	2656.94	-0	-0	-0	300	0	200	-0
150	-0	-0	-0	1506	0	-203	-0	-0	-0	-0	2109	0	-203	-0	-0	-0	-0	903	0	-403	-0	79.75	506.07	-33.53	371.4	0	-139.85	2711.77	-0	-0	-0	300	0	200	-0
151	-0	-0	-0	1506	0	-203	-0	-0	-0	-0	2109	0	-203	-0	-0	-0	-0	903	0	-403	-0	83.35	500.1	-32.24	371.37	0	-140.42	2695.81	-0	-0	-0	300	0	200	-0
152	-0	-0	-0	1506	0	-203	-0	-0	-0	-0	2109	0	-203	-0	-0	-0	-0	903	0	-403	-0	85.93	491.68	-31.02	371.61	0	-140.45	2573.04	0	0	0	300	0	200	0
153	-0	-0	-0	1506	0	-203	-0	-0	-0	-0	2109	0	-203	-0	-0	-0	-0	903	0	-403	-0	89.25	479.19	-29.19	372.1	0	-140.26	2537.42	-0	-0	-0	300	0	200	-0
154	-0	-0	-0	1506	0	-203	-0	-0	-0	-0	2109	0	-203	-0	-0	-0	-0	903	0	-403	-0	93.8	467.25	-27.29	372.17	0	-140.98	2446.78	-0	-0	-0	300	0	200	-0
155	-0	-0	-0	1506	0	-203	-0	-0	-0	-0	2109	0	-203	-0	-0	-0	-0	903	0	-403	-0	96.31	456.66	-25.25	371.97	0	-140.93	2343.52	-0	-0	-0	300	0	200	-0
156	-0	-0	-0	1506	0	-203	-0	-0	-0	-0	2109	0	-203	-0	-0	-0	-0	903	0	-403	-0	99.64	438.74	-22.94	372.33	0	-141.83	2321.67	-0	-0	-0	300	0	200	-0
157	-0	-0	-0	1506	0	-203	-0	-0	-0	-0	2109	0	-203	-0	-0	-0	-0	903	0	-403	-0	102.63	423.27	-20.77	372.47	0	-141.84	2091.05	-0	-0	-0	300	0	200	-0
158	-0	-0	-0	1506	0	-203	-0	-0	-0	-0	2109	0	-203	-0	-0	-0	-0	903	0	-403	-0	105.54	405.89	-18.19	372.68	0	-141.87	1930	-0	-0	-0	300	0	200	-0
159	-0	-0	-0	1506	0	-203	-0	-0	-0	-0	2109	0	-203	-0	-0	-0	-0	903	0	-403	-0	107.11	379.83	-15.07	373.1	0	-142.29	1781.01	-0	-0	-0	300	0	200	-0
160	-0	-0	-0	1506	0	-203	-0	-0	-0	-0	2109	0	-203	-0	-0	-0	-0	903	0	-403	-0	107.24	357.83	-12.62	373.96	0	-142.76	1668.43	-0	-0	-0	300	0	200	-0
161	-0	-0	-0	1506	0	-203	-0	-0	-0	-0	2109	0	-203	-0	9.23	105.88	4.41	898.05	0	-286.03	-701.63	104.46	335.84	-10.45	374.7	0	-143.37	1579.04	-0	-0	-0	300	0	200	-0
162	-0	-0	-0	1506	0	-203	-0	-0	-0	-0	2109	0	-203	-0	14.05	494.12	10.59	898.53	0	-287.72	-294.68	102.42	303.26	-7.47	376.22	0	-143.06	1307.91	-0	-0	-0	300	0	200	-0
163	-0	-0	-0	1506	0	-203	-0	-0	-0	-0	2109	0	-203	-0	-2.17	459.92	-12.08	901.08	0	-286.53	-375.48	99.64	275.84	-5.16	376.85	0	-143.5	1136.24	-0	-0	-0	300	0	200	-0
164	-0	-0	-0	1506	0	-203	-0	-0	-0	-0	2109	0	-203	-0	-21.92	336.11	-10.93	903.25	0	-284.21	-163.53	93.8	246.52	-2.85	379	0	-143.3	946.86	-0	-0	-0	300	0	200	-0
165	-0	-0	-0	1506	0	-203	-0	-0	-0	-0	2109	0	-203	-0	-37.6	314.94	-5.97	905.06	0	-283.53	-343.59	82.67	208.24	-0.68	381.6	0	-143.06	673.15	0	0	0	300	0	200	0
166	-0	-0	-0	1506	0	-203	-0	-0	-0	-0	2109	0	-203	-0	-67.4	350.5	0.68	907.6	0	-285.34	-217.8	70.93	176.47	1.43	385.89	0	-142.35	568.52	-0	-0	-0	300	0	200	-0
167	-0	-0	-0	1506	0	-203	-0	-0	-0	-0	2109	0	-203	-0	-92.44	373.85	2.92	908.68	0	-284.65	-222.37	55.25	152.04	2.38	388.99	0	-143.76	636.46	-0	-0	-0	300	0	200	-0
168	-0	-0	-0	1506	0	-203	-0	-0	-0	-0	2109	0	-203	-0	-111.18	390.41	7.06	910.07	0	-285.15	-173.73	38.01	122.72	2.65	396.09	0	-142.76	400.57	0	0	0	300	0	200	0
169	-0	-0	-0	1506	0	-203	-0	-0	-0	-0	2109	0	-203	-0	-114.16	409.96	8.28	911.31	0	-283.67	291.9	27.69	106.43	1.15	398.75	0	-142.09	337.36	-0	-0	-0	300	0	200	-0
170	-0	-0	-0	1506	0	-203	-0	-0	-0	-0	2109	0	-203	-0	-100.79	433.85	11.54	912.19	0	-284.36	480.97	21.31	92.58	-0.48	401.3	0	-141.47	205.93	0	0	0	300	0	200	0
171	-0	-0	-0	1506	0	-203	-0	-0	-0	-0	2109	0	-203	-0	-84.16	450.96	11.06	912.51	0	-284.79	553.45	12.15	77.65	-1.15	401.96	0	-143.67	132.16	-0	-0	-0	300	0	200	-0
172	-0	-0	-0	1506	0	-203	-0	-0	-0	-0	2109	0	-203	-0	-75.07	463.44	13.85	913.62	0	-285.15	562.16	8.01	65.16	-1.83	405.62	0	-142.25	100.84	0	0	0	300	0	200	0
173	-0	-0	-0	1506	0	-203	-0	-0	-0	-0	2109	0	-203	-0	-76.97	474.03	12.9	914.55	0	-285.31	484.37	5.09	53.21	-1.76	404.71	0	-144.17	34.62	-0	-0	-0	300	0	200	-0
174	-0	-0	-0	1506	0	-203	-0	-0	-0	-0	2109	0	-203	-0	-83.35	480.82	14.12	915.59	0	-284.76	414.97	2.65	36.38	-1.36	412.22	0	-143.86	-45.12	0	0	0	300	0	200	0
175	-0	-0	-0	1506	0	-203	-0	-0	-0	-0	2109	0	-203	-0	-93.06	491.41	17.44	916.58	0	-285.43	290.86	-0	-0	-0	300	0	-203	-0	-0	-0	-0	300	0	200	-0
176	-0	-0	-0	1506	0	-203	-0	-0	-0	-0	2109	0	-203	-0	-98.08	495.21	20.23	917.68	0	-285.66	308.08	-0	-0	-0	300	0	-203	-0	-0	-0	-0	300	0	200	-0
177	-0	-0	-0	1506	0	-203	-0	-0	-0	-0	2109	0	-203	-0	-99.03	502.81	23.21	918.28	0	-285.96	339.76	-0	-0	-0	300	0	-203	-0	-0	-0	-0	300	0	200	-0
178	-0	-0	-0	1506	0	-203	-0	-0	-0	-0	2109	0	-203	-0	-96.72	510.96	24.64	919.06	0	-285.2	317.96	-0	-0	-0	300	0	-203	-0	-0	-0	-0	300	0	200	-0
179	-0	-0	-0	1506	0	-203	-0	-0	-0	-0	2109	0	-203	-0	-93.33	522.63	27.49	919.63	0	-285.28	272.8	-0	-0	-0	300	0	-203	-0	-0	-0	-0	300	0	200	-0
180	-0	-0	-0	1506	0	-203	-0	-0	-0	-0	2109	0	-203	-0	-89.59	538.38	29.59	921.27	0	-286.39	-98.32	-0	-0	-0	300	0	-203	-0	-0	-0	-0	300	0	200	-0
181	-0	-0	-0	1506	0	-203	-0	-0	-0	-0	2109	0	-203	-0	-88.37	554.4	35.16	923.25	0	-287.19	-487.17	-0	-0	-0	300	0	-203	-0	-0	-0	-0	300	0	200	-0
182	-0	-0	-0	1506	0	-203	-0	-0	-0	-0	2109	0	-203	-0	-88.64	565.53	39.43	924.14	0	-287.45	-837.48	-0	-0	-0	300	0	-203	-0	-0	-0	-0	300	0	200	-0
183	-0	-0	-0	1506	0	-203	-0	-0	-0	-0	2109	0	-203	-0	-89.25	567.7	41.47	925.21	0	-287.89	-1002.02	-0	-0	-0	300	0	-203	-0	-0	-0	-0	300	0	200	-0
184	-0	-0	-0	1506	0	-203	-0	-0	-0	-0	2109	0	-203	-0	-87.76	568.79	44.25	926.28	0	-288.91	-1228.27	-0	-0	-0	300	0	-203	-0	-0	-0	-0	300	0	200	-0
185	-0	-0	-0	1506	0	-203	-0	-0	-0	-0	2109	0	-203	-0	-85.86	562.81	46.77	927.55	0	-288.44	-1096.48	-0	-0	-0	300	0	-203	-0	-0	-0	-0	300	0	200	-0
186	-0	-0	-0	1506	0	-203	-0	-0	-0	-0	2109	0	-203	-0	-81.79	561.18	48.39	928.31	0	-289.09	-1206.77	-0	-0	-0	300	0	-203	-0	0	0	0	300	0	200	0
187	-0	-0	-0	1506	0	-203	-0	-0	-0	-0	2109	0	-203	-0	-77.51	560.91	49.34	929.38	0	-289.11	-1127.16	-0	-0	-0	300	0	-203	-0	-0	-0	-0	300	0	200	-0
188	-0	-0	-0	1506	0	-203	-0	-0	-0	-0	2109	0	-203	-0	-73.17	561.45	48.87	930.19	0	-289.34	-1230.94	-0	-0	-0	300	0	-203	-0	0	0	0	300	0	200	0
189	-0	-0	-0	1506	0	-203	-0	-0	-0	-0	2109	0	-203	-0	-70.93	563.63	47.92	930.72	0	-289.75	-1148.03	-0	-0	-0	300	0	-203	-0	-0	-0	-0	300	0	200	-0
190	-0	-0	-0	1506	0	-203	-0	-0	-0	-0	2109	0	-203	-0	-66.04	563.9	46.56	931.64	0	-289.95	-1208.08	-0	-0	-0	300	0	-203	-0	-0	-0	-0	300	0	200	-0
191	-0	-0	-0	1506	0	-203	-0	-0	-0	-0	2109	0	-203	-0	-62.85	563.08	46.15	932.27	0	-290.4	-1315.77	-0	-0	-0	300	0	-203	-0	-0	-0	-0	300	0	200	-0
192	-0	-0	-0	1506	0	-203	-0	-0	-0	-0	2109	0	-203	-0	-59.25	556.84	46.09	932.87	0	-290.1	-1241.39	-0	-0	-0	300	0	-203	-0	-0	-0	-0	300	0	200	-0
193	-0	-0	-0	1506	0	-203	-0	-0	-0	-0	2109	0	-203	-0	-53.48	548.69	45.48	933.19	0	-290.54	-1385.4	-0	-0	-0	300	0	-203	-0	0	0	0	300	0	200	0
194	-0	-0	-0	1506	0	-203	-0	-0	-0	-0	2109	0	-203	-0	-48.46	537.02	44.53	933.28	0	-290.2	-1360.24	-0	-0	-0	300	0	-203	-0	-0	-0	-0	300	0	200	-0
195	-0	-0	-0	1506	0	-203	-0	-0	-0	-0	2109	0	-203	-0	-43.03	527.52	43.64	933.9	0	-290.68	-1398.03	-0	-0	-0	300	0	-203	-0	-0	-0	-0	300	0	200	-0
196	-0	-0	-0	1506	0	-203	-0	-0	-0	-0	2109	0	-203	-0	-38.21	511.77	41.54	934.4	0	-290.51	-1291.32	-0	-0	-0	300	0	-203	-0	-0	-0	-0	300	0	200	-0
197	-0	-0	-0	1506	0	-203	-0	-0	-0	-0	2109	0	-203	-0	-34.21	498.2	40.18	935.06	0	-290.66	-1302.53	-0	-0	-0	300	0	-203	-0	-0	-0	-0	300	0	200	-0
198	-0	-0	-0	1506	0	-203	-0	-0	-0	-0	2109	0	-203	-0	-32.58	484.35	38.82	935.23	0	-290.89	-1171.26	-0	-0	-0	300	0	-203	-0	-0	-0	-0	300	0	200	-0
199	-0	-0	-0	1506	0	-203	-0	-0	-0	-0	2109	0	-203	-0	-28.98	467.25	37.81	936.27	0	-290.65	-1190.82	-0	-0	-0	300	0	-203	-0	-0	-0	-0	300	0	200	-0
200	-0	-0	-0	1506	0	-203	-0	-0	-0	-0	2109	0	-203	-0	-26.74	453.94	37.33	936.63	0	-291.4	-1150.81	-0	-0	-0	300	0	-203	-0	-0	-0	-0	300	0	200	-0
201	-0	-0	-0	1506	0	-203	-0	-0	-0	-0	2109	0	-203	-0	-23.42	437.92	36.24	937.8	0	-291.38	-1229.56	-0	-0	-0	300	0	-203	-0	0	0	0	300	0	200	0
202	-0	-0	-0	1506	0	-203	-0	-0	-0	-0	2109	0	-203	-0	-20.36	419.19	36.52	938.83	0	-291.33	-1225.86	-0	-0	-0	300	0	-203	-0	-0	-0	-0	300	0	200	-0
203	-0	-0	-0	1506	0	-203	-0	-0	-0	-0	2109	0	-203	-0	-16.43	401.54	34.82	939.58	0	-291.44	-1424.34	-0	-0	-0	300	0	-203	-0	-0	-0	-0	300	0	200	-0
204	-0	-0	-0	1506	0	-203	-0	-0	-0	-0	2109	0	-203	-0	-14.05	389.05	34.89	940.58	0	-292.54	-1276.2	0	0	0	300	0	-203	0	-0	-0	-0	300	0	200	-0
205	-0	-0	-0	1506	0	-203	-0	-0	-0	-0	2109	0	-203	-0	-9.77	369.78	33.53	941.68	0	-292.71	-1345.41	-0	-0	-0	300	0	-203	-0	-0	-0	-0	300	0	200	-0
206	-0	-0	-0	1506	0	-203	-0	-0	-0	-0	2109	0	-203	-0	-6.79	354.3	32.85	943.76	0	-292.52	-1279.81	-0	-0	-0	300	0	-203	-0	-0	-0	-0	300	0	200	-0
207	-0	-0	-0	1506	0	-203	-0	-0	-0	-0	2109	0	-203	-0	-4.95	338.83	32.1	944.76	0	-292.61	-1180.83	-0	-0	-0	300	0	-203	-0	-0	-0	-0	300	0	200	-0
208	-0	-0	-0	1506	0	-203	-0	-0	-0	-0	2109	0	-203	-0	-1.97	325.52	31.43	946.94	0	-294.58	-1271.03	-0	-0	-0	300	0	-203	-0	-0	-0	-0	300	0	200	-0
209	-0	-0	-0	1506	0	-203	-0	-0	-0	-0	2109	0	-203	-0	-1.02	310.59	30.81	949.18	0	-294.69	-1264.59	-0	-0	-0	300	0	-203	-0	-0	-0	-0	300	0	200	-0
210	-0	-0	-0	1506	0	-203	-0	-0	-0	-0	2109	0	-203	-0	1.15	297.83	29.53	951.62	0	-295.01	-1438.66	-0	-0	-0	300	0	-203	-0	-0	-0	-0	300	0	200	-0
211	-0	-0	-0	1506	0	-203	-0	-0	-0	-0	2109	0	-203	-0	1.29	283.99	28.78	954.87	0	-295.57	-1467.91	-0	-0	-0	300	0	-203	-0	-0	-0	-0	300	0	200	-0
212	-0	-0	-0	1506	0	-203	-0	-0	-0	-0	2109	0	-203	-0	1.76	272.04	28.37	959.07	0	-296.28	-1450.58	-0	-0	-0	300	0	-203	-0	-0	-0	-0	300	0	200	-0
213	-0	-0	-0	1506	0	-203	-0	-0	-0	-0	2109	0	-203	-0	1.97	266.34	28.64	961.41	0	-297.83	-1392.2	0	0	0	300	0	-203	0	0	0	0	300	0	200	0
214	-0	-0	-0	1506	0	-203	-0	-0	-0	-0	2109	0	-203	-0	1.9	255.75	28.24	966.53	0	-298.27	-1296.34	-0	-0	-0	300	0	-203	-0	-0	-0	-0	300	0	200	-0
215	-0	-0	-0	1506	0	-203	-0	-0	-0	-0	2109	0	-203	-0	1.63	251.13	28.37	970.88	0	-299.64	-1142.18	-0	-0	-0	300	0	-203	-0	0	0	0	300	0	200	0
216	-0	-0	-0	1506	0	-203	-0	-0	-0	-0	2109	0	-203	-0	2.17	245.98	27.96	974.94	0	-300.05	-1202.91	-0	-0	-0	300	0	-203	-0	-0	-0	-0	300	0	200	-0
217	-0	-0	-0	1506	0	-203	-0	-0	-0	-0	2109	0	-203	-0	2.1	241.36	28.51	982.2	0	-301.63	-1012.06	-0	-0	-0	300	0	-203	-0	-0	-0	-0	300	0	200	-0
218	-0	-0	-0	1506	0	-203	-0	-0	-0	-0	2109	0	-203	-0	2.1	237.83	27.69	985.64	0	-302.73	-1010.09	-0	-0	-0	300	0	-203	-0	0	0	0	300	0	200	0
219	-0	-0	-0	1506	0	-203	-0	-0	-0	-0	2109	0	-203	-0	2.1	234.84	27.76	991.39	0	-302.87	-920.45	-0	-0	-0	300	0	-203	-0	-0	-0	-0	300	0	200	-0
220	-0	-0	-0	1506	0	-203	-0	-0	-0	-0	2109	0	-203	-0	1.49	234.84	27.62	997.38	0	-304.92	-835.48	0	0	0	300	0	-203	0	-0	-0	-0	300	0	200	-0
221	-0	-0	-0	1506	0	-203	-0	-0	-0	-0	2109	0	-203	-0	0.54	232.94	27.69	1003.77	0	-305.78	-744.51	0	0	0	300	0	-203	0	-0	-0	-0	300	0	200	-0
222	-0	-0	-0	1506	0	-203	-0	-0	-0	-0	2109	0	-203	-0	-0.27	234.03	28.51	1009.9	0	-306.88	-608.69	-0	-0	-0	300	0	-203	-0	-0	-0	-0	300	0	200	-0
223	-0	-0	-0	1506	0	-203	-0	-0	-0	-0	2109	0	-203	-0	-1.63	232.94	28.64	1017.98	0	-307.44	-459.09	-0	-0	-0	300	0	-203	-0	-0	-0	-0	300	0	200	-0
224	-0	-0	-0	1506	0	-203	-0	-0	-0	-0	2109	0	-203	-0	-2.92	237.29	29.32	1023.14	0	-309.19	-383.99	-0	-0	-0	300	0	-203	-0	-0	-0	-0	300	0	200	-0
225	-0	-0	-0	1506	0	-203	-0	-0	-0	-0	2109	0	-203	-0	-4.21	238.92	29.25	1029.42	0	-309.13	-359.57	-0	-0	-0	300	0	-203	-0	-0	-0	-0	300	0	200	-0
226	-0	-0	-0	1506	0	-203	-0	-0	-0	-0	2109	0	-203	-0	-5.7	242.72	29.53	1036.19	0	-310.95	-343.72	-0	-0	-0	300	0	-203	-0	-0	-0	-0	300	0	200	-0
227	-0	-0	-0	1506	0	-203	-0	-0	-0	-0	2109	0	-203	-0	-7.13	247.06	29.32	1041.61	0	-311.06	-360.85	-0	-0	-0	300	0	-203	-0	-0	-0	-0	300	0	200	-0
228	-0	-0	-0	1506	0	-203	-0	-0	-0	-0	2109	0	-203	-0	-8.14	251.41	29.73	1047.12	0	-311.71	-283.49	-0	-0	-0	300	0	-203	-0	-0	-0	-0	300	0	200	-0
229	-0	-0	-0	1506	0	-203	-0	-0	-0	-0	2109	0	-203	-0	-9.84	261.45	29.39	1050.76	0	-312.69	-435.2	-0	-0	-0	300	0	-203	-0	-0	-0	-0	300	0	200	-0
230	-0	-0	-0	1506	0	-203	-0	-0	-0	-0	2109	0	-203	-0	-11.33	267.15	29.53	1056.85	0	-312.29	-349.48	-0	-0	-0	300	0	-203	-0	-0	-0	-0	300	0	200	-0
231	-0	-0	-0	1506	0	-203	-0	-0	-0	-0	2109	0	-203	-0	-11.88	276.93	29.8	1059.09	0	-313.15	-469.14	-0	-0	-0	300	0	-203	-0	-0	-0	-0	300	0	200	-0
232	-0	-0	-0	1506	0	-203	-0	-0	-0	-0	2109	0	-203	-0	-12.62	288.33	28.85	1062.53	0	-313.02	-704.6	-0	-0	-0	300	0	-203	-0	-0	-0	-0	300	0	200	-0
233	-0	-0	-0	1506	0	-203	-0	-0	-0	-0	2109	0	-203	-0	-12.15	298.92	28.71	1064.54	0	-312.98	-845.29	-0	-0	-0	300	0	-203	-0	-0	-0	-0	300	0	200	-0
234	-0	-0	-0	1506	0	-203	-0	-0	-0	-0	2109	0	-203	-0	-12.22	310.32	28.24	1066.51	0	-313.04	-1064.35	-0	-0	-0	300	0	-203	-0	-0	-0	-0	300	0	200	-0
235	-0	-0	-0	1506	0	-203	-0	-0	-0	-0	2109	0	-203	-0	-12.42	324.98	28.51	1068.51	0	-312.94	-1065.7	-0	-0	-0	300	0	-203	-0	-0	-0	-0	300	0	200	-0
236	-0	-0	-0	1506	0	-203	-0	-0	-0	-0	2109	0	-203	-0	-11.95	339.1	27.9	1068.13	0	-312.87	-1324.56	-0	-0	-0	300	0	-203	-0	-0	-0	-0	300	0	200	-0
237	-0	-0	-0	1506	0	-203	-0	-0	-0	-0	2109	0	-203	-0	-10.25	349.14	28.91	1070.45	0	-311.91	-1344.5	0	0	0	300	0	-203	0	-0	-0	-0	300	0	200	-0
238	-0	-0	-0	1506	0	-203	-0	-0	-0	-0	2109	0	-203	-0	-9.71	366.79	28.44	1070.33	0	-312.04	-1555.88	-0	-0	-0	300	0	-203	-0	0	0	0	300	0	200	0
239	-0	-0	-0	1506	0	-203	-0	-0	-0	-0	2109	0	-203	-0	-7.67	376.57	27.96	1072.47	0	-311	-1735.5	-0	-0	-0	300	0	-203	-0	-0	-0	-0	300	0	200	-0
240	-0	-0	-0	1506	0	-203	-0	-0	-0	-0	2109	0	-203	-0	-6.18	391.5	27.56	1072.13	0	-311.55	-1828.65	-0	-0	-0	300	0	-203	-0	-0	-0	-0	300	0	200	-0
241	-0	-0	-0	1506	0	-203	-0	-0	-0	-0	2109	0	-203	-0	-3.12	405.62	26.4	1073.18	0	-311.12	-2125.85	-0	-0	-0	300	0	-203	-0	-0	-0	-0	300	0	200	-0
242	-0	-0	-0	1506	0	-203	-0	-0	-0	-0	2109	0	-203	-0	-0.61	418.1	26.34	1073.81	0	-310.8	-2311.87	-0	-0	-0	300	0	-203	-0	-0	-0	-0	300	0	200	-0
243	-0	-0	-0	1506	0	-203	-0	-0	-0	-0	2109	0	-203	-0	1.29	428.69	26.27	1074.19	0	-310.38	-2451.28	-0	-0	-0	300	0	-203	-0	-0	-0	-0	300	0	200	-0
244	-0	-0	-0	1506	0	-203	-0	-0	-0	-0	2109	0	-203	-0	4.55	444.71	26.06	1074.85	0	-310.36	-2705.33	-0	-0	-0	300	0	-203	-0	-0	-0	-0	300	0	200	-0
245	-0	-0	-0	1506	0	-203	-0	-0	-0	-0	2109	0	-203	-0	6.38	455.84	25.66	1075.79	0	-310.11	-2831.01	-0	-0	-0	300	0	-203	-0	-0	-0	-0	300	0	200	-0
246	-0	-0	-0	1506	0	-203	-0	-0	-0	-0	2109	0	-203	-0	9.91	465.35	26.2	1077.19	0	-309.52	-2946.52	-0	-0	-0	300	0	-203	-0	-0	-0	-0	300	0	200	-0
247	-0	-0	-0	1506	0	-203	-0	-0	-0	-0	2109	0	-203	-0	13.71	480.82	26.74	1076.94	0	-309.98	-3136.79	-0	-0	-0	300	0	-203	-0	-0	-0	-0	300	0	200	-0
248	-0	-0	-0	1506	0	-203	-0	-0	-0	-0	2109	0	-203	-0	16.43	492.22	27.35	1077.48	0	-310.06	-3182.57	-0	-0	-0	300	0	-203	-0	0	0	0	300	0	200	0
249	-0	-0	-0	1506	0	-203	-0	-0	-0	-0	2109	0	-203	-0	19.48	503.35	28.1	1077.62	0	-310.09	-3283.38	-0	-0	-0	300	0	-203	-0	-0	-0	-0	300	0	200	-0
250	-0	-0	-0	1506	0	-203	-0	-0	-0	-0	2109	0	-203	-0	23.82	513.13	29.39	1079.54	0	-309.27	-3386.9	-0	-0	-0	300	0	-203	-0	-0	-0	-0	300	0	200	-0
251	-0	-0	-0	1506	0	-203	-0	-0	-0	-0	2109	0	-203	-0	26.81	525.89	30.95	1078.98	0	-309.95	-3324.94	-0	-0	-0	300	0	-203	-0	-0	-0	-0	300	0	200	-0
252	-0	-0	-0	1506	0	-203	-0	-0	-0	-0	2109	0	-203	-0	30.2	531.59	32.04	1080.41	0	-309.36	-3421.35	-0	-0	-0	300	0	-203	-0	-0	-0	-0	300	0	200	-0
253	-0	-0	-0	1506	0	-203	-0	-0	-0	-0	2109	0	-203	-0	34.55	543.81	35.09	1080.53	0	-309.82	-3161.03	-0	-0	-0	300	0	-203	-0	-0	-0	-0	300	0	200	-0
254	-0	-0	-0	1506	0	-203	-0	-0	-0	-0	2109	0	-203	-0	37.81	549.24	36.65	1081.32	0	-309.91	-3107.06	-0	-0	-0	300	0	-203	-0	-0	-0	-0	300	0	200	-0
255	-0	-0	-0	1506	0	-203	-0	-0	-0	-0	2109	0	-203	-0	41.61	556.03	38.76	1081.77	0	-309.73	-3091.08	-0	-0	-0	300	0	-203	-0	-0	-0	-0	300	0	200	-0
256	-0	-0	-0	1506	0	-203	-0	-0	-0	-0	2109	0	-203	-0	46.15	562.81	41	1081.6	0	-309.83	-2901.91	-0	-0	-0	300	0	-203	-0	-0	-0	-0	300	0	200	-0
257	-0	-0	-0	1506	0	-203	-0	-0	-0	-0	2109	0	-203	-0	50.57	564.71	42.83	1082.85	0	-309.68	-2798.15	-0	-0	-0	300	0	-203	-0	-0	-0	-0	300	0	200	-0
258	-0	-0	-0	1506	0	-203	-0	-0	-0	-0	2109	0	-203	-0	54.37	569.6	43.78	1082.45	0	-310.16	-2764.68	-0	-0	-0	300	0	-203	-0	-0	-0	-0	300	0	200	-0
259	-0	-0	-0	1506	0	-203	-0	-0	-0	-0	2109	0	-203	-0	59.39	567.43	45.68	1084.33	0	-309.66	-2566.7	-0	-0	-0	300	0	-203	-0	-0	-0	-0	300	0	200	-0
260	-0	-0	-0	1506	0	-203	-0	-0	-0	-0	2109	0	-203	-0	63.26	569.06	46.83	1084.24	0	-310.03	-2406.35	-0	-0	-0	300	0	-203	-0	-0	-0	-0	300	0	200	-0
261	-0	-0	-0	1506	0	-203	-0	-0	-0	-0	2109	0	-203	-0	67.06	567.97	47.65	1084.15	0	-310.26	-2298.98	-0	-0	-0	300	0	-203	-0	-0	-0	-0	300	0	200	-0
262	-0	-0	-0	1506	0	-203	-0	-0	-0	-0	2109	0	-203	-0	71.4	564.17	48.67	1085.37	0	-309.76	-2173.23	-0	-0	-0	300	0	-203	-0	-0	-0	-0	300	0	200	-0
263	-0	-0	-0	1506	0	-203	-0	-0	-0	-0	2109	0	-203	-0	75.07	558.74	48.46	1086.06	0	-309.72	-2151.37	-0	-0	-0	300	0	-203	-0	0	0	0	300	0	200	0
264	-0	-0	-0	1506	0	-203	-0	-0	-0	-0	2109	0	-203	-0	78.8	555.21	49.14	1086.3	0	-310.04	-1949.74	-0	-0	-0	300	0	-203	-0	-0	-0	-0	300	0	200	-0
265	-0	-0	-0	1506	0	-203	-0	-0	-0	-0	2109	0	-203	-0	82.53	548.15	49.01	1086.6	0	-309.88	-1770.79	-0	-0	-0	300	0	-203	-0	-0	-0	-0	300	0	200	-0
266	-0	-0	-0	1506	0	-203	-0	-0	-0	-0	2109	0	-203	-0	85.93	541.91	48.46	1086.86	0	-310.05	-1691.88	-0	-0	-0	300	0	-203	-0	-0	-0	-0	300	0	200	-0
267	-0	-0	-0	1506	0	-203	-0	-0	-0	-0	2109	0	-203	-0	89.59	532.13	47.92	1087.51	0	-309.9	-1530.18	-0	-0	-0	300	0	-203	-0	-0	-0	-0	300	0	200	-0
268	-0	-0	-0	1506	0	-203	-0	-0	-0	-0	2109	0	-203	-0	94.62	520.73	47.31	1087.4	0	-309.42	-1397.41	-0	-0	-0	300	0	-203	-0	-0	-0	-0	300	0	200	-0
269	-0	-0	-0	1506	0	-203	-0	-0	-0	-0	2109	0	-203	-0	97.67	512.86	46.49	1087.91	0	-310.97	-1090.9	-0	-0	-0	300	0	-203	-0	-0	-0	-0	300	0	200	-0
270	-0	-0	-0	1506	0	-203	-0	-0	-0	-0	2109	0	-203	-0	100.52	499.01	44.86	1088.13	0	-309.8	-1121.45	-0	-0	-0	300	0	-203	-0	-0	-0	-0	300	0	200	-0
271	-0	-0	-0	1506	0	-203	-0	-0	-0	-0	2109	0	-203	-0	104.46	488.15	43.24	1087.72	0	-311.34	-811.72	0	0	0	300	0	-203	0	-0	-0	-0	300	0	200	-0
272	-0	-0	-0	1506	0	-203	-0	-0	-0	-0	2109	0	-203	-0	107.51	463.99	40.79	1088.04	0	-308.53	-968.7	-0	-0	-0	300	0	-203	-0	-0	-0	-0	300	0	200	-0
273	-0	-0	-0	1506	0	-203	-0	-0	-0	-0	2109	0	-203	-0	110.57	454.49	38.96	1086.66	0	-310.29	-676.6	-0	-0	-0	300	0	-203	-0	-0	-0	-0	300	0	200	-0
274	-0	-0	-0	1506	0	-203	-0	-0	-0	-0	2109	0	-203	-0	111.92	424.35	35.7	1087.06	0	-308.71	-680.57	-0	-0	-0	300	0	-203	-0	-0	-0	-0	300	0	200	-0
275	9.63	119.14	1.69	1598.37	0	-157.41	-359.03	-0	-0	-0	2109	0	-203	-0	114.03	407.24	33.19	1087.03	0	-310.75	-484.26	-0	-0	-0	300	0	-203	-0	0	0	0	300	0	200	0
276	25.03	429.48	12.48	1605.76	0	-158.42	-1581.92	-0	-0	-0	2109	0	-203	-0	114.3	382.54	29.66	1088.46	0	-310.23	-632.14	-0	-0	-0	300	0	-203	-0	-0	-0	-0	300	0	200	-0
277	8.79	380.86	42.17	1610.7	0	-161.75	-28.57	-0	-0	-0	2109	0	-203	-0	111.04	348.6	25.32	1089.51	0	-309.67	-601.2	-0	-0	-0	300	0	-203	-0	-0	-0	-0	300	0	200	-0
278	-15.15	289.65	35.2	1614.83	0	-159.43	345.8	-0	-0	-0	2109	0	-203	-0	107.24	318.47	22.33	1090.74	0	-309.28	-667.36	-0	-0	-0	300	0	-203	-0	-0	-0	-0	300	0	200	-0
279	-28.33	276.17	27.14	1617.63	0	-159.66	141.59	-0	-0	-0	2109	0	-203	-0	100.59	286.7	18.39	1090.42	0	-307.85	-828.17	-0	-0	-0	300	0	-203	-0	-0	-0	-0	300	0	200	-0
280	-44.73	303.12	20.37	1619.16	0	-160.11	243.2	-0	-0	-0	2109	0	-203	-0	88.85	246.79	13.24	1094.41	0	-308.44	-763.34	-0	-0	-0	300	0	-203	-0	-0	-0	-0	300	0	200	-0
281	-67.71	333.84	15.06	1625.35	0	-157.6	720.84	-0	-0	-0	2109	0	-203	-0	77.65	213.4	8.48	1094.5	0	-306.51	-865	-0	-0	-0	300	0	-203	-0	-0	-0	-0	300	0	200	-0
282	-82.82	360.79	13.15	1628.32	0	-157.48	1393.77	-0	-0	-0	2109	0	-203	-0	57.29	186.52	5.16	1101.32	0	-306.5	-736.43	-0	-0	-0	300	0	-203	-0	-0	-0	-0	300	0	200	-0
283	-94.39	380.85	10.56	1629.63	0	-156.44	1301.09	-0	-0	-0	2109	0	-203	-0	44.05	152.31	1.7	1102.76	0	-305.66	-577.08	-0	-0	-0	300	0	-203	-0	-0	-0	-0	300	0	200	-0
284	-85.39	406.87	9.77	1626.94	0	-157.75	1065.31	-0	-0	-0	2109	0	-203	-0	37.06	132.22	0.48	1109.54	0	-305.68	-633.09	-0	-0	-0	300	0	-203	-0	-0	-0	-0	300	0	200	-0
285	-71.57	410.01	8.8	1628.55	0	-155.82	551.67	-0	-0	-0	2109	0	-203	-0	30.2	115.66	0.14	1112.04	0	-305.1	-753.1	-0	-0	-0	300	0	-203	-0	-0	-0	-0	300	0	200	-0
286	-58.55	424.11	9.93	1626.1	0	-157.88	447.64	-0	-0	-0	2109	0	-203	-0	20.16	96.92	0.07	1115.02	0	-305.81	-765.64	-0	-0	-0	300	0	-203	-0	-0	-0	-0	300	0	200	-0
287	-51.64	421.61	6.22	1628.79	0	-155.18	500.46	-0	-0	-0	2109	0	-203	-0	13.85	80.91	0.27	1115.24	0	-304.81	-664.11	-0	-0	-0	300	0	-203	-0	-0	-0	-0	300	0	200	-0
288	-57.43	430.4	0.59	1628.26	0	-155.04	635.73	-0	-0	-0	2109	0	-203	-0	9.5	67.33	0.88	1114.6	0	-304.06	-300.04	-0	-0	-0	300	0	-203	-0	0	0	0	300	0	200	0
289	-66.26	426.65	-11.33	1633.05	0	-151.55	1344.67	-0	-0	-0	2109	0	-203	-0	6.65	53.21	1.29	1105.16	0	-306.84	-61.69	-0	-0	-0	300	0	-203	-0	-0	-0	-0	300	0	200	-0
290	-77.19	438.57	-20.68	1634.4	0	-150.54	1415.66	-0	-0	-0	2109	0	-203	-0	3.73	36.92	1.76	1131.98	0	-310.74	-64.47	-0	-0	-0	300	0	-203	-0	0	0	0	300	0	200	0
291	-86.35	449.55	-29.19	1637.13	0	-148.63	2723.72	-0	-0	-0	2109	0	-203	-0	2.17	31.22	2.24	1109.74	0	-327.46	-73.38	-0	-0	-0	300	0	-203	-0	-0	-0	-0	300	0	200	-0
292	-91.97	458.96	-38.55	1641.23	0	-145.8	2389.6	-0	-0	-0	2109	0	-203	-0	-0	-0	-0	903	0	-403	-0	-0	-0	-0	300	0	-203	-0	-0	-0	-0	300	0	200	-0
293	-90.36	473.7	-42.72	1643.14	0	-145.38	3709.04	-0	-0	-0	2109	0	-203	-0	-0	-0	-0	903	0	-403	-0	-0	-0	-0	300	0	-203	-0	-0	-0	-0	300	0	200	-0
294	-88.91	488.44	-49	1644.15	0	-144.11	3489.36	-0	-0	-0	2109	0	-203	-0	-0	-0	-0	903	0	-403	-0	-0	-0	-0	300	0	-203	-0	-0	-0	-0	300	0	200	-0
295	-85.21	485.94	-49.96	1647.81	0	-142.05	3473.26	-0	-0	-0	2109	0	-203	-0	-0	-0	-0	903	0	-403	-0	-0	-0	-0	300	0	-203	-0	-0	-0	-0	300	0	200	-0
296	-85.21	494.4	-48.52	1647.28	0	-141.96	3550.29	-0	-0	-0	2109	0	-203	-0	-0	-0	-0	903	0	-403	-0	-0	-0	-0	300	0	-203	-0	-0	-0	-0	300	0	200	-0
297	-82.64	494.71	-45.3	1647.32	0	-142.22	3376.45	-0	-0	-0	2109	0	-203	-0	-0	-0	-0	903	0	-403	-0	-0	-0	-0	300	0	-203	-0	-0	-0	-0	300	0	200	-0
298	-81.36	496.91	-47.08	1648.71	0	-141.07	3106	-0	-0	-0	2109	0	-203	-0	-0	-0	-0	903	0	-403	-0	-0	-0	-0	300	0	-203	-0	0	0	0	300	0	200	0
299	-79.75	503.49	-46.93	1647.62	0	-142.54	2788.13	-0	-0	-0	2109	0	-203	-0	-0	-0	-0	903	0	-403	-0	-0	-0	-0	300	0	-203	-0	-0	-0	-0	300	0	200	-0
300	-76.21	509.14	-47.72	1650.08	0	-140.92	3207.58	-0	-0	-0	2109	0	-203	-0	-0	-0	-0	903	0	-403	-0	-0	-0	-0	300	0	-203	-0	-0	-0	-0	300	0	200	-0
301	-73.16	520.74	-47.56	1648.47	0	-141.63	3180.43	-0	-0	-0	2109	0	-203	-0	-0	-0	-0	903	0	-403	-0	0	0	0	300	0	-203	0	-0	-0	-0	300	0	200	-0
302	-68.33	527.01	-48.03	1648.64	0	-140.98	4201.86	-0	-0	-0	2109	0	-203	-0	-0	-0	-0	903	0	-403	-0	-0	-0	-0	300	0	-203	-0	-0	-0	-0	300	0	200	-0
303	-64.64	526.07	-49.66	1649.83	0	-140.37	3080.03	-0	-0	-0	2109	0	-203	-0	-0	-0	-0	903	0	-403	-0	-0	-0	-0	300	0	-203	-0	-0	-0	-0	300	0	200	-0
304	-58.85	528.89	-48.36	1649.47	0	-141.08	3318.64	-0	-0	-0	2109	0	-203	-0	-0	-0	-0	903	0	-403	-0	-0	-0	-0	300	0	-203	-0	-0	-0	-0	300	0	200	-0
305	-55.15	522.93	-47.23	1652.29	0	-140.78	3150.23	-0	-0	-0	2109	0	-203	-0	-0	-0	-0	903	0	-403	-0	-0	-0	-0	300	0	-203	-0	-0	-0	-0	300	0	200	-0
306	-51.62	524.18	-44.98	1649.87	0	-142.87	2798.26	-0	-0	-0	2109	0	-203	-0	-0	-0	-0	903	0	-403	-0	-0	-0	-0	300	0	-203	-0	-0	-0	-0	300	0	200	-0
307	-46.32	518.54	-43.06	1650.72	0	-142.04	2366.48	-0	-0	-0	2109	0	-203	-0	-0	-0	-0	903	0	-403	-0	0	0	0	300	0	-203	0	-0	-0	-0	300	0	200	-0
308	-44.39	516.34	-39.68	1649.2	0	-141.98	2488.2	-0	-0	-0	2109	0	-203	-0	-0	-0	-0	903	0	-403	-0	-0	-0	-0	300	0	-203	-0	-0	-0	-0	300	0	200	-0
309	-41.33	508.5	-38.55	1650.59	0	-142.04	2408.07	-0	-0	-0	2109	0	-203	-0	-0	-0	-0	903	0	-403	-0	-0	-0	-0	300	0	-203	-0	-0	-0	-0	300	0	200	-0
310	-38.6	499.73	-37.59	1650.63	0	-141.64	2323.5	-0	-0	-0	2109	0	-203	-0	0	0	0	903	0	-403	0	0	0	0	300	0	-203	0	0	0	0	300	0	200	0
311	-34.74	485.63	-34.21	1651.73	0	-140.69	2298.65	-0	-0	-0	2109	0	-203	-0	-0	-0	-0	903	0	-403	-0	-0	-0	-0	300	0	-203	-0	-0	-0	-0	300	0	200	-0
312	-33.14	474.33	-32.93	1653.51	0	-141.3	1995.85	-0	-0	-0	2109	0	-203	-0	-0	-0	-0	903	0	-403	-0	0	0	0	300	0	-203	0	0	0	0	300	0	200	0
313	-30.24	466.5	-30.68	1652.39	0	-141.56	1946.7	-0	-0	-0	2109	0	-203	-0	0	0	0	903	0	-403	0	-0	-0	-0	300	0	-203	-0	0	0	0	300	0	200	0
314	-26.71	448.32	-27.93	1655.07	0	-139.62	2399.39	-0	-0	-0	2109	0	-203	-0	-0	-0	-0	903	0	-403	-0	-0	-0	-0	300	0	-203	-0	-0	-0	-0	300	0	200	-0
315	-24.46	442.05	-26.65	1653.18	0	-140.46	2284.85	-0	-0	-0	2109	0	-203	-0	-0	-0	-0	903	0	-403	-0	-0	-0	-0	300	0	-203	-0	-0	-0	-0	300	0	200	-0
316	-21.4	424.81	-25.85	1656.69	0	-140.05	2453.18	-0	-0	-0	2109	0	-203	-0	-0	-0	-0	903	0	-403	-0	-0	-0	-0	300	0	-203	-0	-0	-0	-0	300	0	200	-0
317	-20.28	410.39	-24.88	1656.62	0	-138.09	2576.11	-0	-0	-0	2109	0	-203	-0	-0	-0	-0	903	0	-403	-0	-0	-0	-0	300	0	-203	-0	-0	-0	-0	300	0	200	-0
318	-16.42	396.6	-24.73	1657.27	0	-139.05	2153.41	-0	-0	-0	2109	0	-203	-0	-0	-0	-0	903	0	-403	-0	-0	-0	-0	300	0	-203	-0	-0	-0	-0	300	0	200	-0
319	-13.68	378.43	-26.36	1658.26	0	-135.4	1669.62	-0	-0	-0	2109	0	-203	-0	-0	-0	-0	903	0	-403	-0	-0	-0	-0	300	0	-203	-0	-0	-0	-0	300	0	200	-0
320	-11.11	368.39	-25.39	1659.68	0	-136.29	1957.78	-0	-0	-0	2109	0	-203	-0	-0	-0	-0	903	0	-403	-0	-0	-0	-0	300	0	-203	-0	-0	-0	-0	300	0	200	-0
321	-10.14	347.4	-27.18	1662.43	0	-132.41	1547.71	-0	-0	-0	2109	0	-203	-0	-0	-0	-0	903	0	-403	-0	-0	-0	-0	300	0	-203	-0	-0	-0	-0	300	0	200	-0
322	-9.66	331.41	-26.88	1667.21	0	-132.93	852.79	-0	-0	-0	2109	0	-203	-0	-0	-0	-0	903	0	-403	-0	-0	-0	-0	300	0	-203	-0	-0	-0	-0	300	0	200	-0
323	-9.66	318.87	-27.04	1668.43	0	-131.15	1458.34	-0	-0	-0	2109	0	-203	-0	-0	-0	-0	903	0	-403	-0	-0	-0	-0	300	0	-203	-0	-0	-0	-0	300	0	200	-0
324	-8.69	305.4	-28.66	1668.57	0	-128.12	1081.21	-0	-0	-0	2109	0	-203	-0	-0	-0	-0	903	0	-403	-0	-0	-0	-0	300	0	-203	-0	-0	-0	-0	300	0	200	-0
325	-8.53	291.29	-29.48	1674.97	0	-127.09	1166.64	-0	-0	-0	2109	0	-203	-0	-0	-0	-0	903	0	-403	-0	-0	-0	-0	300	0	-203	-0	-0	-0	-0	300	0	200	-0
326	-7.88	284.4	-28.85	1672.11	0	-125.41	1019.98	-0	-0	-0	2109	0	-203	-0	-0	-0	-0	903	0	-403	-0	-0	-0	-0	300	0	-203	-0	0	0	0	300	0	200	0
327	-6.6	264.65	-30.95	1684.98	0	-121.57	716.12	-0	-0	-0	2109	0	-203	-0	-0	-0	-0	903	0	-403	-0	-0	-0	-0	300	0	-203	-0	-0	-0	-0	300	0	200	-0
328	-7.56	260.89	-32.58	1686.42	0	-119.83	543.81	-0	-0	-0	2109	0	-203	-0	-0	-0	-0	903	0	-403	-0	-0	-0	-0	300	0	-203	-0	-0	-0	-0	300	0	200	-0
329	-6.75	243.97	-32.76	1694.99	0	-115.34	-54.32	-0	-0	-0	2109	0	-203	-0	-0	-0	-0	903	0	-403	-0	-0	-0	-0	300	0	-203	-0	-0	-0	-0	300	0	200	-0
330	-8.35	240.84	-34.86	1695.55	0	-112.43	467.8	-0	-0	-0	2109	0	-203	-0	-0	-0	-0	903	0	-403	-0	-0	-0	-0	300	0	-203	-0	-0	-0	-0	300	0	200	-0
331	-6.1	232.06	-34.23	1697.78	0	-112.12	424.71	-0	-0	-0	2109	0	-203	-0	-0	-0	-0	903	0	-403	-0	-0	-0	-0	300	0	-203	-0	0	0	0	300	0	200	0
332	-4.81	221.4	-34.88	1711.26	0	-108.23	-91.15	-0	-0	-0	2109	0	-203	-0	-0	-0	-0	903	0	-403	-0	-0	-0	-0	300	0	-203	-0	-0	-0	-0	300	0	200	-0
333	-6.74	223.28	-33.92	1706.86	0	-108.81	394.1	-0	-0	-0	2109	0	-203	-0	-0	-0	-0	903	0	-403	-0	-0	-0	-0	300	0	-203	-0	-0	-0	-0	300	0	200	-0
334	-2.56	211.37	-32.96	1719.13	0	-103.65	150.15	-0	-0	-0	2109	0	-203	-0	-0	-0	-0	903	0	-403	-0	-0	-0	-0	300	0	-203	-0	-0	-0	-0	300	0	200	-0
335	-4.65	211.68	-32.98	1718.05	0	-103.62	-496.1	-0	-0	-0	2109	0	-203	-0	-0	-0	-0	903	0	-403	-0	-0	-0	-0	300	0	-203	-0	-0	-0	-0	300	0	200	-0
336	-2.56	211.99	-31.21	1724.42	0	-102.12	-68.81	-0	-0	-0	2109	0	-203	-0	-0	-0	-0	903	0	-403	-0	-0	-0	-0	300	0	-203	-0	-0	-0	-0	300	0	200	-0
337	-3.36	206.98	-32.03	1732.55	0	-96.24	-629.71	-0	-0	-0	2109	0	-203	-0	-0	-0	-0	903	0	-403	-0	-0	-0	-0	300	0	-203	-0	-0	-0	-0	300	0	200	-0
338	-1.91	208.23	-28.63	1739.96	0	-96.82	213.39	-0	-0	-0	2109	0	-203	-0	-0	-0	-0	903	0	-403	-0	0	0	0	300	0	-203	0	-0	-0	-0	300	0	200	-0
339	-0.79	212.94	-31.55	1733.56	0	-95.06	-770.23	-0	-0	-0	2109	0	-203	-0	-0	-0	-0	903	0	-403	-0	-0	-0	-0	300	0	-203	-0	-0	-0	-0	300	0	200	-0
340	0.66	215.13	-29.77	1739.45	0	-95.94	-190.72	-0	-0	-0	2109	0	-203	-0	-0	-0	-0	903	0	-403	-0	-0	-0	-0	300	0	-203	-0	-0	-0	-0	300	0	200	-0
341	0.18	220.46	-29.29	1743.64	0	-92.79	-241.52	-0	-0	-0	2109	0	-203	-0	-0	-0	-0	903	0	-403	-0	-0	-0	-0	300	0	-203	-0	-0	-0	-0	300	0	200	-0
342	-0.63	225.79	-29.14	1742.59	0	-93.52	-357.32	-4.96	31.92	0.48	1826.98	0	-105.78	-291.74	-0	-0	-0	903	0	-403	-0	-0	-0	-0	300	0	-203	-0	-0	-0	-0	300	0	200	-0
343	0.18	228.93	-28	1748.28	0	-89.86	37.68	-5.76	35.68	0.32	1838.07	0	-116.23	-520.17	-0	-0	-0	903	0	-403	-0	-0	-0	-0	300	0	-203	-0	-0	-0	-0	300	0	200	-0
344	2.75	235.21	-27.36	1748.75	0	-89.54	-408.02	-6.72	39.12	-0.8	1843.11	0	-112.75	-171.88	-0	-0	-0	903	0	-403	-0	-0	-0	-0	300	0	-203	-0	-0	-0	-0	300	0	200	-0
345	3.71	240.85	-27.67	1750.03	0	-91.33	138.26	-5.92	40.69	-1.12	1822.02	0	-117.52	-246.07	-0	-0	-0	903	0	-403	-0	-0	-0	-0	300	0	-203	-0	-0	-0	-0	300	0	200	-0
346	6.28	253.08	-27.2	1742.94	0	-92.62	-689.66	-7.68	49.14	-1.76	1865.8	0	-119.86	-154.56	-0	-0	-0	903	0	-403	-0	0	0	0	300	0	-203	0	-0	-0	-0	300	0	200	-0
347	7.89	256.2	-27.84	1750.63	0	-94.67	-416.94	-8.16	51.02	-1.76	1837.5	0	-115.55	-253.25	-0	-0	-0	903	0	-403	-0	-0	-0	-0	300	0	-203	-0	-0	-0	-0	300	0	200	-0
348	7.09	264.05	-26.56	1746.78	0	-94.09	-427.23	-9.6	54.46	-2.56	1849.92	0	-115.57	-96.5	-0	-0	-0	903	0	-403	-0	-0	-0	-0	300	0	-203	-0	-0	-0	-0	300	0	200	-0
349	11.27	272.83	-28.64	1748.05	0	-95.2	-526.21	-9.6	54.77	-4.16	1822.85	0	-108.55	50.59	-0	-0	-0	903	0	-403	-0	-0	-0	-0	300	0	-203	-0	-0	-0	-0	300	0	200	-0
350	12.23	282.24	-26.71	1743.26	0	-94.73	-361.66	-9.44	59.15	-3.51	1839.93	0	-109.95	-330.06	-0	-0	-0	903	0	-403	-0	-0	-0	-0	300	0	-203	-0	-0	-0	-0	300	0	200	-0
351	14.48	284.43	-23.79	1748.21	0	-94.15	480.65	-10.08	62.91	-5.11	1825.65	0	-109.55	-108.59	-0	-0	-0	903	0	-403	-0	-0	-0	-0	300	0	-203	-0	-0	-0	-0	300	0	200	-0
352	14.16	293.21	-23.64	1745.18	0	-94.82	601.23	-9.76	70.1	-5.27	1845.13	0	-110.15	-283.97	-0	-0	-0	903	0	-403	-0	-0	-0	-0	300	0	-203	-0	-0	-0	-0	300	0	200	-0
353	18.18	299.48	-21.37	1746.26	0	-95.96	858.61	-11.04	73.86	-6.55	1847.54	0	-109.6	-80.31	-0	-0	-0	903	0	-403	-0	-0	-0	-0	300	0	-203	-0	-0	-0	-0	300	0	200	-0
354	21.23	307	-22.03	1745.35	0	-96.24	-71.81	-10.72	78.24	-7.67	1844.78	0	-113.6	-114.12	-0	-0	-0	903	0	-403	-0	-0	-0	-0	300	0	-203	-0	-0	-0	-0	300	0	200	-0
355	22.52	312.33	-20.4	1743.67	0	-96.49	647.13	-10.88	80.43	-8.78	1833.98	0	-106.88	-46.03	0	0	0	903	0	-403	0	-0	-0	-0	300	0	-203	-0	-0	-0	-0	300	0	200	-0
356	23.96	316.72	-20.56	1747.33	0	-97.03	482.76	-11.36	89.2	-8.78	1845.29	0	-112.12	-625.6	-0	-0	-0	903	0	-403	-0	-0	-0	-0	300	0	-203	-0	-0	-0	-0	300	0	200	-0
357	26.7	324.24	-18.47	1746.01	0	-98.02	429.07	-11.68	91.07	-11.82	1832.68	0	-106.51	542.16	-0	-0	-0	903	0	-403	-0	-0	-0	-0	300	0	-203	-0	-0	-0	-0	300	0	200	-0
358	29.75	328	-16.04	1746.38	0	-97.72	1143.27	-13.12	97.33	-11.34	1840.75	0	-110.94	-369.96	-0	-0	-0	903	0	-403	-0	-0	-0	-0	300	0	-203	-0	0	0	0	300	0	200	0
359	32.48	328.95	-18.47	1749.33	0	-95.29	110.5	-12.16	99.83	-13.25	1840.4	0	-108.15	70.04	-0	-0	-0	903	0	-403	-0	-0	-0	-0	300	0	-203	-0	-0	-0	-0	300	0	200	-0
360	35.86	337.73	-16.36	1746.09	0	-96.9	1147.01	-12.97	106.1	-14.53	1838.19	0	-110.07	94.32	-0	-0	-0	903	0	-403	-0	-0	-0	-0	300	0	-203	-0	-0	-0	-0	300	0	200	-0
361	37.14	342.12	-15.23	1746.85	0	-95.47	978.68	-12.33	108.91	-15.81	1836.83	0	-104.41	229.78	-0	-0	-0	903	0	-403	-0	-0	-0	-0	300	0	-203	-0	-0	-0	-0	300	0	200	-0
362	39.88	352.46	-15.07	1744.24	0	-97.63	925.88	-13.45	115.8	-16.28	1838.52	0	-108.53	-368.64	-0	-0	-0	903	0	-403	-0	-0	-0	-0	300	0	-203	-0	-0	-0	-0	300	0	200	-0
363	44.22	349.33	-16.69	1749.5	0	-95.62	116.15	-13.13	121.43	-17.88	1844.99	0	-110.45	-80.46	-0	-0	-0	903	0	-403	-0	-0	-0	-0	300	0	-203	-0	-0	-0	-0	300	0	200	-0
364	48.07	356.55	-15.56	1746.32	0	-96.69	345.17	-13.29	127.06	-18.52	1845.79	0	-106.52	-134.14	-0	-0	-0	903	0	-403	-0	0	0	0	300	0	-203	0	-0	-0	-0	300	0	200	-0
365	50.33	356.86	-17.48	1748.7	0	-95.46	426.34	-12.17	129.88	-19.64	1838.91	0	-107.57	-144.36	-0	-0	-0	903	0	-403	-0	-0	-0	-0	300	0	-203	-0	-0	-0	-0	300	0	200	-0
366	54.02	364.7	-17.32	1746.89	0	-97.03	183.16	-13.13	133.95	-20.6	1837.88	0	-106.05	324.43	-0	-0	-0	903	0	-403	-0	-0	-0	-0	300	0	-203	-0	-0	-0	-0	300	0	200	-0
367	54.99	365.64	-17.31	1747.94	0	-96.58	1111.85	-12.33	140.84	-20.6	1843.42	0	-110.26	-424.78	-0	-0	-0	903	0	-403	-0	-0	-0	-0	300	0	-203	-0	-0	-0	-0	300	0	200	-0
368	59.17	369.09	-18.11	1744.69	0	-96.56	869.83	-12.33	142.4	-21.56	1840.61	0	-105.53	103.16	-0	-0	-0	903	0	-403	-0	-0	-0	-0	300	0	-203	-0	-0	-0	-0	300	0	200	-0
369	62.06	365.96	-20.21	1752.94	0	-94.28	349.44	-11.21	146.16	-21.88	1835.04	0	-110.19	-151.02	-0	-0	-0	903	0	-403	-0	-0	-0	-0	300	0	-203	-0	-0	-0	-0	300	0	200	-0
370	65.6	369.1	-21.82	1746.88	0	-94.39	-73.77	-11.37	146.47	-22.84	1835.13	0	-106.86	438.38	-0	-0	-0	903	0	-403	-0	-0	-0	-0	300	0	-203	-0	-0	-0	-0	300	0	200	-0
371	69.46	367.84	-21.16	1748.21	0	-95.37	774.89	-9.93	153.67	-23.16	1837.42	0	-108.28	32.6	-0	-0	-0	903	0	-403	-0	-0	-0	-0	300	0	-203	-0	-0	-0	-0	300	0	200	-0
372	71.39	369.42	-21.97	1745.22	0	-94.2	410.3	-8.5	158.36	-22.2	1842.34	0	-107.72	-270.1	-0	-0	-0	903	0	-403	-0	-0	-0	-0	300	0	-203	-0	-0	-0	-0	300	0	200	-0
373	76.21	369.73	-23.74	1744.46	0	-95.64	72.46	-8.02	156.8	-23.64	1835.43	0	-106.49	49.62	-0	-0	-0	903	0	-403	-0	-0	-0	-0	300	0	-203	-0	-0	-0	-0	300	0	200	-0
374	76.85	367.53	-22.45	1747.16	0	-94.93	710.94	-7.22	161.8	-23.64	1841.82	0	-109.48	203.87	-0	-0	-0	903	0	-403	-0	-0	-0	-0	300	0	-203	-0	-0	-0	-0	300	0	200	-0
375	80.71	368.47	-22.44	1744.83	0	-96.53	709.09	-6.58	162.12	-23.96	1836.73	0	-105.81	247.58	-0	-0	-0	903	0	-403	-0	-0	-0	-0	300	0	-203	-0	-0	-0	-0	300	0	200	-0
376	82.96	363.46	-23.89	1746.01	0	-94.84	255.44	-5.3	164.31	-23	1840.35	0	-108.89	-71.29	-0	-0	-0	903	0	-403	-0	-0	-0	-0	300	0	-203	-0	-0	-0	-0	300	0	200	-0
377	86.18	357.5	-23.08	1747.46	0	-94.3	158.48	-2.9	165.87	-22.68	1839.44	0	-108.55	29.04	-0	-0	-0	903	0	-403	-0	-0	-0	-0	300	0	-203	-0	-0	-0	-0	300	0	200	-0
378	88.59	354.68	-24.21	1746.7	0	-94.12	-104.02	-2.58	163.06	-22.05	1836.8	0	-107.88	-164.79	-0	-0	-0	903	0	-403	-0	0	0	0	300	0	-203	0	-0	-0	-0	300	0	200	-0
379	89.87	351.23	-23.24	1745.49	0	-94.74	-145.25	0.3	159.93	-22.05	1834.68	0	-106.96	132.98	-0	-0	-0	903	0	-403	-0	-0	-0	-0	300	0	-203	-0	-0	-0	-0	300	0	200	-0
380	94.37	345.27	-20.82	1749.34	0	-95.26	79.07	0.94	159.62	-21.25	1834.73	0	-107.71	-218.69	-0	-0	-0	903	0	-403	-0	-0	-0	-0	300	0	-203	-0	-0	-0	-0	300	0	200	-0
381	93.73	338.38	-21.63	1747.9	0	-93.85	-156.04	2.86	157.11	-19.66	1834.93	0	-109.53	-6.25	-0	-0	-0	903	0	-403	-0	-0	-0	-0	300	0	-203	-0	-0	-0	-0	300	0	200	-0
382	95.5	336.49	-19.2	1747.27	0	-95.57	508.38	3.98	156.49	-18.7	1839.78	0	-107.42	-159.57	-0	-0	-0	903	0	-403	-0	-0	-0	-0	300	0	-203	-0	-0	-0	-0	300	0	200	-0
383	99.19	325.83	-20.01	1747.24	0	-95.18	-70.29	6.7	149.92	-17.58	1834.28	0	-109.64	-6.88	-0	-0	-0	903	0	-403	-0	-0	-0	-0	300	0	-203	-0	-0	-0	-0	300	0	200	-0
384	98.39	321.43	-18.72	1746.13	0	-96.79	62.92	8.78	144.59	-16.15	1833.08	0	-104.95	60.39	0	0	0	903	0	-403	0	-0	-0	-0	300	0	-203	-0	-0	-0	-0	300	0	200	-0
385	99.03	312.34	-17.59	1745.78	0	-97.74	541.6	10.37	142.09	-14.87	1833.17	0	-109.13	-177.54	-0	-0	-0	903	0	-403	-0	-0	-0	-0	300	0	-203	-0	-0	-0	-0	300	0	200	-0
386	100	303.25	-16.96	1745.06	0	-97.34	-402.16	12.46	136.15	-13.44	1836.12	0	-109.77	120.45	-0	-0	-0	903	0	-403	-0	-0	-0	-0	300	0	-203	-0	-0	-0	-0	300	0	200	-0
387	99.83	285.99	-13.89	1750.46	0	-97.43	66.62	11.82	134.89	-11.36	1843.56	0	-112.07	9.21	-0	-0	-0	903	0	-403	-0	-0	-0	-0	300	0	-203	-0	-0	-0	-0	300	0	200	-0
388	95.33	272.2	-14.39	1750.99	0	-95.21	-577.93	15.49	145.85	-9.6	1899.48	0	-128.38	-743.79	-0	-0	-0	903	0	-403	-0	-0	-0	-0	300	0	-203	-0	-0	-0	-0	300	0	200	-0
389	94.85	258.08	-10.84	1749.97	0	-98.42	39.4	18.21	270.08	-8.97	2098.54	0	-177.83	-1766.4	-0	-0	-0	903	0	-403	-0	-0	-0	-0	300	0	-203	-0	0	0	0	300	0	200	0
390	95.33	239.58	-10.04	1749.78	0	-99.76	-291.49	17.25	631.82	-19.39	2220.74	0	-208.23	-282.99	-0	-0	-0	903	0	-403	-0	-0	-0	-0	300	0	-203	-0	-0	-0	-0	300	0	200	-0
391	95	216.38	-5.86	1743.39	0	-99.94	-493.48	5.91	539.8	-35.41	2212.11	0	-204.68	2116.6	-0	-0	-0	903	0	-403	-0	-0	-0	-0	300	0	-203	-0	-0	-0	-0	300	0	200	-0
392	89.54	196.3	-2.64	1744.59	0	-102.42	50.57	-7.04	428.72	-30.13	2196.95	0	-200.19	3175.79	-0	-0	-0	903	0	-403	-0	-0	-0	-0	300	0	-203	-0	-0	-0	-0	300	0	200	-0
393	84.55	161.49	0.07	1750.64	0	-102.07	-759.13	-19.19	423.4	-22.28	2203.62	0	-200.95	2894.58	-0	-0	-0	903	0	-403	-0	-0	-0	-0	300	0	-203	-0	-0	-0	-0	300	0	200	-0
394	75.87	134.53	1.36	1735.95	0	-105.44	-465.73	-35.33	460	-17.16	2216.58	0	-204.44	2660.5	-0	-0	-0	903	0	-403	-0	0	0	0	300	0	-203	0	-0	-0	-0	300	0	200	-0
395	61.88	103.79	2.46	1738.32	0	-106.49	-695.36	-54.36	489.73	-16.21	2226.21	0	-205.88	3235.17	-0	-0	-0	903	0	-403	-0	-0	-0	-0	300	0	-203	-0	-0	-0	-0	300	0	200	-0
396	49.35	72.74	4.23	1736.93	0	-112.25	65.81	-71.14	503.5	-13.97	2231.35	0	-206.49	3696.19	-0	-0	-0	903	0	-403	-0	-0	-0	-0	300	0	-203	-0	-0	-0	-0	300	0	200	-0
397	27.65	43.9	3.57	1753.46	0	-103.06	45.98	-75.14	521.33	-11.26	2236.52	0	-207.93	4090.02	-0	-0	-0	903	0	-403	-0	-0	-0	-0	300	0	-203	-0	-0	-0	-0	300	0	200	-0
398	-0	-0	-0	1506	0	-203	-0	-66.98	529.78	-8.85	2240.31	0	-208.98	3564.96	-0	-0	-0	903	0	-403	-0	-0	-0	-0	300	0	-203	-0	-0	-0	-0	300	0	200	-0
399	-0	-0	-0	1506	0	-203	-0	-52.76	524.46	-6.77	2244.73	0	-210.36	3679.8	-0	-0	-0	903	0	-403	-0	-0	-0	-0	300	0	-203	-0	-0	-0	-0	300	0	200	-0
400	-0	-0	-0	1506	0	-203	-0	-51	519.46	-8.2	2251.74	0	-211.14	2276.69	-0	-0	-0	903	0	-403	-0	-0	-0	-0	300	0	-203	-0	-0	-0	-0	300	0	200	-0
401	-0	-0	-0	1506	0	-203	-0	-55.64	513.51	-7.55	2261.38	0	-213.59	1079.57	-0	-0	-0	903	0	-403	-0	0	0	0	300	0	-203	0	-0	-0	-0	300	0	200	-0
402	-0	-0	-0	1506	0	-203	-0	-63.79	512.25	-6.27	2272.72	0	-215.55	320.56	-0	-0	-0	903	0	-403	-0	-0	-0	-0	300	0	-203	-0	-0	-0	-0	300	0	200	-0
403	-0	-0	-0	1506	0	-203	-0	-74.5	509.75	-3.06	2282.58	0	-218.71	15.14	-0	-0	-0	903	0	-403	-0	-0	-0	-0	300	0	-203	-0	-0	-0	-0	300	0	200	-0
404	-0	-0	-0	1506	0	-203	-0	-83.29	500.99	-0.02	2295.77	0	-221.69	-75.76	-0	-0	-0	903	0	-403	-0	-0	-0	-0	300	0	-203	-0	-0	-0	-0	300	0	200	-0
405	-0	-0	-0	1506	0	-203	-0	-87.61	500.05	1.9	2303.09	0	-223.57	-416.01	-0	-0	-0	903	0	-403	-0	-0	-0	-0	300	0	-203	-0	-0	-0	-0	300	0	200	-0
406	-0	-0	-0	1506	0	-203	-0	-87.6	501.3	4.94	2312.35	0	-225.78	5.89	-0	-0	-0	903	0	-403	-0	-0	-0	-0	300	0	-203	-0	-0	-0	-0	300	0	200	-0
407	-0	-0	-0	1506	0	-203	-0	-85.05	500.36	5.75	2321.11	0	-227.93	-664.77	-0	-0	-0	903	0	-403	-0	0	0	0	300	0	-203	0	-0	-0	-0	300	0	200	-0
408	-0	-0	-0	1506	0	-203	-0	-79.93	506.94	9.11	2325.88	0	-229.44	192.1	-0	-0	-0	903	0	-403	-0	-0	-0	-0	300	0	-203	-0	0	0	0	300	0	200	0
409	-0	-0	-0	1506	0	-203	-0	-76.89	511.95	10.39	2327.22	0	-229.36	-190.02	-0	-0	-0	903	0	-403	-0	-0	-0	-0	300	0	-203	-0	-0	-0	-0	300	0	200	-0
410	-0	-0	-0	1506	0	-203	-0	-75.78	526.03	13.91	2327.08	0	-230.26	-58.94	-0	-0	-0	903	0	-403	-0	-0	-0	-0	300	0	-203	-0	0	0	0	300	0	200	0
411	-0	-0	-0	1506	0	-203	-0	-76.1	530.41	14.88	2327.61	0	-229.95	-363.66	-0	-0	-0	903	0	-403	-0	-0	-0	-0	300	0	-203	-0	-0	-0	-0	300	0	200	-0
412	-0	-0	-0	1506	0	-203	-0	-75.46	531.67	17.12	2326.44	0	-230.25	-321.7	-0	-0	-0	903	0	-403	-0	0	0	0	300	0	-203	0	-0	-0	-0	300	0	200	-0
413	-0	-0	-0	1506	0	-203	-0	-74.82	526.35	17.76	2327.15	0	-230.25	-459.45	-0	-0	-0	903	0	-403	-0	-0	-0	-0	300	0	-203	-0	0	0	0	300	0	200	0
414	-0	-0	-0	1506	0	-203	-0	-71.78	521.35	19.68	2327.61	0	-230.48	-278.9	-0	-0	-0	903	0	-403	-0	-0	-0	-0	300	0	-203	-0	-0	-0	-0	300	0	200	-0
415	-0	-0	-0	1506	0	-203	-0	-68.9	514.46	19.68	2328.61	0	-230.55	-606.12	-0	-0	-0	903	0	-403	-0	0	0	0	300	0	-203	0	0	0	0	300	0	200	0
416	-0	-0	-0	1506	0	-203	-0	-65.23	511.02	20.32	2327.13	0	-230.6	-391.55	-0	-0	-0	903	0	-403	-0	-0	-0	-0	300	0	-203	-0	-0	-0	-0	300	0	200	-0
417	-0	-0	-0	1506	0	-203	-0	-62.99	507.27	20	2327.47	0	-230.83	-151.84	-0	-0	-0	903	0	-403	-0	-0	-0	-0	300	0	-203	-0	-0	-0	-0	300	0	200	-0
418	-0	-0	-0	1506	0	-203	-0	-61.23	504.76	19.52	2326.25	0	-230.57	-393.87	-0	-0	-0	903	0	-403	-0	-0	-0	-0	300	0	-203	-0	-0	-0	-0	300	0	200	-0
419	-0	-0	-0	1506	0	-203	-0	-55.8	494.75	18.72	2328.13	0	-231.51	-325.21	-0	-0	-0	903	0	-403	-0	-0	-0	-0	300	0	-203	-0	-0	-0	-0	300	0	200	-0
420	-0	-0	-0	1506	0	-203	-0	-54.36	488.8	17.92	2325.69	0	-231.08	-301.49	-0	-0	-0	903	0	-403	-0	-0	-0	-0	300	0	-203	-0	-0	-0	-0	300	0	200	-0
421	-0	-0	-0	1506	0	-203	-0	-50.52	473.79	19.04	2328.46	0	-231.54	-81.27	-0	-0	-0	903	0	-403	-0	-0	-0	-0	300	0	-203	-0	-0	-0	-0	300	0	200	-0
422	-0	-0	-0	1506	0	-203	-0	-48.6	463.14	17.61	2328.56	0	-230.55	-463.86	-0	-0	-0	903	0	-403	-0	-0	-0	-0	300	0	-203	-0	-0	-0	-0	300	0	200	-0
423	-0	-0	-0	1506	0	-203	-0	-45.41	451.88	18.09	2326.34	0	-231.35	-621.37	-0	-0	-0	903	0	-403	-0	-0	-0	-0	300	0	-203	-0	-0	-0	-0	300	0	200	-0
424	-0	-0	-0	1506	0	-203	-0	-42.69	434.67	18.4	2327.33	0	-230.62	-163.89	-0	-0	-0	903	0	-403	-0	-0	-0	-0	300	0	-203	-0	-0	-0	-0	300	0	200	-0
425	-0	-0	-0	1506	0	-203	-0	-40.77	418.4	18.25	2326.47	0	-231.88	-550.82	-0	-0	-0	903	0	-403	-0	-0	-0	-0	300	0	-203	-0	-0	-0	-0	300	0	200	-0
426	-0	-0	-0	1506	0	-203	-0	-37.73	406.5	18.09	2326.1	0	-230.71	-102.3	-0	-0	-0	903	0	-403	-0	-0	-0	-0	300	0	-203	-0	-0	-0	-0	300	0	200	-0
427	-0	-0	-0	1506	0	-203	-0	-36.29	387.42	16.65	2327.13	0	-232.14	-472.82	-0	-0	-0	903	0	-403	-0	-0	-0	-0	300	0	-203	-0	-0	-0	-0	300	0	200	-0
428	-0	-0	-0	1506	0	-203	-0	-34.06	373.96	16.16	2326.39	0	-231.34	-273.54	-0	-0	-0	903	0	-403	-0	-0	-0	-0	300	0	-203	-0	-0	-0	-0	300	0	200	-0
429	-0	-0	-0	1506	0	-203	-0	-31.66	356.43	14.89	2326.87	0	-230.79	-566.81	-0	-0	-0	903	0	-403	-0	-0	-0	-0	300	0	-203	-0	-0	-0	-0	300	0	200	-0
430	-0	-0	-0	1506	0	-203	-0	-28.94	343.29	14.41	2327.93	0	-232.35	-535.82	-0	-0	-0	903	0	-403	-0	-0	-0	-0	300	0	-203	-0	-0	-0	-0	300	0	200	-0
431	-0	-0	-0	1506	0	-203	-0	-25.9	327.96	14.25	2327.73	0	-230.64	-376.03	-0	-0	-0	903	0	-403	-0	-0	-0	-0	300	0	-203	-0	-0	-0	-0	300	0	200	-0
432	-0	-0	-0	1506	0	-203	-0	-23.18	314.19	15.05	2326.18	0	-231.25	-342.71	-0	-0	-0	903	0	-403	-0	-0	-0	-0	300	0	-203	-0	-0	-0	-0	300	0	200	-0
433	-0	-0	-0	1506	0	-203	-0	-20.63	297.61	14.09	2327.55	0	-231.58	-235.51	-0	-0	-0	903	0	-403	-0	-0	-0	-0	300	0	-203	-0	-0	-0	-0	300	0	200	-0
434	-0	-0	-0	1506	0	-203	-0	-17.43	282.59	14.09	2328.64	0	-231.76	-208.52	-0	-0	-0	903	0	-403	-0	-0	-0	-0	300	0	-203	-0	-0	-0	-0	300	0	200	-0
435	-0	-0	-0	1506	0	-203	-0	-15.51	266.94	12.97	2328.72	0	-231.94	66.16	0	0	0	903	0	-403	0	-0	-0	-0	300	0	-203	-0	-0	-0	-0	300	0	200	-0
436	-0	-0	-0	1506	0	-203	-0	-15.03	252.86	12.33	2323.97	0	-230.55	-448.86	-0	-0	-0	903	0	-403	-0	-0	-0	-0	300	0	-203	-0	-0	-0	-0	300	0	200	-0
437	-0	-0	-0	1506	0	-203	-0	-13.27	235.33	11.21	2330.23	0	-232.18	-311.01	-0	-0	-0	903	0	-403	-0	-0	-0	-0	300	0	-203	-0	-0	-0	-0	300	0	200	-0
438	-0	-0	-0	1506	0	-203	-0	-13.43	224.07	11.05	2322.33	0	-230.98	-166.87	-0	-0	-0	903	0	-403	-0	-0	-0	-0	300	0	-203	-0	-0	-0	-0	300	0	200	-0
439	-0	-0	-0	1506	0	-203	-0	-11.67	206.86	10.89	2329.29	0	-232.43	35.18	-0	-0	-0	903	0	-403	-0	-0	-0	-0	300	0	-203	-0	-0	-0	-0	300	0	200	-0
440	-0	-0	-0	1506	0	-203	-0	-11.35	190.58	9.29	2329.79	0	-231.78	-371.64	-0	-0	-0	903	0	-403	-0	-0	-0	-0	300	0	-203	-0	-0	-0	-0	300	0	200	-0
441	-0	-0	-0	1506	0	-203	-0	-10.23	177.76	8.65	2328.07	0	-234.65	-403.14	-0	-0	-0	903	0	-403	-0	-0	-0	-0	300	0	-203	-0	-0	-0	-0	300	0	200	-0
442	-0	-0	-0	1506	0	-203	-0	-10.23	165.55	10.09	2330.23	0	-230.89	80.44	-0	-0	-0	903	0	-403	-0	-0	-0	-0	300	0	-203	-0	-0	-0	-0	300	0	200	-0
443	-0	-0	-0	1506	0	-203	-0	-9.59	153.35	9.29	2327.22	0	-232.6	-256.69	-0	-0	-0	903	0	-403	-0	0	0	0	300	0	-203	0	-0	-0	-0	300	0	200	-0
444	-0	-0	-0	1506	0	-203	-0	-8.15	142.7	8.65	2329.07	0	-230.8	-124.56	-0	-0	-0	903	0	-403	-0	-0	-0	-0	300	0	-203	-0	-0	-0	-0	300	0	200	-0
445	-0	-0	-0	1506	0	-203	-0	-8.63	131.75	8.17	2324.86	0	-231.85	-580.45	-0	-0	-0	903	0	-403	-0	-0	-0	-0	300	0	-203	-0	-0	-0	-0	300	0	200	-0
446	-0	-0	-0	1506	0	-203	-0	-7.51	119.23	9.29	2330.13	0	-230	253.92	-0	-0	-0	903	0	-403	-0	-0	-0	-0	300	0	-203	-0	-0	-0	-0	300	0	200	-0
447	-0	-0	-0	1506	0	-203	-0	-7.83	109.53	8.01	2328.43	0	-230.53	-361.28	-0	-0	-0	903	0	-403	-0	0	0	0	300	0	-203	0	-0	-0	-0	300	0	200	-0
448	-0	-0	-0	1506	0	-203	-0	-6.4	100.46	8.33	2324.64	0	-233.97	-183.74	-0	-0	-0	903	0	-403	-0	-0	-0	-0	300	0	-203	-0	-0	-0	-0	300	0	200	-0
449	-0	-0	-0	1506	0	-203	-0	-7.19	86.06	7.21	2335.54	0	-231.9	-75.06	-0	-0	-0	903	0	-403	-0	-0	-0	-0	300	0	-203	-0	-0	-0	-0	300	0	200	-0
450	-0	-0	-0	1506	0	-203	-0	-6.24	79.18	8.81	2327.36	0	-234.36	-130.58	-0	-0	-0	903	0	-403	-0	0	0	0	300	0	-203	0	-0	-0	-0	300	0	200	-0
451	-0	-0	-0	1506	0	-203	-0	-4.96	67.28	6.57	2337.1	0	-232.55	-275.42	-0	-0	-0	903	0	-403	-0	-0	-0	-0	300	0	-203	-0	-0	-0	-0	300	0	200	-0
452	-0	-0	-0	1506	0	-203	-0	-5.28	58.84	8.01	2332.36	0	-231.12	-185.56	-0	-0	-0	903	0	-403	-0	-0	-0	-0	300	0	-203	-0	-0	-0	-0	300	0	200	-0
453	-0	-0	-0	1506	0	-203	-0	-4.64	50.7	6.57	2331.77	0	-229.56	-108.13	-0	-0	-0	903	0	-403	-0	-0	-0	-0	300	0	-203	-0	-0	-0	-0	300	0	200	-0
454	-0	-0	-0	1506	0	-203	-0	-4	42.88	6.73	2342.48	0	-240.32	-441.67	-0	-0	-0	903	0	-403	-0	-0	-0	-0	300	0	-203	-0	-0	-0	-0	300	0	200	-0
455	-0	-0	-0	1506	0	-203	-0	-2.88	35.05	5.13	2347.92	0	-241.17	-140.22	-0	-0	-0	903	0	-403	-0	-0	-0	-0	300	0	-203	-0	-0	-0	-0	300	0	200	-0
456	-0	-0	-0	1506	0	-203	-0	-3.2	30.05	4.17	2328.89	0	-236.52	-407.29	-0	-0	-0	903	0	-403	-0	-0	-0	-0	300	0	-203	-0	-0	-0	-0	300	0	200	-0
457	-0	-0	-0	1506	0	-203	-0	-0	-0	-0	2109	0	-203	-0	-0	-0	-0	903	0	-403	-0	-0	-0	-0	300	0	-203	-0	-0	-0	-0	300	0	200	-0
458	-0	-0	-0	1506	0	-203	-0	-0	-0	-0	2109	0	-203	-0	-0	-0	-0	903	0	-403	-0	-0	-0	-0	300	0	-203	-0	0	0	0	300	0	200	0
459	-0	-0	-0	1506	0	-203	-0	-0	-0	-0	2109	0	-203	-0	-0	-0	-0	903	0	-403	-0	-0	-0	-0	300	0	-203	-0	-0	-0	-0	300	0	200	-0
460	-0	-0	-0	1506	0	-203	-0	-0	-0	-0	2109	0	-203	-0	-0	-0	-0	903	0	-403	-0	-0	-0	-0	300	0	-203	-0	-0	-0	-0	300	0	200	-0
461	-0	-0	-0	1506	0	-203	-0	-0	-0	-0	2109	0	-203	-0	-0	-0	-0	903	0	-403	-0	-0	-0	-0	300	0	-203	-0	-0	-0	-0	300	0	200	-0
462	-0	-0	-0	1506	0	-203	-0	-0	-0	-0	2109	0	-203	-0	-0	-0	-0	903	0	-403	-0	-0	-0	-0	300	0	-203	-0	-0	-0	-0	300	0	200	-0
463	-0	-0	-0	1506	0	-203	-0	-0	-0	-0	2109	0	-203	-0	-0	-0	-0	903	0	-403	-0	-0	-0	-0	300	0	-203	-0	-0	-0	-0	300	0	200	-0
464	-0	-0	-0	1506	0	-203	-0	-0	-0	-0	2109	0	-203	-0	-0	-0	-0	903	0	-403	-0	-0	-0	-0	300	0	-203	-0	-0	-0	-0	300	0	200	-0
465	-0	-0	-0	1506	0	-203	-0	-0	-0	-0	2109	0	-203	-0	-0	-0	-0	903	0	-403	-0	-0	-0	-0	300	0	-203	-0	-0	-0	-0	300	0	200	-0
466	-0	-0	-0	1506	0	-203	-0	-0	-0	-0	2109	0	-203	-0	-0	-0	-0	903	0	-403	-0	-0	-0	-0	300	0	-203	-0	-0	-0	-0	300	0	200	-0
467	-0	-0	-0	1506	0	-203	-0	-0	-0	-0	2109	0	-203	-0	-0	-0	-0	903	0	-403	-0	-0	-0	-0	300	0	-203	-0	-0	-0	-0	300	0	200	-0
468	-0	-0	-0	1506	0	-203	-0	-0	-0	-0	2109	0	-203	-0	-0	-0	-0	903	0	-403	-0	-0	-0	-0	300	0	-203	-0	-0	-0	-0	300	0	200	-0
469	-0	-0	-0	1506	0	-203	-0	-0	-0	-0	2109	0	-203	-0	-0	-0	-0	903	0	-403	-0	-0	-0	-0	300	0	-203	-0	-0	-0	-0	300	0	200	-0
470	-0	-0	-0	1506	0	-203	-0	-0	-0	-0	2109	0	-203	-0	-0	-0	-0	903	0	-403	-0	-0	-0	-0	300	0	-203	-0	0	0	0	300	0	200	0
471	-0	-0	-0	1506	0	-203	-0	-0	-0	-0	2109	0	-203	-0	-0	-0	-0	903	0	-403	-0	-0	-0	-0	300	0	-203	-0	0	0	0	300	0	200	0
472	-0	-0	-0	1506	0	-203	-0	-0	-0	-0	2109	0	-203	-0	-0	-0	-0	903	0	-403	-0	-0	-0	-0	300	0	-203	-0	-0	-0	-0	300	0	200	-0
473	-0	-0	-0	1506	0	-203	-0	-0	-0	-0	2109	0	-203	-0	-0	-0	-0	903	0	-403	-0	-0	-0	-0	300	0	-203	-0	-0	-0	-0	300	0	200	-0
474	-0	-0	-0	1506	0	-203	-0	-0	-0	-0	2109	0	-203	-0	-0	-0	-0	903	0	-403	-0	-0	-0	-0	300	0	-203	-0	-0	-0	-0	300	0	200	-0
475	-0	-0	-0	1506	0	-203	-0	-0	-0	-0	2109	0	-203	-0	-0	-0	-0	903	0	-403	-0	0	0	0	300	0	-203	0	-0	-0	-0	300	0	200	-0
476	-0	-0	-0	1506	0	-203	-0	-0	-0	-0	2109	0	-203	-0	-0	-0	-0	903	0	-403	-0	-0	-0	-0	300	0	-203	-0	-0	-0	-0	300	0	200	-0
477	-0	-0	-0	1506	0	-203	-0	-0	-0	-0	2109	0	-203	-0	-0	-0	-0	903	0	-403	-0	-0	-0	-0	300	0	-203	-0	-0	-0	-0	300	0	200	-0
478	-0	-0	-0	1506	0	-203	-0	-0	-0	-0	2109	0	-203	-0	-0	-0	-0	903	0	-403	-0	-0	-0	-0	300	0	-203	-0	-0	-0	-0	300	0	200	-0
479	-0	-0	-0	1506	0	-203	-0	-0	-0	-0	2109	0	-203	-0	-0	-0	-0	903	0	-403	-0	-0	-0	-0	300	0	-203	-0	-0	-0	-0	300	0	200	-0
480	-0	-0	-0	1506	0	-203	-0	-0	-0	-0	2109	0	-203	-0	-0	-0	-0	903	0	-403	-0	-0	-0	-0	300	0	-203	-0	-0	-0	-0	300	0	200	-0
481	-0	-0	-0	1506	0	-203	-0	-0	-0	-0	2109	0	-203	-0	-0	-0	-0	903	0	-403	-0	-0	-0	-0	300	0	-203	-0	-0	-0	-0	300	0	200	-0
482	-0	-0	-0	1506	0	-203	-0	-0	-0	-0	2109	0	-203	-0	-0	-0	-0	903	0	-403	-0	-0	-0	-0	300	0	-203	-0	-0	-0	-0	300	0	200	-0
483	-0	-0	-0	1506	0	-203	-0	-0	-0	-0	2109	0	-203	-0	-0	-0	-0	903	0	-403	-0	-0	-0	-0	300	0	-203	-0	-0	-0	-0	300	0	200	-0
484	-0	-0	-0	1506	0	-203	-0	-0	-0	-0	2109	0	-203	-0	0	0	0	903	0	-403	0	-0	-0	-0	300	0	-203	-0	-0	-0	-0	300	0	200	-0
485	-0	-0	-0	1506	0	-203	-0	-0	-0	-0	2109	0	-203	-0	-0	-0	-0	903	0	-403	-0	-0	-0	-0	300	0	-203	-0	-0	-0	-0	300	0	200	-0
486	-0	-0	-0	1506	0	-203	-0	-0	-0	-0	2109	0	-203	-0	-0	-0	-0	903	0	-403	-0	-0	-0	-0	300	0	-203	-0	-0	-0	-0	300	0	200	-0
487	-0	-0	-0	1506	0	-203	-0	-0	-0	-0	2109	0	-203	-0	-0	-0	-0	903	0	-403	-0	-0	-0	-0	300	0	-203	-0	-0	-0	-0	300	0	200	-0
488	-0	-0	-0	1506	0	-203	-0	-0	-0	-0	2109	0	-203	-0	-0	-0	-0	903	0	-403	-0	0	0	0	300	0	-203	0	0	0	0	300	0	200	0
489	-0	-0	-0	1506	0	-203	-0	-0	-0	-0	2109	0	-203	-0	-0	-0	-0	903	0	-403	-0	-0	-0	-0	300	0	-203	-0	-0	-0	-0	300	0	200	-0
490	-0	-0	-0	1506	0	-203	-0	-0	-0	-0	2109	0	-203	-0	-0	-0	-0	903	0	-403	-0	-0	-0	-0	300	0	-203	-0	-0	-0	-0	300	0	200	-0
491	-0	-0	-0	1506	0	-203	-0	-0	-0	-0	2109	0	-203	-0	-0	-0	-0	903	0	-403	-0	-0	-0	-0	300	0	-203	-0	-0	-0	-0	300	0	200	-0
492	-0	-0	-0	1506	0	-203	-0	-0	-0	-0	2109	0	-203	-0	-0	-0	-0	903	0	-403	-0	-0	-0	-0	300	0	-203	-0	-0	-0	-0	300	0	200	-0
493	-0	-0	-0	1506	0	-203	-0	-0	-0	-0	2109	0	-203	-0	-0	-0	-0	903	0	-403	-0	-0	-0	-0	300	0	-203	-0	-0	-0	-0	300	0	200	-0
494	-0	-0	-0	1506	0	-203	-0	-0	-0	-0	2109	0	-203	-0	-0	-0	-0	903	0	-403	-0	-0	-0	-0	300	0	-203	-0	-0	-0	-0	300	0	200	-0
495	-0	-0	-0	1506	0	-203	-0	-0	-0	-0	2109	0	-203	-0	-0	-0	-0	903	0	-403	-0	-0	-0	-0	300	0	-203	-0	0	0	0	300	0	200	0
496	-0	-0	-0	1506	0	-203	-0	-0	-0	-0	2109	0	-203	-0	-0	-0	-0	903	0	-403	-0	-0	-0	-0	300	0	-203	-0	-0	-0	-0	300	0	200	-0
497	-0	-0	-0	1506	0	-203	-0	-0	-0	-0	2109	0	-203	-0	-0	-0	-0	903	0	-403	-0	-0	-0	-0	300	0	-203	-0	-0	-0	-0	300	0	200	-0
498	-0	-0	-0	1506	0	-203	-0	-0	-0	-0	2109	0	-203	-0	-0	-0	-0	903	0	-403	-0	-0	-0	-0	300	0	-203	-0	-0	-0	-0	300	0	200	-0
499	-0	-0	-0	1506	0	-203	-0	-0	-0	-0	2109	0	-203	-0	-0	-0	-0	903	0	-403	-0	-0	-0	-0	300	0	-203	-0	-0	-0	-0	300	0	200	-0
500	-0	-0	-0	1506	0	-203	-0	-0	-0	-0	2109	0	-203	-0	-0	-0	-0	903	0	-403	-0	-0	-0	-0	300	0	-203	-0	-0	-0	-0	300	0	200	-0
501	-0	-0	-0	1506	0	-203	-0	-0	-0	-0	2109	0	-203	-0	-0	-0	-0	903	0	-403	-0	-0	-0	-0	300	0	-203	-0	-0	-0	-0	300	0	200	-0
502	-0	-0	-0	1506	0	-203	-0	-0	-0	-0	2109	0	-203	-0	-0	-0	-0	903	0	-403	-0	-0	-0	-0	300	0	-203	-0	0	0	0	300	0	200	0
503	-0	-0	-0	1506	0	-203	-0	-0	-0	-0	2109	0	-203	-0	-0	-0	-0	903	0	-403	-0	-0	-0	-0	300	0	-203	-0	-0	-0	-0	300	0	200	-0
504	-0	-0	-0	1506	0	-203	-0	-0	-0	-0	2109	0	-203	-0	-0	-0	-0	903	0	-403	-0	-0	-0	-0	300	0	-203	-0	-0	-0	-0	300	0	200	-0
505	-0	-0	-0	1506	0	-203	-0	-0	-0	-0	2109	0	-203	-0	-0	-0	-0	903	0	-403	-0	-0	-0	-0	300	0	-203	-0	-0	-0	-0	300	0	200	-0
506	-0	-0	-0	1506	0	-203	-0	-0	-0	-0	2109	0	-203	-0	-0	-0	-0	903	0	-403	-0	0	0	0	300	0	-203	0	-0	-0	-0	300	0	200	-0
507	-0	-0	-0	1506	0	-203	-0	-0	-0	-0	2109	0	-203	-0	-0	-0	-0	903	0	-403	-0	-0	-0	-0	300	0	-203	-0	-0	-0	-0	300	0	200	-0
508	-0	-0	-0	1506	0	-203	-0	-0	-0	-0	2109	0	-203	-0	-0	-0	-0	903	0	-403	-0	-0	-0	-0	300	0	-203	-0	-0	-0	-0	300	0	200	-0
509	-0	-0	-0	1506	0	-203	-0	-0	-0	-0	2109	0	-203	-0	-0	-0	-0	903	0	-403	-0	-0	-0	-0	300	0	-203	-0	-0	-0	-0	300	0	200	-0
510	-0	-0	-0	1506	0	-203	-0	-0	-0	-0	2109	0	-203	-0	-0	-0	-0	903	0	-403	-0	-0	-0	-0	300	0	-203	-0	-0	-0	-0	300	0	200	-0
511	-0	-0	-0	1506	0	-203	-0	-0	-0	-0	2109	0	-203	-0	-0	-0	-0	903	0	-403	-0	-0	-0	-0	300	0	-203	-0	-0	-0	-0	300	0	200	-0
512	-0	-0	-0	1506	0	-203	-0	-0	-0	-0	2109	0	-203	-0	-0	-0	-0	903	0	-403	-0	-0	-0	-0	300	0	-203	-0	-0	-0	-0	300	0	200	-0
513	-0	-0	-0	1506	0	-203	-0	-0	-0	-0	2109	0	-203	-0	-0	-0	-0	903	0	-403	-0	-0	-0	-0	300	0	-203	-0	-0	-0	-0	300	0	200	-0
514	-0	-0	-0	1506	0	-203	-0	-0	-0	-0	2109	0	-203	-0	-0	-0	-0	903	0	-403	-0	-0	-0	-0	300	0	-203	-0	-0	-0	-0	300	0	200	-0
515	-0	-0	-0	1506	0	-203	-0	-0	-0	-0	2109	0	-203	-0	-0	-0	-0	903	0	-403	-0	-0	-0	-0	300	0	-203	-0	-0	-0	-0	300	0	200	-0
516	-0	-0	-0	1506	0	-203	-0	-0	-0	-0	2109	0	-203	-0	-0	-0	-0	903	0	-403	-0	-0	-0	-0	300	0	-203	-0	0	0	0	300	0	200	0
517	-0	-0	-0	1506	0	-203	-0	-0	-0	-0	2109	0	-203	-0	-0	-0	-0	903	0	-403	-0	-0	-0	-0	300	0	-203	-0	-0	-0	-0	300	0	200	-0
518	-0	-0	-0	1506	0	-203	-0	-0	-0	-0	2109	0	-203	-0	-0	-0	-0	903	0	-403	-0	-0	-0	-0	300	0	-203	-0	-0	-0	-0	300	0	200	-0
519	-0	-0	-0	1506	0	-203	-0	-0	-0	-0	2109	0	-203	-0	-0	-0	-0	903	0	-403	-0	-0	-0	-0	300	0	-203	-0	-0	-0	-0	300	0	200	-0
520	-0	-0	-0	1506	0	-203	-0	-0	-0	-0	2109	0	-203	-0	-0	-0	-0	903	0	-403	-0	-0	-0	-0	300	0	-203	-0	-0	-0	-0	300	0	200	-0
521	-0	-0	-0	1506	0	-203	-0	-0	-0	-0	2109	0	-203	-0	-0	-0	-0	903	0	-403	-0	-0	-0	-0	300	0	-203	-0	-0	-0	-0	300	0	200	-0
522	-0	-0	-0	1506	0	-203	-0	-0	-0	-0	2109	0	-203	-0	-0	-0	-0	903	0	-403	-0	-0	-0	-0	300	0	-203	-0	0	0	0	300	0	200	0
523	-0	-0	-0	1506	0	-203	-0	-0	-0	-0	2109	0	-203	-0	-0	-0	-0	903	0	-403	-0	-0	-0	-0	300	0	-203	-0	-0	-0	-0	300	0	200	-0
524	-0	-0	-0	1506	0	-203	-0	-0	-0	-0	2109	0	-203	-0	-0	-0	-0	903	0	-403	-0	-0	-0	-0	300	0	-203	-0	-0	-0	-0	300	0	200	-0
525	-0	-0	-0	1506	0	-203	-0	-0	-0	-0	2109	0	-203	-0	-0	-0	-0	903	0	-403	-0	-0	-0	-0	300	0	-203	-0	-0	-0	-0	300	0	200	-0
526	-0	-0	-0	1506	0	-203	-0	-0	-0	-0	2109	0	-203	-0	-0	-0	-0	903	0	-403	-0	-0	-0	-0	300	0	-203	-0	-0	-0	-0	300	0	200	-0
527	-0	-0	-0	1506	0	-203	-0	-0	-0	-0	2109	0	-203	-0	-0	-0	-0	903	0	-403	-0	-0	-0	-0	300	0	-203	-0	-0	-0	-0	300	0	200	-0
528	-0	-0	-0	1506	0	-203	-0	-0	-0	-0	2109	0	-203	-0	-0	-0	-0	903	0	-403	-0	-0	-0	-0	300	0	-203	-0	-0	-0	-0	300	0	200	-0
529	-0	-0	-0	1506	0	-203	-0	-0	-0	-0	2109	0	-203	-0	-0	-0	-0	903	0	-403	-0	-0	-0	-0	300	0	-203	-0	-0	-0	-0	300	0	200	-0
530	-0	-0	-0	1506	0	-203	-0	-0	-0	-0	2109	0	-203	-0	-0	-0	-0	903	0	-403	-0	-0	-0	-0	300	0	-203	-0	-0	-0	-0	300	0	200	-0
531	-0	-0	-0	1506	0	-203	-0	-0	-0	-0	2109	0	-203	-0	0	0	0	903	0	-403	0	-0	-0	-0	300	0	-203	-0	0	0	0	300	0	200	0
532	-0	-0	-0	1506	0	-203	-0	-0	-0	-0	2109	0	-203	-0	-0	-0	-0	903	0	-403	-0	-0	-0	-0	300	0	-203	-0	-0	-0	-0	300	0	200	-0
533	-0	-0	-0	1506	0	-203	-0	-0	-0	-0	2109	0	-203	-0	-0	-0	-0	903	0	-403	-0	-0	-0	-0	300	0	-203	-0	-0	-0	-0	300	0	200	-0
534	-0	-0	-0	1506	0	-203	-0	-0	-0	-0	2109	0	-203	-0	-0	-0	-0	903	0	-403	-0	-0	-0	-0	300	0	-203	-0	-0	-0	-0	300	0	200	-0
535	-0	-0	-0	1506	0	-203	-0	-0	-0	-0	2109	0	-203	-0	-0	-0	-0	903	0	-403	-0	0	0	0	300	0	-203	0	-0	-0	-0	300	0	200	-0
536	-0	-0	-0	1506	0	-203	-0	-0	-0	-0	2109	0	-203	-0	-0	-0	-0	903	0	-403	-0	-0	-0	-0	300	0	-203	-0	0	0	0	300	0	200	0
537	-0	-0	-0	1506	0	-203	-0	-0	-0	-0	2109	0	-203	-0	-0	-0	-0	903	0	-403	-0	-0	-0	-0	300	0	-203	-0	-0	-0	-0	300	0	200	-0
538	-0	-0	-0	1506	0	-203	-0	-0	-0	-0	2109	0	-203	-0	-0	-0	-0	903	0	-403	-0	-0	-0	-0	300	0	-203	-0	-0	-0	-0	300	0	200	-0
539	-0	-0	-0	1506	0	-203	-0	-0	-0	-0	2109	0	-203	-0	-0	-0	-0	903	0	-403	-0	-0	-0	-0	300	0	-203	-0	-0	-0	-0	300	0	200	-0
540	-0	-0	-0	1506	0	-203	-0	-0	-0	-0	2109	0	-203	-0	-0	-0	-0	903	0	-403	-0	-0	-0	-0	300	0	-203	-0	-0	-0	-0	300	0	200	-0
541	-0	-0	-0	1506	0	-203	-0	-0	-0	-0	2109	0	-203	-0	-0	-0	-0	903	0	-403	-0	-0	-0	-0	300	0	-203	-0	-0	-0	-0	300	0	200	-0
542	-0	-0	-0	1506	0	-203	-0	-0	-0	-0	2109	0	-203	-0	-0	-0	-0	903	0	-403	-0	-0	-0	-0	300	0	-203	-0	0	0	0	300	0	200	0
543	-0	-0	-0	1506	0	-203	-0	-0	-0	-0	2109	0	-203	-0	-0	-0	-0	903	0	-403	-0	-0	-0	-0	300	0	-203	-0	-0	-0	-0	300	0	200	-0
544	-0	-0	-0	1506	0	-203	-0	-0	-0	-0	2109	0	-203	-0	-0	-0	-0	903	0	-403	-0	-0	-0	-0	300	0	-203	-0	0	0	0	300	0	200	0
545	-0	-0	-0	1506	0	-203	-0	-0	-0	-0	2109	0	-203	-0	-0	-0	-0	903	0	-403	-0	-0	-0	-0	300	0	-203	-0	-0	-0	-0	300	0	200	-0
546	-0	-0	-0	1506	0	-203	-0	-0	-0	-0	2109	0	-203	-0	-0	-0	-0	903	0	-403	-0	-0	-0	-0	300	0	-203	-0	-0	-0	-0	300	0	200	-0
547	-0	-0	-0	1506	0	-203	-0	-0	-0	-0	2109	0	-203	-0	-0	-0	-0	903	0	-403	-0	-0	-0	-0	300	0	-203	-0	-0	-0	-0	300	0	200	-0
548	-0	-0	-0	1506	0	-203	-0	-0	-0	-0	2109	0	-203	-0	-0	-0	-0	903	0	-403	-0	-0	-0	-0	300	0	-203	-0	-0	-0	-0	300	0	200	-0
549	-0	-0	-0	1506	0	-203	-0	-0	-0	-0	2109	0	-203	-0	-0	-0	-0	903	0	-403	-0	0	0	0	300	0	-203	0	-0	-0	-0	300	0	200	-0
550	-0	-0	-0	1506	0	-203	-0	-0	-0	-0	2109	0	-203	-0	-0	-0	-0	903	0	-403	-0	-0	-0	-0	300	0	-203	-0	-0	-0	-0	300	0	200	-0
