Time	Fx1	Fy1	Fz1	COPx1	COPy1	COPz1	Ty1	Fx2	Fy2	Fz2	COPx2	COPy2	COPz2	Ty2	Fx3	Fy3	Fz3	COPx3	COPy3	COPz3	Ty3	Fx4	Fy4	Fz4	COPx4	COPy4	COPz4	Ty4	Fx5	Fy5	Fz5	COPx5	COPy5	COPz5	Ty5
1	0	0	0	1506	0	-203	0	0	0	0	2109	0	-203	0	0	0	0	903	0	-403	0	0	0	0	300	0	-203	0	0	0	0	300	0	200	0
2	-0	-0	-0	1506	0	-203	-0	-0	-0	-0	2109	0	-203	-0	-0	-0	-0	903	0	-403	-0	-0	-0	-0	300	0	-203	-0	-0	-0	-0	300	0	200	-0
3	-0	-0	-0	1506	0	-203	-0	-0	-0	-0	2109	0	-203	-0	-0	-0	-0	903	0	-403	-0	-0	-0	-0	300	0	-203	-0	-0	-0	-0	300	0	200	-0
4	-0	-0	-0	1506	0	-203	-0	-0	-0	-0	2109	0	-203	-0	-0	-0	-0	903	0	-403	-0	-0	-0	-0	300	0	-203	-0	-0	-0	-0	300	0	200	-0
5	-0	-0	-0	1506	0	-203	-0	-0	-0	-0	2109	0	-203	-0	-0	-0	-0	903	0	-403	-0	-0	-0	-0	300	0	-203	-0	0	0	0	300	0	200	0
6	-0	-0	-0	1506	0	-203	-0	-0	-0	-0	2109	0	-203	-0	-0	-0	-0	903	0	-403	-0	-0	-0	-0	300	0	-203	-0	-0	-0	-0	300	0	200	-0
7	-0	-0	-0	1506	0	-203	-0	-0	-0	-0	2109	0	-203	-0	0	0	0	903	0	-403	0	-0	-0	-0	300	0	-203	-0	-0	-0	-0	300	0	200	-0
8	-0	-0	-0	1506	0	-203	-0	-0	-0	-0	2109	0	-203	-0	-0	-0	-0	903	0	-403	-0	-0	-0	-0	300	0	-203	-0	-0	-0	-0	300	0	200	-0
9	-0	-0	-0	1506	0	-203	-0	-0	-0	-0	2109	0	-203	-0	-0	-0	-0	903	0	-403	-0	-0	-0	-0	300	0	-203	-0	-0	-0	-0	300	0	200	-0
10	-0	-0	-0	1506	0	-203	-0	-0	-0	-0	2109	0	-203	-0	-0	-0	-0	903	0	-403	-0	-0	-0	-0	300	0	-203	-0	-0	-0	-0	300	0	200	-0
11	-0	-0	-0	1506	0	-203	-0	-0	-0	-0	2109	0	-203	-0	-0	-0	-0	903	0	-403	-0	-0	-0	-0	300	0	-203	-0	-0	-0	-0	300	0	200	-0
12	-0	-0	-0	1506	0	-203	-0	-0	-0	-0	2109	0	-203	-0	0	0	0	903	0	-403	0	-0	-0	-0	300	0	-203	-0	-0	-0	-0	300	0	200	-0
13	-0	-0	-0	1506	0	-203	-0	-0	-0	-0	2109	0	-203	-0	-0	-0	-0	903	0	-403	-0	-0	-0	-0	300	0	-203	-0	-0	-0	-0	300	0	200	-0
14	-0	-0	-0	1506	0	-203	-0	-0	-0	-0	2109	0	-203	-0	-0	-0	-0	903	0	-403	-0	-0	-0	-0	300	0	-203	-0	-0	-0	-0	300	0	200	-0
15	-0	-0	-0	1506	0	-203	-0	-0	-0	-0	2109	0	-203	-0	-0	-0	-0	903	0	-403	-0	-0.88	60.54	11.95	10.69	0	-261.77	10.65	-0	-0	-0	300	0	200	-0
16	-0	-0	-0	1506	0	-203	-0	-0	-0	-0	2109	0	-203	-0	0	0	0	903	0	-403	0	-0	-0	-0	300	0	-203	-0	-0	-0	-0	300	0	200	-0
17	-0	-0	-0	1506	0	-203	-0	-0	-0	-0	2109	0	-203	-0	-0	-0	-0	903	0	-403	-0	-65.23	305.98	60.27	0.88	0	-265.34	-843.91	0	0	0	300	0	200	0
18	-0	-0	-0	1506	0	-203	-0	-0	-0	-0	2109	0	-203	-0	-0	-0	-0	903	0	-403	-0	-84.03	343.17	65.43	4.48	0	-263.89	-1365.14	-0	-0	-0	300	0	200	-0
19	-0	-0	-0	1506	0	-203	-0	-0	-0	-0	2109	0	-203	-0	-0	-0	-0	903	0	-403	-0	-91.63	368.42	62.65	11.3	0	-260.58	-1128.67	0	0	0	300	0	200	0
20	-0	-0	-0	1506	0	-203	-0	-0	-0	-0	2109	0	-203	-0	0	0	0	903	0	-403	0	-109.41	436.03	33.46	20.76	0	-254.65	233.65	-0	-0	-0	300	0	200	-0
21	-0	-0	-0	1506	0	-203	-0	-0	-0	-0	2109	0	-203	-0	-0	-0	-0	903	0	-403	-0	-139.01	486.25	9.3	25.55	0	-252.75	1930.99	-0	-0	-0	300	0	200	-0
22	-0	-0	-0	1506	0	-203	-0	-0	-0	-0	2109	0	-203	-0	-0	-0	-0	903	0	-403	-0	-159.98	503.63	0.95	24.94	0	-252.32	2626.31	-0	-0	-0	300	0	200	-0
23	-0	-0	-0	1506	0	-203	-0	-0	-0	-0	2109	0	-203	-0	-0	-0	-0	903	0	-403	-0	-173.08	512.05	-0.68	26.96	0	-252.16	1948.5	-0	-0	-0	300	0	200	-0
24	-0	-0	-0	1506	0	-203	-0	-0	-0	-0	2109	0	-203	-0	-0	-0	-0	903	0	-403	-0	-169.35	502	-10.38	26.44	0	-251.55	2485.94	-0	-0	-0	300	0	200	-0
25	-0	-0	-0	1506	0	-203	-0	-0	-0	-0	2109	0	-203	-0	-0	-0	-0	903	0	-403	-0	-155.36	507.43	-26.4	33.12	0	-249.45	3336.19	0	0	0	300	0	200	0
26	-0	-0	-0	1506	0	-203	-0	-0	-0	-0	2109	0	-203	-0	-0	-0	-0	903	0	-403	-0	-147.15	520.46	-31.43	37.81	0	-247.44	2927.5	0	0	0	300	0	200	0
27	-0	-0	-0	1506	0	-203	-0	-0	-0	-0	2109	0	-203	-0	-0	-0	-0	903	0	-403	-0	-163.85	534.31	-29.46	40.99	0	-246.49	2316.71	-0	-0	-0	300	0	200	-0
28	-0	-0	-0	1506	0	-203	-0	-0	-0	-0	2109	0	-203	-0	-0	-0	-0	903	0	-403	-0	-179.26	551.96	-34.55	41.53	0	-246.03	2426.75	-0	-0	-0	300	0	200	-0
29	-0	-0	-0	1506	0	-203	-0	-0	-0	-0	2109	0	-203	-0	-0	-0	-0	903	0	-403	-0	-190.18	589.42	-43.3	44.43	0	-245.45	2413.46	-0	-0	-0	300	0	200	-0
30	-0	-0	-0	1506	0	-203	-0	-0	-0	-0	2109	0	-203	-0	-0	-0	-0	903	0	-403	-0	-190.52	620.64	-46.09	45.24	0	-245.04	2823.59	-0	-0	-0	300	0	200	-0
31	-0	-0	-0	1506	0	-203	-0	-0	-0	-0	2109	0	-203	-0	-0	-0	-0	903	0	-403	-0	-189.17	652.68	-48.53	46.13	0	-245.03	3069.92	-0	-0	-0	300	0	200	-0
32	-0	-0	-0	1506	0	-203	-0	-0	-0	-0	2109	0	-203	-0	-0	-0	-0	903	0	-403	-0	-180.61	700.19	-51.04	45.78	0	-245.53	3125.92	0	0	0	300	0	200	0
33	-0	-0	-0	1506	0	-203	-0	-0	-0	-0	2109	0	-203	-0	-0	-0	-0	903	0	-403	-0	-176.07	743.36	-51.24	46.28	0	-245.9	3615.17	-0	-0	-0	300	0	200	-0
34	-0	-0	-0	1506	0	-203	-0	-0	-0	-0	2109	0	-203	-0	-0	-0	-0	903	0	-403	-0	-177.56	775.67	-47.78	46.6	0	-246.17	3501.26	-0	-0	-0	300	0	200	-0
35	-0	-0	-0	1506	0	-203	-0	-0	-0	-0	2109	0	-203	-0	-0	-0	-0	903	0	-403	-0	-180.95	808.25	-43.1	47.13	0	-246.36	3454.46	-0	-0	-0	300	0	200	-0
36	-0	-0	-0	1506	0	-203	-0	-0	-0	-0	2109	0	-203	-0	-0	-0	-0	903	0	-403	-0	-183.94	829.43	-41.13	48.08	0	-246.18	3627.2	-0	-0	-0	300	0	200	-0
37	-0	-0	-0	1506	0	-203	-0	-0	-0	-0	2109	0	-203	-0	-0	-0	-0	903	0	-403	-0	-182.38	844.9	-42.15	49.36	0	-246.01	3722.95	-0	-0	-0	300	0	200	-0
38	-0	-0	-0	1506	0	-203	-0	-0	-0	-0	2109	0	-203	-0	-0	-0	-0	903	0	-403	-0	-181.02	858.75	-47.17	50.71	0	-245.59	4187.56	-0	-0	-0	300	0	200	-0
39	-0	-0	-0	1506	0	-203	-0	-0	-0	-0	2109	0	-203	-0	0	0	0	903	0	-403	0	-177.9	868.52	-50.91	52.1	0	-245.16	4529.61	-0	-0	-0	300	0	200	-0
40	-0	-0	-0	1506	0	-203	-0	-0	-0	-0	2109	0	-203	-0	-0	-0	-0	903	0	-403	-0	-175.93	875.58	-52.4	52.88	0	-244.88	4619.67	-0	-0	-0	300	0	200	-0
41	-0	-0	-0	1506	0	-203	-0	-0	-0	-0	2109	0	-203	-0	0	0	0	903	0	-403	0	-170.57	887.53	-50.16	53.74	0	-245.04	4585.83	-0	-0	-0	300	0	200	-0
42	-0	-0	-0	1506	0	-203	-0	0	0	0	2109	0	-203	0	-0	-0	-0	903	0	-403	-0	-164.53	899.47	-46.83	54.26	0	-245.01	4487.54	-0	-0	-0	300	0	200	-0
43	-0	-0	-0	1506	0	-203	-0	-0	-0	-0	2109	0	-203	-0	-0	-0	-0	903	0	-403	-0	-159.5	908.43	-44.32	54.94	0	-244.93	4115.94	0	0	0	300	0	200	0
44	-0	-0	-0	1506	0	-203	-0	-0	-0	-0	2109	0	-203	-0	-0	-0	-0	903	0	-403	-0	-153.06	913.86	-43.71	56.4	0	-244.73	4192.12	-0	-0	-0	300	0	200	-0
45	-0	-0	-0	1506	0	-203	-0	-0	-0	-0	2109	0	-203	-0	-0	-0	-0	903	0	-403	-0	-151.22	912.23	-44.73	57.63	0	-244.31	4063.84	-0	-0	-0	300	0	200	-0
46	-0	-0	-0	1506	0	-203	-0	-0	-0	-0	2109	0	-203	-0	-0	-0	-0	903	0	-403	-0	-150.21	907.35	-46.02	59.27	0	-243.92	3914.59	-0	-0	-0	300	0	200	-0
47	-0	-0	-0	1506	0	-203	-0	-0	-0	-0	2109	0	-203	-0	-0	-0	-0	903	0	-403	-0	-150.48	899.74	-47.58	61.21	0	-243.25	4009.82	-0	-0	-0	300	0	200	-0
48	-0	-0	-0	1506	0	-203	-0	-0	-0	-0	2109	0	-203	-0	-0	-0	-0	903	0	-403	-0	-147.35	892.96	-48.46	62.59	0	-242.88	3892.95	-0	-0	-0	300	0	200	-0
49	-0	-0	-0	1506	0	-203	-0	-0	-0	-0	2109	0	-203	-0	-0	-0	-0	903	0	-403	-0	-143.35	888.34	-49.34	63.59	0	-242.67	3653.49	0	0	0	300	0	200	0
50	-0	-0	-0	1506	0	-203	-0	-0	-0	-0	2109	0	-203	-0	-0	-0	-0	903	0	-403	-0	-135.82	884	-49.68	65.22	0	-242.07	3795.23	-0	-0	-0	300	0	200	-0
51	-0	-0	-0	1506	0	-203	-0	-0	-0	-0	2109	0	-203	-0	-0	-0	-0	903	0	-403	-0	-129.37	878.02	-49.48	66.18	0	-241.7	3655.51	-0	-0	-0	300	0	200	-0
52	-0	-0	-0	1506	0	-203	-0	-0	-0	-0	2109	0	-203	-0	-0	-0	-0	903	0	-403	-0	-123.8	870.69	-47.78	67.19	0	-241.29	3357.1	-0	-0	-0	300	0	200	-0
53	-0	-0	-0	1506	0	-203	-0	-0	-0	-0	2109	0	-203	-0	-0	-0	-0	903	0	-403	-0	-116.47	860.11	-46.83	68.74	0	-240.86	3447.37	-0	-0	-0	300	0	200	-0
54	-0	-0	-0	1506	0	-203	-0	-0	-0	-0	2109	0	-203	-0	-0	-0	-0	903	0	-403	-0	-110.16	848.16	-46.83	70.12	0	-240.35	3205.39	-0	-0	-0	300	0	200	-0
55	-0	-0	-0	1506	0	-203	-0	-0	-0	-0	2109	0	-203	-0	-0	-0	-0	903	0	-403	-0	-104.66	836.21	-47.72	71.32	0	-239.75	3081.62	-0	-0	-0	300	0	200	-0
56	-0	-0	-0	1506	0	-203	-0	-0	-0	-0	2109	0	-203	-0	-0	-0	-0	903	0	-403	-0	-99.37	818.3	-50.09	73.54	0	-238.88	3014.7	-0	-0	-0	300	0	200	-0
57	-0	-0	-0	1506	0	-203	-0	-0	-0	-0	2109	0	-203	-0	-0	-0	-0	903	0	-403	-0	-94.75	800.65	-52.26	75.4	0	-238.21	2888.62	0	0	0	300	0	200	0
58	-0	-0	-0	1506	0	-203	-0	-0	-0	-0	2109	0	-203	-0	-0	-0	-0	903	0	-403	-0	-91.7	783.27	-54.5	77.04	0	-237.32	2865.9	-0	-0	-0	300	0	200	-0
59	-0	-0	-0	1506	0	-203	-0	-0	-0	-0	2109	0	-203	-0	-0	-0	-0	903	0	-403	-0	-86.34	761.28	-55.72	79.08	0	-236.53	2707.54	-0	-0	-0	300	0	200	-0
60	-0	-0	-0	1506	0	-203	-0	-0	-0	-0	2109	0	-203	-0	-0	-0	-0	903	0	-403	-0	-82.47	740.1	-56.74	79.95	0	-236.12	2559.43	-0	-0	-0	300	0	200	-0
61	-0	-0	-0	1506	0	-203	-0	-0	-0	-0	2109	0	-203	-0	-0	-0	-0	903	0	-403	-0	-78.39	725.71	-57.29	82.39	0	-235.21	2498.13	-0	-0	-0	300	0	200	-0
62	-0	-0	-0	1506	0	-203	-0	-0	-0	-0	2109	0	-203	-0	-0	-0	-0	903	0	-403	-0	-73.37	705.9	-57.83	84.74	0	-234.26	2479.26	-0	-0	-0	300	0	200	-0
63	-0	-0	-0	1506	0	-203	-0	-0	-0	-0	2109	0	-203	-0	-0	-0	-0	903	0	-403	-0	-68.55	687.7	-57.01	86.69	0	-233.76	2289.69	-0	-0	-0	300	0	200	-0
64	-0	-0	-0	1506	0	-203	-0	-0	-0	-0	2109	0	-203	-0	-0	-0	-0	903	0	-403	-0	-63.6	672.5	-56.27	88.1	0	-233.13	2381.87	-0	-0	-0	300	0	200	-0
65	-0	-0	-0	1506	0	-203	-0	-0	-0	-0	2109	0	-203	-0	0	0	0	903	0	-403	0	-58.58	654.85	-54.91	90.42	0	-232.44	2327.46	-0	-0	-0	300	0	200	-0
66	-0	-0	-0	1506	0	-203	-0	-0	-0	-0	2109	0	-203	-0	-0	-0	-0	903	0	-403	-0	-53.48	639.65	-53.35	92.1	0	-232.26	2280.65	-0	-0	-0	300	0	200	-0
67	-0	-0	-0	1506	0	-203	-0	-0	-0	-0	2109	0	-203	-0	-0	-0	-0	903	0	-403	-0	-50.02	624.72	-51.58	93.16	0	-231.97	2271.71	-0	-0	-0	300	0	200	-0
68	-0	-0	-0	1506	0	-203	-0	-0	-0	-0	2109	0	-203	-0	-0	-0	-0	903	0	-403	-0	-44.59	608.16	-49.48	95.01	0	-231.46	2052.22	-0	-0	-0	300	0	200	-0
69	-0	-0	-0	1506	0	-203	-0	-0	-0	-0	2109	0	-203	-0	-0	-0	-0	903	0	-403	-0	-40.11	594.31	-47.65	96.68	0	-231.22	1914.94	-0	-0	-0	300	0	200	-0
70	-0	-0	-0	1506	0	-203	-0	-0	-0	-0	2109	0	-203	-0	-0	-0	-0	903	0	-403	-0	-36.45	582.63	-45.88	98.41	0	-230.93	1751.17	-0	-0	-0	300	0	200	-0
71	-0	-0	-0	1506	0	-203	-0	-0	-0	-0	2109	0	-203	-0	-0	-0	-0	903	0	-403	-0	-32.38	567.97	-44.39	100.56	0	-230.32	1581.27	-0	-0	-0	300	0	200	-0
72	-0	-0	-0	1506	0	-203	-0	-0	-0	-0	2109	0	-203	-0	-0	-0	-0	903	0	-403	-0	-28.24	554.4	-43.03	102.32	0	-230.27	1528.72	-0	-0	-0	300	0	200	-0
73	-0	-0	-0	1506	0	-203	-0	-0	-0	-0	2109	0	-203	-0	-0	-0	-0	903	0	-403	-0	-25.38	541.64	-41.61	103.01	0	-230.02	1531.57	-0	-0	-0	300	0	200	-0
74	-0	-0	-0	1506	0	-203	-0	-0	-0	-0	2109	0	-203	-0	-0	-0	-0	903	0	-403	-0	-22.6	528.88	-39.91	105.85	0	-229.63	1371.58	-0	-0	-0	300	0	200	-0
75	-0	-0	-0	1506	0	-203	-0	-0	-0	-0	2109	0	-203	-0	-0	-0	-0	903	0	-403	-0	-20.09	518.29	-38.08	107.76	0	-229.61	1353.1	-0	-0	-0	300	0	200	-0
76	-0	-0	-0	1506	0	-203	-0	-0	-0	-0	2109	0	-203	-0	-0	-0	-0	903	0	-403	-0	-18.26	509.33	-36.24	109.31	0	-229.4	1350.74	-0	-0	-0	300	0	200	-0
77	-0	-0	-0	1506	0	-203	-0	-0	-0	-0	2109	0	-203	-0	-0	-0	-0	903	0	-403	-0	-15.48	498.47	-34	110.94	0	-229.26	1330.12	-0	-0	-0	300	0	200	-0
78	-0	-0	-0	1506	0	-203	-0	-0	-0	-0	2109	0	-203	-0	-0	-0	-0	903	0	-403	-0	-13.17	489.51	-31.83	112.61	0	-229.09	1423.97	-0	-0	-0	300	0	200	-0
79	-0	-0	-0	1506	0	-203	-0	-0	-0	-0	2109	0	-203	-0	-0	-0	-0	903	0	-403	-0	-10.59	481.91	-29.73	113.51	0	-228.99	1446.9	-0	-0	-0	300	0	200	-0
80	-0	-0	-0	1506	0	-203	-0	-0	-0	-0	2109	0	-203	-0	-0	-0	-0	903	0	-403	-0	-7.19	474.85	-27.69	115.85	0	-229.23	1445.69	-0	-0	-0	300	0	200	-0
81	-0	-0	-0	1506	0	-203	-0	-0	-0	-0	2109	0	-203	-0	-0	-0	-0	903	0	-403	-0	-2.71	468.61	-25.79	117.02	0	-229.14	1516.1	0	0	0	300	0	200	0
82	-0	-0	-0	1506	0	-203	-0	-0	-0	-0	2109	0	-203	-0	-0	-0	-0	903	0	-403	-0	3.94	461.82	-31.7	116.9	0	-229.25	712.92	-0	-0	-0	300	0	200	-0
83	-0	-0	-0	1506	0	-203	-0	-0	-0	-0	2109	0	-203	-0	-0	-0	-0	903	0	-403	-0	6.11	456.39	-29.73	118.86	0	-229.2	669.83	-0	-0	-0	300	0	200	-0
84	-0	-0	-0	1506	0	-203	-0	-0	-0	-0	2109	0	-203	-0	-0	-0	-0	903	0	-403	-0	7.81	451.5	-27.29	120.17	0	-229.27	314.11	-0	-0	-0	300	0	200	-0
85	-0	-0	-0	1506	0	-203	-0	-0	-0	-0	2109	0	-203	-0	-0	-0	-0	903	0	-403	-0	8.48	447.7	-24.77	120.61	0	-229.71	-18.37	0	0	0	300	0	200	0
86	-0	-0	-0	1506	0	-203	-0	-0	-0	-0	2109	0	-203	-0	0	0	0	903	0	-403	0	10.25	443.9	-23.76	121.35	0	-230.06	130.6	-0	-0	-0	300	0	200	-0
87	-0	-0	-0	1506	0	-203	-0	-0	-0	-0	2109	0	-203	-0	0	0	0	903	0	-403	0	10.18	441.73	-22.53	122.03	0	-230.6	102.3	-0	-0	-0	300	0	200	-0
88	-0	-0	-0	1506	0	-203	-0	-0	-0	-0	2109	0	-203	-0	-0	-0	-0	903	0	-403	-0	12.29	440.64	-22.6	122.65	0	-230.61	570.4	-0	-0	-0	300	0	200	-0
89	-0	-0	-0	1506	0	-203	-0	-0	-0	-0	2109	0	-203	-0	-0	-0	-0	903	0	-403	-0	12.96	440.1	-21.79	123.5	0	-230.92	666.52	-0	-0	-0	300	0	200	-0
90	-0	-0	-0	1506	0	-203	-0	-0	-0	-0	2109	0	-203	-0	-0	-0	-0	903	0	-403	-0	14.8	440.64	-20.97	124.47	0	-231.23	835.76	-0	-0	-0	300	0	200	-0
91	-0	-0	-0	1506	0	-203	-0	-0	-0	-0	2109	0	-203	-0	-0	-0	-0	903	0	-403	-0	15.75	441.73	-20.29	125.18	0	-231.44	1159.86	-0	-0	-0	300	0	200	-0
92	-0	-0	-0	1506	0	-203	-0	-0	-0	-0	2109	0	-203	-0	-0	-0	-0	903	0	-403	-0	18.39	441.73	-19	125.59	0	-231.66	1054.28	-0	-0	-0	300	0	200	-0
93	-0	-0	-0	1506	0	-203	-0	-0	-0	-0	2109	0	-203	-0	0	0	0	903	0	-403	0	20.5	443.9	-17.78	126.22	0	-232.21	1185.78	-0	-0	-0	300	0	200	-0
94	-0	-0	-0	1506	0	-203	-0	-0	-0	-0	2109	0	-203	-0	-0	-0	-0	903	0	-403	-0	21.99	446.34	-15.75	126.68	0	-232.2	1207.85	-0	-0	-0	300	0	200	-0
95	-0	-0	-0	1506	0	-203	-0	-0	-0	-0	2109	0	-203	-0	-0	-0	-0	903	0	-403	-0	24.1	450.42	-14.32	127.08	0	-232.92	1209.56	-0	-0	-0	300	0	200	-0
96	-0	-0	-0	1506	0	-203	-0	-0	-0	-0	2109	0	-203	-0	-0	-0	-0	903	0	-403	-0	25.72	457.75	-13.51	128.77	0	-233.07	1324.49	0	0	0	300	0	200	0
97	-0	-0	-0	1506	0	-203	-0	-0	-0	-0	2109	0	-203	-0	-0	-0	-0	903	0	-403	-0	28.17	461.82	-13.71	128.31	0	-233.49	1783.75	-0	-0	-0	300	0	200	-0
98	-0	-0	-0	1506	0	-203	-0	-0	-0	-0	2109	0	-203	-0	-0	-0	-0	903	0	-403	-0	29.19	472.41	-13.44	129.76	0	-233.63	1647.39	-0	-0	-0	300	0	200	-0
99	-0	-0	-0	1506	0	-203	-0	-0	-0	-0	2109	0	-203	-0	-0	-0	-0	903	0	-403	-0	30.61	480.01	-13.78	129.41	0	-233.92	1874.59	-0	-0	-0	300	0	200	-0
100	-0	-0	-0	1506	0	-203	-0	-0	-0	-0	2109	0	-203	-0	0	0	0	903	0	-403	0	30.68	487.88	-13.85	129.73	0	-234.44	1975.58	-0	-0	-0	300	0	200	-0
101	-0	-0	-0	1506	0	-203	-0	-0	-0	-0	2109	0	-203	-0	0	0	0	903	0	-403	0	32.78	500.37	-14.19	130.84	0	-234.51	1846.46	-0	-0	-0	300	0	200	-0
102	-0	-0	-0	1506	0	-203	-0	-0	-0	-0	2109	0	-203	-0	-0	-0	-0	903	0	-403	-0	34.14	512.05	-14.25	131.63	0	-234.76	1961.87	-0	-0	-0	300	0	200	-0
103	-0	-0	-0	1506	0	-203	-0	-0	-0	-0	2109	0	-203	-0	-0	-0	-0	903	0	-403	-0	36.31	521.82	-13.64	131.87	0	-234.95	1923.21	-0	-0	-0	300	0	200	-0
104	-0	-0	-0	1506	0	-203	-0	-0	-0	-0	2109	0	-203	-0	-0	-0	-0	903	0	-403	-0	39.5	533.77	-13.91	132.15	0	-235.3	1851.29	-0	-0	-0	300	0	200	-0
105	-0	-0	-0	1506	0	-203	-0	-0	-0	-0	2109	0	-203	-0	0	0	0	903	0	-403	0	42.35	547.88	-13.85	133.02	0	-235.42	2011.3	-0	-0	-0	300	0	200	-0
106	-0	-0	-0	1506	0	-203	-0	-0	-0	-0	2109	0	-203	-0	-0	-0	-0	903	0	-403	-0	46.02	558.74	-14.66	133.28	0	-235.81	2252.33	-0	-0	-0	300	0	200	-0
107	-0	-0	-0	1506	0	-203	-0	-0	-0	-0	2109	0	-203	-0	0	0	0	903	0	-403	0	49.34	574.49	-14.73	134.16	0	-235.79	2247.31	-0	-0	-0	300	0	200	-0
108	-0	-0	-0	1506	0	-203	-0	-0	-0	-0	2109	0	-203	-0	-0	-0	-0	903	0	-403	-0	52.74	588.61	-15	134.48	0	-236.06	2342.24	-0	-0	-0	300	0	200	-0
109	-0	-0	-0	1506	0	-203	-0	-0	-0	-0	2109	0	-203	-0	-0	-0	-0	903	0	-403	-0	54.98	601.91	-15.07	134.97	0	-236.27	2236.72	-0	-0	-0	300	0	200	-0
110	-0	-0	-0	1506	0	-203	-0	-0	-0	-0	2109	0	-203	-0	-0	-0	-0	903	0	-403	-0	58.51	619.56	-15.14	135.89	0	-236.57	2229.33	-0	-0	-0	300	0	200	-0
111	-0	-0	-0	1506	0	-203	-0	-0	-0	-0	2109	0	-203	-0	-0	-0	-0	903	0	-403	-0	62.24	634.49	-15.81	136.1	0	-236.84	2291.92	0	0	0	300	0	200	0
112	-0	-0	-0	1506	0	-203	-0	-0	-0	-0	2109	0	-203	-0	-0	-0	-0	903	0	-403	-0	65.97	648.61	-15.41	137.12	0	-237.11	2068.76	-0	-0	-0	300	0	200	-0
113	-0	-0	-0	1506	0	-203	-0	-0	-0	-0	2109	0	-203	-0	-0	-0	-0	903	0	-403	-0	71.88	664.08	-16.02	137.26	0	-237.39	2210.34	-0	-0	-0	300	0	200	-0
114	-0	-0	-0	1506	0	-203	-0	-0	-0	-0	2109	0	-203	-0	0	0	0	903	0	-403	0	77.72	678.2	-16.7	137.72	0	-237.55	2288.31	-0	-0	-0	300	0	200	-0
115	-0	-0	-0	1506	0	-203	-0	-0	-0	-0	2109	0	-203	-0	-0	-0	-0	903	0	-403	-0	82.74	689.33	-17.44	138.12	0	-237.85	2249.38	-0	-0	-0	300	0	200	-0
116	-0	-0	-0	1506	0	-203	-0	-0	-0	-0	2109	0	-203	-0	-0	-0	-0	903	0	-403	-0	89.12	703.45	-18.12	138.76	0	-238.13	2326.1	0	0	0	300	0	200	0
117	-0	-0	-0	1506	0	-203	-0	-0	-0	-0	2109	0	-203	-0	-0	-0	-0	903	0	-403	-0	95.91	715.67	-19.21	139.18	0	-238.04	2363.55	-0	-0	-0	300	0	200	-0
118	-0	-0	-0	1506	0	-203	-0	-0	-0	-0	2109	0	-203	-0	-0	-0	-0	903	0	-403	-0	100.45	724.36	-19.55	139.56	0	-238.4	2154.43	-0	-0	-0	300	0	200	-0
119	-0	-0	-0	1506	0	-203	-0	-0	-0	-0	2109	0	-203	-0	-0	-0	-0	903	0	-403	-0	107.38	735.49	-20.57	139.99	0	-238.7	2285.55	-0	-0	-0	300	0	200	-0
120	-0	-0	-0	1506	0	-203	-0	-0	-0	-0	2109	0	-203	-0	-0	-0	-0	903	0	-403	-0	113.21	742.82	-21.11	140.17	0	-238.85	2119.7	0	0	0	300	0	200	0
121	-0	-0	-0	1506	0	-203	-0	-0	-0	-0	2109	0	-203	-0	-0	-0	-0	903	0	-403	-0	119.59	751.51	-21.92	141.3	0	-238.95	2057.12	-0	-0	-0	300	0	200	-0
122	-0	-0	-0	1506	0	-203	-0	-0	-0	-0	2109	0	-203	-0	-0	-0	-0	903	0	-403	-0	126.04	757.48	-22.74	141.63	0	-239.25	2100.33	-0	-0	-0	300	0	200	-0
123	-0	-0	-0	1506	0	-203	-0	-0	-0	-0	2109	0	-203	-0	-0	-0	-0	903	0	-403	-0	132.69	762.37	-23.35	142.28	0	-239.44	2045.66	0	0	0	300	0	200	0
124	-0	-0	-0	1506	0	-203	-0	-0	-0	-0	2109	0	-203	-0	-0	-0	-0	903	0	-403	-0	138.6	765.9	-24.57	142.54	0	-239.61	2093.76	-0	-0	-0	300	0	200	-0
125	-0	-0	-0	1506	0	-203	-0	-0	-0	-0	2109	0	-203	-0	-0	-0	-0	903	0	-403	-0	144.64	767.53	-24.64	142.89	0	-239.91	2055.13	-0	-0	-0	300	0	200	-0
126	-0	-0	-0	1506	0	-203	-0	-0	-0	-0	2109	0	-203	-0	0	0	0	903	0	-403	0	149.73	770.78	-25.45	143.88	0	-239.9	1833.67	-0	-0	-0	300	0	200	-0
127	-0	-0	-0	1506	0	-203	-0	-0	-0	-0	2109	0	-203	-0	-0	-0	-0	903	0	-403	-0	153.94	767.53	-25.18	143.97	0	-240.18	1818.76	-0	-0	-0	300	0	200	-0
128	-0	-0	-0	1506	0	-203	-0	-0	-0	-0	2109	0	-203	-0	-0	-0	-0	903	0	-403	-0	159.16	765.9	-24.71	144.63	0	-240.51	1770.23	-0	-0	-0	300	0	200	-0
129	-0	-0	-0	1506	0	-203	-0	-0	-0	-0	2109	0	-203	-0	-0	-0	-0	903	0	-403	-0	163.71	762.1	-24.16	145.23	0	-240.86	1588.92	-0	-0	-0	300	0	200	-0
130	-0	-0	-0	1506	0	-203	-0	-0	-0	-0	2109	0	-203	-0	-0	-0	-0	903	0	-403	-0	167.72	758.29	-23.62	145.58	0	-240.96	1573.39	-0	-0	-0	300	0	200	-0
131	-0	-0	-0	1506	0	-203	-0	-0	-0	-0	2109	0	-203	-0	-0	-0	-0	903	0	-403	-0	171.99	750.42	-23.35	145.89	0	-241.21	1583.23	-0	-0	-0	300	0	200	-0
132	-0	-0	-0	1506	0	-203	-0	-0	-0	-0	2109	0	-203	-0	-0	-0	-0	903	0	-403	-0	175.79	741.46	-22.87	146.17	0	-241.45	1483.96	-0	-0	-0	300	0	200	-0
133	-0	-0	-0	1506	0	-203	-0	-0	-0	-0	2109	0	-203	-0	-0	-0	-0	903	0	-403	-0	178.98	732.77	-22.53	146.72	0	-241.81	1611.99	-0	-0	-0	300	0	200	-0
134	-0	-0	-0	1506	0	-203	-0	-0	-0	-0	2109	0	-203	-0	-0	-0	-0	903	0	-403	-0	182.79	719.74	-21.11	147.35	0	-242.19	1475.83	-0	-0	-0	300	0	200	-0
135	-0	-0	-0	1506	0	-203	-0	-0	-0	-0	2109	0	-203	-0	-0	-0	-0	903	0	-403	-0	185.43	704.81	-20.23	147.37	0	-242.39	1304.85	-0	-0	-0	300	0	200	-0
136	-0	-0	-0	1506	0	-203	-0	-0	-0	-0	2109	0	-203	-0	0	0	0	903	0	-403	0	186.04	689.88	-18.39	147.5	0	-242.68	1211.53	-0	-0	-0	300	0	200	-0
137	-0	-0	-0	1506	0	-203	-0	-0	-0	-0	2109	0	-203	-0	-0	-0	-0	903	0	-403	-0	186.11	671.14	-16.97	147.97	0	-242.95	958.93	-0	-0	-0	300	0	200	-0
138	-0	-0	-0	1506	0	-203	-0	-0	-0	-0	2109	0	-203	-0	0	0	0	903	0	-403	0	185.84	649.15	-15	147.62	0	-243.43	736.79	-0	-0	-0	300	0	200	-0
139	-0	-0	-0	1506	0	-203	-0	-0	-0	-0	2109	0	-203	-0	-4.95	17.1	-3.87	737.7	0	-363.49	166.41	185.98	631.23	-13.98	148.17	0	-243.38	684.96	-0	-0	-0	300	0	200	-0
140	-0	-0	-0	1506	0	-203	-0	-0	-0	-0	2109	0	-203	-0	-15.88	168.6	-11.88	751.34	0	-367.17	110.46	185.98	602.18	-12.49	147.94	0	-243.86	655.86	0	0	0	300	0	200	0
141	-0	-0	-0	1506	0	-203	-0	-0	-0	-0	2109	0	-203	-0	-66.31	911.69	-43.71	758.84	0	-371.78	-985.74	186.11	576.12	-10.38	148.8	0	-244.44	621.5	-0	-0	-0	300	0	200	-0
142	-0	-0	-0	1506	0	-203	-0	-0	-0	-0	2109	0	-203	-0	-83.28	831.87	-91.83	760.13	0	-370.29	-383.07	186.11	551.14	-10.32	149.18	0	-244.54	820.99	-0	-0	-0	300	0	200	-0
143	-0	-0	-0	1506	0	-203	-0	-0	-0	-0	2109	0	-203	-0	-103.44	579.37	-77.99	760.64	0	-368.55	554.59	186.04	511.77	-8.08	149.86	0	-244.58	718.85	-0	-0	-0	300	0	200	-0
144	-0	-0	-0	1506	0	-203	-0	-0	-0	-0	2109	0	-203	-0	-109.89	573.67	-68.89	763.29	0	-369.75	554.1	186.11	469.15	-5.84	149.25	0	-245.13	776.47	-0	-0	-0	300	0	200	-0
145	-0	-0	-0	1506	0	-203	-0	-0	-0	-0	2109	0	-203	-0	-133.78	604.62	-54.57	766.66	0	-370.17	582.95	183.6	430.05	-2.65	151.58	0	-245.21	392.62	-0	-0	-0	300	0	200	-0
146	-0	-0	-0	1506	0	-203	-0	-0	-0	-0	2109	0	-203	-0	-145.52	628.24	-45.48	767.77	0	-370.44	528.45	170.43	382	-2.31	153.05	0	-244.85	308.04	-0	-0	-0	300	0	200	-0
147	-0	-0	-0	1506	0	-203	-0	-0	-0	-0	2109	0	-203	-0	-151.83	626.07	-31.63	768.88	0	-370.02	-587.52	149.66	336.11	-1.49	155.52	0	-245.26	48.87	-0	-0	-0	300	0	200	-0
148	-0	-0	-0	1506	0	-203	-0	-0	-0	-0	2109	0	-203	-0	-142.67	634.22	-27.15	770.58	0	-370.55	-467.92	133.03	295.93	-3.46	157.34	0	-244.53	358.42	0	0	0	300	0	200	0
149	-0	-0	-0	1506	0	-203	-0	-0	-0	-0	2109	0	-203	-0	-130.59	649.69	-16.97	772.42	0	-370.75	-1032.71	104.73	246.25	-2.51	161.21	0	-243.72	320.38	-0	-0	-0	300	0	200	-0
150	-0	-0	-0	1506	0	-203	-0	-0	-0	-0	2109	0	-203	-0	-119.32	699.92	-2.04	779.45	0	-371.29	-2666.14	81.04	199.01	-2.65	163.68	0	-242.85	457.97	0	0	0	300	0	200	0
151	-0	-0	-0	1506	0	-203	-0	-0	-0	-0	2109	0	-203	-0	-127.6	831.32	6.72	786.77	0	-372.69	-2971.17	61.29	161.81	-1.97	169.08	0	-241.1	327.61	-0	-0	-0	300	0	200	-0
152	-0	-0	-0	1506	0	-203	-0	0	0	0	2109	0	-203	0	-170.43	885.62	15.07	789.63	0	-373.77	-3437.69	44.25	125.7	-2.71	174.81	0	-239.1	232.37	-0	-0	-0	300	0	200	-0
153	-0	-0	-0	1506	0	-203	-0	-0	-0	-0	2109	0	-203	-0	-169.62	850.87	31.29	794.19	0	-374.15	-3922.29	32.72	102.9	-5.63	178.96	0	-238.12	255.07	-0	-0	-0	300	0	200	-0
154	-0	-0	-0	1506	0	-203	-0	-0	-0	-0	2109	0	-203	-0	-169.41	824.54	32.31	799.61	0	-375.35	-1695.36	18.33	86.61	-4.62	176.9	0	-236.44	-179.17	-0	-0	-0	300	0	200	-0
155	-0	-0	-0	1506	0	-203	-0	-0	-0	-0	2109	0	-203	-0	-169.48	800.64	23.35	801.55	0	-376.08	346.56	7.19	68.96	-5.5	184.4	0	-236.6	-163.97	0	0	0	300	0	200	0
156	-0	-0	-0	1506	0	-203	-0	-0	-0	-0	2109	0	-203	-0	-169.48	781.64	24.03	803.68	0	-376.51	1302.36	-1.22	47.78	-4.07	180.22	0	-236.19	-250.93	-0	-0	-0	300	0	200	-0
157	-0	-0	-0	1506	0	-203	-0	-0	-0	-0	2109	0	-203	-0	-169.55	773.77	32.1	805.8	0	-376.71	1480.29	-1.22	30.41	-5.7	186.61	0	-239.29	98.78	-0	-0	-0	300	0	200	-0
158	-0	-0	-0	1506	0	-203	-0	-0	-0	-0	2109	0	-203	-0	-169.75	800.1	42.96	809.42	0	-377.78	375.72	-0	-0	-0	300	0	-203	-0	-0	-0	-0	300	0	200	-0
159	-0	-0	-0	1506	0	-203	-0	-0	-0	-0	2109	0	-203	-0	-169.55	835.12	57.69	811.69	0	-378.36	-531.71	-0	-0	-0	300	0	-203	-0	-0	-0	-0	300	0	200	-0
160	-0	-0	-0	1506	0	-203	-0	-0	-0	-0	2109	0	-203	-0	-169.14	875.85	68.89	812.94	0	-379.35	-1065.9	-0	-0	-0	300	0	-203	-0	-0	-0	-0	300	0	200	-0
161	-0	-0	-0	1506	0	-203	-0	-0	-0	-0	2109	0	-203	-0	-169.35	908.16	76.7	813.18	0	-379.72	-1742.7	-0	-0	-0	300	0	-203	-0	-0	-0	-0	300	0	200	-0
162	-0	-0	-0	1506	0	-203	-0	-0	-0	-0	2109	0	-203	-0	-169.55	935.03	73.71	813.02	0	-379.89	-1425.62	-0	-0	-0	300	0	-203	-0	-0	-0	-0	300	0	200	-0
163	-0	-0	-0	1506	0	-203	-0	-0	-0	-0	2109	0	-203	-0	-169.89	967.89	68.28	813.4	0	-380.41	-1391.54	-0	-0	-0	300	0	-203	-0	-0	-0	-0	300	0	200	-0
164	-0	-0	-0	1506	0	-203	-0	-0	-0	-0	2109	0	-203	-0	-169.89	988.52	60.2	813.75	0	-380.61	-1300.08	-0	-0	-0	300	0	-203	-0	-0	-0	-0	300	0	200	-0
165	-0	-0	-0	1506	0	-203	-0	-0	-0	-0	2109	0	-203	-0	-169.96	996.66	57.29	814.28	0	-380.71	-1189.87	-0	-0	-0	300	0	-203	-0	-0	-0	-0	300	0	200	-0
166	-0	-0	-0	1506	0	-203	-0	-0	-0	-0	2109	0	-203	-0	-169.75	1003.99	57.56	814.99	0	-380.92	-1639.1	0	0	0	300	0	-203	0	-0	-0	-0	300	0	200	-0
167	-0	-0	-0	1506	0	-203	-0	-0	-0	-0	2109	0	-203	-0	-169.69	1012.68	62.65	815.94	0	-381.41	-2106.34	-0	-0	-0	300	0	-203	-0	-0	-0	-0	300	0	200	-0
168	-0	-0	-0	1506	0	-203	-0	-0	-0	-0	2109	0	-203	-0	-169.89	1017.84	68.35	816.48	0	-381.96	-2166.03	-0	-0	-0	300	0	-203	-0	-0	-0	-0	300	0	200	-0
169	-0	-0	-0	1506	0	-203	-0	-0	-0	-0	2109	0	-203	-0	-166.56	1021.64	73.51	817.73	0	-382.74	-2652.92	0	0	0	300	0	-203	0	0	0	0	300	0	200	0
170	-0	-0	-0	1506	0	-203	-0	-0	-0	-0	2109	0	-203	-0	-159.44	1024.63	77.24	818.83	0	-383.44	-2908.91	-0	-0	-0	300	0	-203	-0	-0	-0	-0	300	0	200	-0
171	-0	-0	-0	1506	0	-203	-0	-0	-0	-0	2109	0	-203	-0	-155.64	1024.63	76.63	819.5	0	-383.79	-2579.6	-0	-0	-0	300	0	-203	-0	-0	-0	-0	300	0	200	-0
172	-0	-0	-0	1506	0	-203	-0	-0	-0	-0	2109	0	-203	-0	-151.09	1026.53	75.82	820.53	0	-384.28	-2964.33	-0	-0	-0	300	0	-203	-0	-0	-0	-0	300	0	200	-0
173	-0	-0	-0	1506	0	-203	-0	-0	-0	-0	2109	0	-203	-0	-146.81	1029.52	73.51	822	0	-384.77	-2894.35	-0	-0	-0	300	0	-203	-0	0	0	0	300	0	200	0
174	-0	-0	-0	1506	0	-203	-0	-0	-0	-0	2109	0	-203	-0	-144.1	1034.13	73.64	823.02	0	-385.06	-2898.43	-0	-0	-0	300	0	-203	-0	-0	-0	-0	300	0	200	-0
175	-0	-0	-0	1506	0	-203	-0	-0	-0	-0	2109	0	-203	-0	-138.87	1038.47	73.3	824.28	0	-385.5	-3498.04	-0	-0	-0	300	0	-203	-0	-0	-0	-0	300	0	200	-0
176	-0	-0	-0	1506	0	-203	-0	-0	-0	-0	2109	0	-203	-0	-134.32	1040.1	73.71	825.36	0	-385.93	-3499.49	-0	-0	-0	300	0	-203	-0	-0	-0	-0	300	0	200	-0
177	-0	-0	-0	1506	0	-203	-0	-0	-0	-0	2109	0	-203	-0	-128.01	1040.92	74.12	826.44	0	-386.34	-3473.39	-0	-0	-0	300	0	-203	-0	-0	-0	-0	300	0	200	-0
178	-0	-0	-0	1506	0	-203	-0	-0	-0	-0	2109	0	-203	-0	-123.6	1041.46	74.87	828.22	0	-386.92	-3815	-0	-0	-0	300	0	-203	-0	-0	-0	-0	300	0	200	-0
179	-0	-0	-0	1506	0	-203	-0	-0	-0	-0	2109	0	-203	-0	-119.19	1039.83	75.48	829.62	0	-387.45	-3787.01	-0	-0	-0	300	0	-203	-0	-0	-0	-0	300	0	200	-0
180	-0	-0	-0	1506	0	-203	-0	-0	-0	-0	2109	0	-203	-0	-116.34	1036.57	75.48	830.87	0	-387.95	-3686.43	-0	-0	-0	300	0	-203	-0	-0	-0	-0	300	0	200	-0
181	-0	-0	-0	1506	0	-203	-0	-0	-0	-0	2109	0	-203	-0	-111.99	1029.24	76.15	832.26	0	-388.45	-3933.24	-0	-0	-0	300	0	-203	-0	-0	-0	-0	300	0	200	-0
182	-0	-0	-0	1506	0	-203	-0	-0	-0	-0	2109	0	-203	-0	-107.31	1024.09	76.63	833.91	0	-388.89	-3826.29	-0	-0	-0	300	0	-203	-0	-0	-0	-0	300	0	200	-0
183	-0	-0	-0	1506	0	-203	-0	-0	-0	-0	2109	0	-203	-0	-103.98	1017.03	77.44	835.13	0	-389.29	-3860.11	-0	-0	-0	300	0	-203	-0	0	0	0	300	0	200	0
184	-0	-0	-0	1506	0	-203	-0	-0	-0	-0	2109	0	-203	-0	-98.49	1008.07	78.12	836.74	0	-389.78	-3997.26	-0	-0	-0	300	0	-203	-0	-0	-0	-0	300	0	200	-0
185	-0	-0	-0	1506	0	-203	-0	-0	-0	-0	2109	0	-203	-0	-94.21	998.56	79.14	837.79	0	-390.46	-3935.9	0	0	0	300	0	-203	0	-0	-0	-0	300	0	200	-0
186	-0	-0	-0	1506	0	-203	-0	-0	-0	-0	2109	0	-203	-0	-89.53	987.7	80.43	838.98	0	-390.8	-4070.69	0	0	0	300	0	-203	0	-0	-0	-0	300	0	200	-0
187	-0	-0	-0	1506	0	-203	-0	-0	-0	-0	2109	0	-203	-0	-85.45	971.69	80.91	840.66	0	-391.42	-4024.63	-0	-0	-0	300	0	-203	-0	-0	-0	-0	300	0	200	-0
188	-0	-0	-0	1506	0	-203	-0	-0	-0	-0	2109	0	-203	-0	-79.75	956.21	81.72	842.1	0	-391.86	-3940.22	0	0	0	300	0	-203	0	-0	-0	-0	300	0	200	-0
189	-0	-0	-0	1506	0	-203	-0	-0	-0	-0	2109	0	-203	-0	-75.95	941.28	81.79	843.39	0	-392.2	-4134.23	-0	-0	-0	300	0	-203	-0	-0	-0	-0	300	0	200	-0
190	-0	-0	-0	1506	0	-203	-0	-0	-0	-0	2109	0	-203	-0	-71.27	923.9	81.58	845.21	0	-392.58	-4090.86	-0	-0	-0	300	0	-203	-0	-0	-0	-0	300	0	200	-0
191	-0	-0	-0	1506	0	-203	-0	-0	-0	-0	2109	0	-203	-0	-67.13	908.43	79.89	846.58	0	-392.89	-4040.38	-0	-0	-0	300	0	-203	-0	-0	-0	-0	300	0	200	-0
192	-0	-0	-0	1506	0	-203	-0	-0	-0	-0	2109	0	-203	-0	-63.94	894.58	79.07	847.84	0	-393.24	-4210.34	-0	-0	-0	300	0	-203	-0	-0	-0	-0	300	0	200	-0
193	-0	-0	-0	1506	0	-203	-0	-0	-0	-0	2109	0	-203	-0	-58.58	874.22	78.26	849.31	0	-393.53	-4143.54	-0	-0	-0	300	0	-203	-0	-0	-0	-0	300	0	200	-0
194	-0	-0	-0	1506	0	-203	-0	-0	-0	-0	2109	0	-203	-0	-53.62	855.76	77.65	850.78	0	-393.85	-4051.68	-0	-0	-0	300	0	-203	-0	-0	-0	-0	300	0	200	-0
195	-0	-0	-0	1506	0	-203	-0	-0	-0	-0	2109	0	-203	-0	-48.46	838.92	77.65	852.08	0	-394.11	-4222.37	-0	-0	-0	300	0	-203	-0	-0	-0	-0	300	0	200	-0
196	-0	-0	-0	1506	0	-203	-0	-0	-0	-0	2109	0	-203	-0	-43.51	818.83	76.49	853.67	0	-394.41	-3950.03	-0	-0	-0	300	0	-203	-0	-0	-0	-0	300	0	200	-0
197	-0	-0	-0	1506	0	-203	-0	-0	-0	-0	2109	0	-203	-0	-38.89	796.03	75	854.75	0	-394.53	-3917.05	-0	-0	-0	300	0	-203	-0	-0	-0	-0	300	0	200	-0
198	-0	-0	-0	1506	0	-203	-0	-0	-0	-0	2109	0	-203	-0	-36.31	779.74	73.1	855.98	0	-394.81	-4001.4	-0	-0	-0	300	0	-203	-0	-0	-0	-0	300	0	200	-0
199	-0	-0	-0	1506	0	-203	-0	-0	-0	-0	2109	0	-203	-0	-32.38	758.02	70.86	857.49	0	-394.99	-3760.09	-0	-0	-0	300	0	-203	-0	-0	-0	-0	300	0	200	-0
200	-0	-0	-0	1506	0	-203	-0	-0	-0	-0	2109	0	-203	-0	-29.19	738.47	68.55	858.98	0	-395.21	-3736.89	-0	-0	-0	300	0	-203	-0	-0	-0	-0	300	0	200	-0
201	-0	-0	-0	1506	0	-203	-0	-0	-0	-0	2109	0	-203	-0	-25.79	721.37	66.79	860.61	0	-395.41	-3759.24	-0	-0	-0	300	0	-203	-0	-0	-0	-0	300	0	200	-0
202	-0	-0	-0	1506	0	-203	-0	-0	-0	-0	2109	0	-203	-0	-21.86	699.92	64.89	862.66	0	-395.75	-3534.61	-0	-0	-0	300	0	-203	-0	-0	-0	-0	300	0	200	-0
203	-0	-0	-0	1506	0	-203	-0	-0	-0	-0	2109	0	-203	-0	-18.73	682.27	63.12	864.63	0	-396.05	-3529.42	-0	-0	-0	300	0	-203	-0	-0	-0	-0	300	0	200	-0
204	-0	-0	-0	1506	0	-203	-0	-0	-0	-0	2109	0	-203	-0	-15.75	662.72	61.43	866.48	0	-396.42	-3539.8	-0	-0	-0	300	0	-203	-0	-0	-0	-0	300	0	200	-0
205	-0	-0	-0	1506	0	-203	-0	-0	-0	-0	2109	0	-203	-0	-13.57	641.55	59.25	868.95	0	-396.44	-3380.34	-0	-0	-0	300	0	-203	-0	-0	-0	-0	300	0	200	-0
206	-0	-0	-0	1506	0	-203	-0	-0	-0	-0	2109	0	-203	-0	-11.33	623.08	56.95	871.46	0	-396.98	-3396.77	-0	-0	-0	300	0	-203	-0	-0	-0	-0	300	0	200	-0
207	-0	-0	-0	1506	0	-203	-0	-0	-0	-0	2109	0	-203	-0	-11.61	609.51	54.77	873.97	0	-397.34	-3295.04	-0	-0	-0	300	0	-203	-0	-0	-0	-0	300	0	200	-0
208	-0	-0	-0	1506	0	-203	-0	-0	-0	-0	2109	0	-203	-0	-10.45	591.59	52.74	877.01	0	-397.85	-3147.88	-0	-0	-0	300	0	-203	-0	-0	-0	-0	300	0	200	-0
209	-0	-0	-0	1506	0	-203	-0	-0	-0	-0	2109	0	-203	-0	-10.11	573.67	50.63	879.8	0	-398.1	-3149.03	-0	-0	-0	300	0	-203	-0	-0	-0	-0	300	0	200	-0
210	-0	-0	-0	1506	0	-203	-0	-0	-0	-0	2109	0	-203	-0	-7.87	561.18	48.94	882.28	0	-398.5	-3100.65	-0	-0	-0	300	0	-203	-0	-0	-0	-0	300	0	200	-0
211	-0	-0	-0	1506	0	-203	-0	-0	-0	-0	2109	0	-203	-0	-5.91	544.89	47.31	885.66	0	-399.33	-3032.8	-0	-0	-0	300	0	-203	-0	-0	-0	-0	300	0	200	-0
212	-0	-0	-0	1506	0	-203	-0	-0	-0	-0	2109	0	-203	-0	-4.41	530.5	45.82	888.99	0	-399.88	-2953.83	0	0	0	300	0	-203	0	-0	-0	-0	300	0	200	-0
213	-0	-0	-0	1506	0	-203	-0	-0	-0	-0	2109	0	-203	-0	-3.19	520.46	44.8	891.63	0	-400.16	-2910.29	-0	-0	-0	300	0	-203	-0	-0	-0	-0	300	0	200	-0
214	-0	-0	-0	1506	0	-203	-0	-0	-0	-0	2109	0	-203	-0	-2.65	508.24	43.24	894.86	0	-400.53	-2810.68	-0	-0	-0	300	0	-203	-0	-0	-0	-0	300	0	200	-0
215	-0	-0	-0	1506	0	-203	-0	-0	-0	-0	2109	0	-203	-0	-1.7	498.2	41.95	897.99	0	-400.9	-2745.98	-0	-0	-0	300	0	-203	-0	0	0	0	300	0	200	0
216	-0	-0	-0	1506	0	-203	-0	-0	-0	-0	2109	0	-203	-0	-2.24	491.14	39.91	900.22	0	-401.06	-2545.99	-0	-0	-0	300	0	-203	-0	-0	-0	-0	300	0	200	-0
217	-0	-0	-0	1506	0	-203	-0	-0	-0	-0	2109	0	-203	-0	-0.61	483.54	39.03	903.2	0	-401.49	-2425.48	-0	-0	-0	300	0	-203	-0	-0	-0	-0	300	0	200	-0
218	-0	-0	-0	1506	0	-203	-0	-0	-0	-0	2109	0	-203	-0	0.68	477.83	38.28	905.57	0	-401.56	-2242.02	-0	-0	-0	300	0	-203	-0	-0	-0	-0	300	0	200	-0
219	-0	-0	-0	1506	0	-203	-0	-0	-0	-0	2109	0	-203	-0	5.97	475.66	39.1	907.44	0	-401.41	-1861.71	-0	-0	-0	300	0	-203	-0	-0	-0	-0	300	0	200	-0
220	-0	-0	-0	1506	0	-203	-0	-0	-0	-0	2109	0	-203	-0	6.52	472.13	40.18	910.1	0	-401.89	-1528.69	0	0	0	300	0	-203	0	-0	-0	-0	300	0	200	-0
221	-0	-0	-0	1506	0	-203	-0	-0	-0	-0	2109	0	-203	-0	4.62	474.58	40.52	911.54	0	-401.9	-1403.5	-0	-0	-0	300	0	-203	-0	-0	-0	-0	300	0	200	-0
222	-0	-0	-0	1506	0	-203	-0	-0	-0	-0	2109	0	-203	-0	2.38	475.12	39.43	912.81	0	-401.46	-1259.64	0	0	0	300	0	-203	0	-0	-0	-0	300	0	200	-0
223	-0	-0	-0	1506	0	-203	-0	-0	-0	-0	2109	0	-203	-0	1.97	476.21	36.65	914.01	0	-401.23	-1415.4	-0	-0	-0	300	0	-203	-0	-0	-0	-0	300	0	200	-0
224	-0	-0	-0	1506	0	-203	-0	-0	-0	-0	2109	0	-203	-0	3.67	476.75	33.73	915.03	0	-400.83	-1498.31	0	0	0	300	0	-203	0	-0	-0	-0	300	0	200	-0
225	-0	-0	-0	1506	0	-203	-0	-0	-0	-0	2109	0	-203	-0	5.97	481.63	30.81	915.63	0	-400.59	-1492.25	-0	-0	-0	300	0	-203	-0	0	0	0	300	0	200	0
226	-0	-0	-0	1506	0	-203	-0	-0	-0	-0	2109	0	-203	-0	10.52	485.44	28.98	916.47	0	-400.16	-1785.88	-0	-0	-0	300	0	-203	-0	0	0	0	300	0	200	0
227	-0	-0	-0	1506	0	-203	-0	-0	-0	-0	2109	0	-203	-0	14.53	487.88	26.95	917.39	0	-399.55	-1786.26	0	0	0	300	0	-203	0	-0	-0	-0	300	0	200	-0
228	-0	-0	-0	1506	0	-203	-0	-0	-0	-0	2109	0	-203	-0	18.94	491.41	26.47	917.65	0	-399.46	-1785.8	-0	-0	-0	300	0	-203	-0	-0	-0	-0	300	0	200	-0
229	-0	-0	-0	1506	0	-203	-0	-0	-0	-0	2109	0	-203	-0	21.18	495.48	25.32	918.31	0	-398.96	-2014.85	-0	-0	-0	300	0	-203	-0	-0	-0	-0	300	0	200	-0
230	-0	-0	-0	1506	0	-203	-0	-0	-0	-0	2109	0	-203	-0	24.1	498.74	24.16	919.29	0	-398.55	-2027.23	-0	-0	-0	300	0	-203	-0	-0	-0	-0	300	0	200	-0
231	-0	-0	-0	1506	0	-203	-0	-0	-0	-0	2109	0	-203	-0	24.98	502.27	23.89	919.86	0	-398.17	-2059	-0	-0	-0	300	0	-203	-0	-0	-0	-0	300	0	200	-0
232	-0	-0	-0	1506	0	-203	-0	-0	-0	-0	2109	0	-203	-0	27.69	509.87	22.67	920.56	0	-397.83	-2260.32	-0	-0	-0	300	0	-203	-0	-0	-0	-0	300	0	200	-0
233	-0	-0	-0	1506	0	-203	-0	-0	-0	-0	2109	0	-203	-0	30.27	517.47	22.06	921.23	0	-397.83	-2207.54	-0	-0	-0	300	0	-203	-0	-0	-0	-0	300	0	200	-0
234	-0	-0	-0	1506	0	-203	-0	-0	-0	-0	2109	0	-203	-0	33.6	522.9	21.45	921.91	0	-397.25	-2252.8	-0	-0	-0	300	0	-203	-0	-0	-0	-0	300	0	200	-0
235	-0	-0	-0	1506	0	-203	-0	-0	-0	-0	2109	0	-203	-0	38.15	531.05	20.77	922.4	0	-397.13	-2298.25	-0	-0	-0	300	0	-203	-0	-0	-0	-0	300	0	200	-0
236	-0	-0	-0	1506	0	-203	-0	-0	-0	-0	2109	0	-203	-0	43.17	541.09	20.91	923.03	0	-396.88	-2277.73	-0	-0	-0	300	0	-203	-0	0	0	0	300	0	200	0
237	-0	-0	-0	1506	0	-203	-0	-0	-0	-0	2109	0	-203	-0	47.51	546.79	22.19	923.51	0	-396.9	-2300.1	0	0	0	300	0	-203	0	0	0	0	300	0	200	0
238	-0	-0	-0	1506	0	-203	-0	-0	-0	-0	2109	0	-203	-0	51.99	557.93	23.01	923.86	0	-396.72	-2323.69	-0	-0	-0	300	0	-203	-0	-0	-0	-0	300	0	200	-0
239	-0	-0	-0	1506	0	-203	-0	-0	-0	-0	2109	0	-203	-0	56.54	569.06	24.64	924.4	0	-396.55	-2304.18	-0	-0	-0	300	0	-203	-0	-0	-0	-0	300	0	200	-0
240	-0	-0	-0	1506	0	-203	-0	-0	-0	-0	2109	0	-203	-0	58.71	579.1	25.79	925.08	0	-396.28	-2245.29	0	0	0	300	0	-203	0	-0	-0	-0	300	0	200	-0
241	-0	-0	-0	1506	0	-203	-0	-0	-0	-0	2109	0	-203	-0	62.1	593.22	26.81	925.32	0	-396.33	-2214.01	-0	-0	-0	300	0	-203	-0	-0	-0	-0	300	0	200	-0
242	-0	-0	-0	1506	0	-203	-0	-0	-0	-0	2109	0	-203	-0	65.63	603.81	28.17	925.66	0	-396.17	-2066.64	-0	-0	-0	300	0	-203	-0	-0	-0	-0	300	0	200	-0
243	-0	-0	-0	1506	0	-203	-0	-0	-0	-0	2109	0	-203	-0	69.98	614.4	29.12	926.19	0	-396.18	-2129.65	-0	-0	-0	300	0	-203	-0	-0	-0	-0	300	0	200	-0
244	-0	-0	-0	1506	0	-203	-0	-0	-0	-0	2109	0	-203	-0	74.73	627.43	30.95	926.89	0	-396.01	-2020.5	-0	-0	-0	300	0	-203	-0	-0	-0	-0	300	0	200	-0
245	-0	-0	-0	1506	0	-203	-0	-0	-0	-0	2109	0	-203	-0	79.01	641	33.53	927.14	0	-395.81	-1839.11	-0	-0	-0	300	0	-203	-0	-0	-0	-0	300	0	200	-0
246	-0	-0	-0	1506	0	-203	-0	-0	-0	-0	2109	0	-203	-0	83.08	651.86	35.77	927.5	0	-395.85	-1810.59	0	0	0	300	0	-203	0	-0	-0	-0	300	0	200	-0
247	-0	-0	-0	1506	0	-203	-0	-0	-0	-0	2109	0	-203	-0	86.74	662.99	37.4	927.94	0	-395.64	-1567.83	-0	-0	-0	300	0	-203	-0	-0	-0	-0	300	0	200	-0
248	-0	-0	-0	1506	0	-203	-0	-0	-0	-0	2109	0	-203	-0	91.36	673.58	39.57	928.16	0	-395.46	-1438.96	-0	-0	-0	300	0	-203	-0	-0	-0	-0	300	0	200	-0
249	-0	-0	-0	1506	0	-203	-0	-0	-0	-0	2109	0	-203	-0	94.41	680.91	41.27	928.5	0	-395.55	-1306.35	-0	-0	-0	300	0	-203	-0	-0	-0	-0	300	0	200	-0
250	-0	-0	-0	1506	0	-203	-0	-0	-0	-0	2109	0	-203	-0	99.71	690.14	43.51	929.04	0	-395.51	-1098.61	0	0	0	300	0	-203	0	-0	-0	-0	300	0	200	-0
251	-0	-0	-0	1506	0	-203	-0	-0	-0	-0	2109	0	-203	-0	104.25	698.56	46.02	929.36	0	-395.5	-913.9	-0	-0	-0	300	0	-203	-0	0	0	0	300	0	200	0
252	-0	-0	-0	1506	0	-203	-0	-0	-0	-0	2109	0	-203	-0	108.26	703.45	48.19	929.53	0	-395.41	-765.33	0	0	0	300	0	-203	0	-0	-0	-0	300	0	200	-0
253	-0	-0	-0	1506	0	-203	-0	-0	-0	-0	2109	0	-203	-0	112.87	708.33	49.89	929.77	0	-395.33	-471.57	-0	-0	-0	300	0	-203	-0	-0	-0	-0	300	0	200	-0
254	-0	-0	-0	1506	0	-203	-0	-0	-0	-0	2109	0	-203	-0	117.9	711.32	51.99	930.13	0	-395.4	-299.48	-0	-0	-0	300	0	-203	-0	-0	-0	-0	300	0	200	-0
255	-0	-0	-0	1506	0	-203	-0	-0	-0	-0	2109	0	-203	-0	122.04	712.41	53.42	930.24	0	-395.47	-101.88	-0	-0	-0	300	0	-203	-0	-0	-0	-0	300	0	200	-0
256	-0	-0	-0	1506	0	-203	-0	-0	-0	-0	2109	0	-203	-0	126.31	711.05	54.77	930.74	0	-395.24	160	0	0	0	300	0	-203	0	-0	-0	-0	300	0	200	-0
257	-0	-0	-0	1506	0	-203	-0	-0	-0	-0	2109	0	-203	-0	130.86	712.68	55.93	930.85	0	-395.28	357.41	-0	-0	-0	300	0	-203	-0	-0	-0	-0	300	0	200	-0
258	-0	-0	-0	1506	0	-203	-0	-0	-0	-0	2109	0	-203	-0	133.85	711.32	56.81	931.1	0	-395.17	497.64	-0	-0	-0	300	0	-203	-0	-0	-0	-0	300	0	200	-0
259	-0	-0	-0	1506	0	-203	-0	-0	-0	-0	2109	0	-203	-0	138.06	708.06	57.01	931.19	0	-395.05	720.13	-0	-0	-0	300	0	-203	-0	-0	-0	-0	300	0	200	-0
260	-0	-0	-0	1506	0	-203	-0	-0	-0	-0	2109	0	-203	-0	142.13	702.63	56.81	931.44	0	-394.95	875.4	0	0	0	300	0	-203	0	-0	-0	-0	300	0	200	-0
261	-0	-0	-0	1506	0	-203	-0	-0	-0	-0	2109	0	-203	-0	146.4	698.02	56.95	931.69	0	-394.94	1003.47	-0	-0	-0	300	0	-203	-0	0	0	0	300	0	200	0
262	-0	-0	-0	1506	0	-203	-0	-0	-0	-0	2109	0	-203	-0	150.21	690.14	56.2	932.06	0	-394.77	1189.3	-0	-0	-0	300	0	-203	-0	-0	-0	-0	300	0	200	-0
263	-0	-0	-0	1506	0	-203	-0	-0	-0	-0	2109	0	-203	-0	154.82	681.73	55.05	932.27	0	-394.5	1207.88	0	0	0	300	0	-203	0	-0	-0	-0	300	0	200	-0
264	-0	-0	-0	1506	0	-203	-0	-0	-0	-0	2109	0	-203	-0	157.4	675.76	54.16	932.49	0	-394.28	1339.33	-0	-0	-0	300	0	-203	-0	-0	-0	-0	300	0	200	-0
265	-0	-0	-0	1506	0	-203	-0	-0	-0	-0	2109	0	-203	-0	160.86	664.08	52.06	932.51	0	-394.34	1498.26	-0	-0	-0	300	0	-203	-0	0	0	0	300	0	200	0
266	-9.82	84.31	3.32	1465.54	0	-234.5	-522.49	-0	-0	-0	2109	0	-203	-0	163.98	650.23	49.68	932.55	0	-394.09	1546.61	-0	-0	-0	300	0	-203	-0	-0	-0	-0	300	0	200	-0
267	-54.06	640.12	32.51	1482.37	0	-238.45	-1259.83	-0	-0	-0	2109	0	-203	-0	166.5	637.47	46.77	932.53	0	-394.02	1527.37	0	0	0	300	0	-203	0	-0	-0	-0	300	0	200	-0
268	-70.62	752.21	115.74	1484.97	0	-241.54	-1465.54	-0	-0	-0	2109	0	-203	-0	169.75	617.93	43.71	932.53	0	-393.71	1522.99	-0	-0	-0	300	0	-203	-0	-0	-0	-0	300	0	200	-0
269	-83.47	593.03	116.38	1489.53	0	-242.6	-1507.54	-0	-0	-0	2109	0	-203	-0	171.79	598.38	41.4	932.5	0	-393.48	1496.32	-0	-0	-0	300	0	-203	-0	-0	-0	-0	300	0	200	-0
270	-79.46	524.12	99.9	1492.78	0	-241.02	-1258.14	-0	-0	-0	2109	0	-203	-0	173.55	576.12	37.53	932.73	0	-393.3	1581.33	-0	-0	-0	300	0	-203	-0	-0	-0	-0	300	0	200	-0
271	-77.69	518.18	83.58	1493.88	0	-239.55	-1097.95	-0	-0	-0	2109	0	-203	-0	174.71	547.07	33.12	932.67	0	-393.12	1457.74	0	0	0	300	0	-203	0	-0	-0	-0	300	0	200	-0
272	-87.49	560.5	64.69	1499.65	0	-234.57	-402.37	-0	-0	-0	2109	0	-203	-0	175.59	510.96	29.39	932.64	0	-392.99	1374.44	0	0	0	300	0	-203	0	-0	-0	-0	300	0	200	-0
273	-101.79	647.01	37.56	1506.79	0	-227.46	336.99	-0	-0	-0	2109	0	-203	-0	173.76	475.93	24.71	932.85	0	-392.77	1270.04	-0	-0	-0	300	0	-203	-0	-0	-0	-0	300	0	200	-0
274	-126.53	714.4	5.45	1511.27	0	-223.98	900.96	-0	-0	-0	2109	0	-203	-0	167.99	434.39	20.43	932.65	0	-392.52	1183.4	-0	-0	-0	300	0	-203	-0	-0	-0	-0	300	0	200	-0
275	-150.8	722.56	-15.2	1516.01	0	-221.36	1528.62	-0	-0	-0	2109	0	-203	-0	158.55	391.5	16.56	933.19	0	-392.61	1177.82	-0	-0	-0	300	0	-203	-0	0	0	0	300	0	200	0
276	-161.24	717.55	-12.61	1518.36	0	-220.48	1884.29	-0	-0	-0	2109	0	-203	-0	148.92	352.4	14.53	934.62	0	-392.43	1149.25	-0	-0	-0	300	0	-203	-0	-0	-0	-0	300	0	200	-0
277	-160.44	703.45	-19.54	1520.89	0	-219.54	2486.17	-0	-0	-0	2109	0	-203	-0	135.95	305.43	12.42	936.19	0	-391.98	1026.15	-0	-0	-0	300	0	-203	-0	-0	-0	-0	300	0	200	-0
278	-154.17	698.14	-33.43	1525.12	0	-216.8	2642.83	-0	-0	-0	2109	0	-203	-0	118.58	258.74	10.18	937.6	0	-391.97	900.5	-0	-0	-0	300	0	-203	-0	-0	-0	-0	300	0	200	-0
279	-154.97	700.97	-48.29	1529.01	0	-214.92	2247.14	-0	-0	-0	2109	0	-203	-0	102.69	219.37	7.94	940.47	0	-391.93	845.51	-0	-0	-0	300	0	-203	-0	-0	-0	-0	300	0	200	-0
280	-166.54	724.17	-52.67	1531.48	0	-213.37	976.13	-0	-0	-0	2109	0	-203	-0	78.8	172.67	5.5	945.89	0	-391.98	641.2	-0	-0	-0	300	0	-203	-0	-0	-0	-0	300	0	200	-0
281	-177.79	752.06	-55.74	1532.9	0	-212.42	988.52	-0	-0	-0	2109	0	-203	-0	48.33	133.03	1.22	951.93	0	-392.01	504.45	-0	-0	-0	300	0	-203	-0	-0	-0	-0	300	0	200	-0
282	-185.02	782.77	-62.03	1534.12	0	-211.95	1089.6	-0	-0	-0	2109	0	-203	-0	34.07	107.78	0.27	958.02	0	-394.17	420.91	-0	-0	-0	300	0	-203	-0	0	0	0	300	0	200	0
283	-186.46	816.29	-63.49	1536.02	0	-211.8	1095.12	-0	-0	-0	2109	0	-203	-0	21.99	86.88	1.22	966.82	0	-395.7	286.3	0	0	0	300	0	-203	0	-0	-0	-0	300	0	200	-0
284	-184.05	861.1	-65.42	1536.99	0	-211.66	1605.14	-0	-0	-0	2109	0	-203	-0	10.79	73.3	3.05	970.73	0	-395.66	231.13	-0	-0	-0	300	0	-203	-0	-0	-0	-0	300	0	200	-0
285	-179.23	901.52	-65.58	1537.59	0	-211.82	1941.77	-0	-0	-0	2109	0	-203	-0	3.53	65.16	3.87	973.7	0	-396.44	217.6	-0	-0	-0	300	0	-203	-0	-0	-0	-0	300	0	200	-0
286	-176.98	946.95	-59.45	1537.17	0	-211.91	2079.52	-0	-0	-0	2109	0	-203	-0	-2.71	55.11	3.39	975.82	0	-397.49	96.59	-0	-0	-0	300	0	-203	-0	-0	-0	-0	300	0	200	-0
287	-178.59	972.94	-53.64	1538.64	0	-212.35	1889.25	-0	-0	-0	2109	0	-203	-0	-8.14	45.07	3.46	979.51	0	-399.63	85.38	-0	-0	-0	300	0	-203	-0	-0	-0	-0	300	0	200	-0
288	-181.64	995.81	-48.48	1539.69	0	-211.92	1757.7	-0	-0	-0	2109	0	-203	-0	-9.03	32.31	4.55	993.07	0	-399.16	46.07	-0	-0	-0	300	0	-203	-0	-0	-0	-0	300	0	200	-0
289	-183.89	1011.79	-46.71	1540.85	0	-211.36	1829.83	-0	-0	-0	2109	0	-203	-0	-12.08	25.25	5.09	991.49	0	-398.63	49.87	-0	-0	-0	300	0	-203	-0	-0	-0	-0	300	0	200	-0
290	-183.89	1020.56	-47.18	1542.88	0	-211.3	2467.95	-0	-0	-0	2109	0	-203	-0	-0	-0	-0	903	0	-403	-0	-0	-0	-0	300	0	-203	-0	-0	-0	-0	300	0	200	-0
291	-182.44	1032.79	-51.68	1544.03	0	-210.5	3124.51	-0	-0	-0	2109	0	-203	-0	-0	-0	-0	903	0	-403	-0	-0	-0	-0	300	0	-203	-0	-0	-0	-0	300	0	200	-0
292	-178.26	1036.87	-55.72	1544.49	0	-209.54	3331.55	0	0	0	2109	0	-203	0	-0	-0	-0	903	0	-403	-0	0	0	0	300	0	-203	0	0	0	0	300	0	200	0
293	-171.03	1044.71	-57.01	1544.96	0	-209.15	3128.65	-0	-0	-0	2109	0	-203	-0	-0	-0	-0	903	0	-403	-0	-0	-0	-0	300	0	-203	-0	-0	-0	-0	300	0	200	-0
294	-161.87	1052.86	-52.83	1544.6	0	-208.91	2785.36	-0	-0	-0	2109	0	-203	-0	-0	-0	-0	903	0	-403	-0	-0	-0	-0	300	0	-203	-0	-0	-0	-0	300	0	200	-0
295	-151.91	1062.26	-50.57	1545.17	0	-208.97	2832.03	-0	-0	-0	2109	0	-203	-0	-0	-0	-0	903	0	-403	-0	0	0	0	300	0	-203	0	-0	-0	-0	300	0	200	-0
296	-143.55	1073.53	-48.48	1545.25	0	-209.51	2491.14	-0	-0	-0	2109	0	-203	-0	-0	-0	-0	903	0	-403	-0	-0	-0	-0	300	0	-203	-0	-0	-0	-0	300	0	200	-0
297	-136.64	1075.11	-48.96	1546.15	0	-208.58	2897.28	-0	-0	-0	2109	0	-203	-0	-0	-0	-0	903	0	-403	-0	-0	-0	-0	300	0	-203	-0	0	0	0	300	0	200	0
298	-133.75	1069.48	-51.22	1546.49	0	-208	3227.62	-0	-0	-0	2109	0	-203	-0	-0	-0	-0	903	0	-403	-0	0	0	0	300	0	-203	0	-0	-0	-0	300	0	200	-0
299	-133.75	1059.14	-54.77	1547.65	0	-207.12	2851.64	-0	-0	-0	2109	0	-203	-0	-0	-0	-0	903	0	-403	-0	0	0	0	300	0	-203	0	-0	-0	-0	300	0	200	-0
300	-132.14	1043.17	-57.84	1549.27	0	-206.13	2899.47	-0	-0	-0	2109	0	-203	-0	-0	-0	-0	903	0	-403	-0	-0	-0	-0	300	0	-203	-0	-0	-0	-0	300	0	200	-0
301	-127.64	1032.21	-58.33	1550.12	0	-205.57	2481.73	-0	-0	-0	2109	0	-203	-0	-0	-0	-0	903	0	-403	-0	0	0	0	300	0	-203	0	0	0	0	300	0	200	0
302	-122.18	1025.31	-56.71	1551.29	0	-205	2367.3	-0	-0	-0	2109	0	-203	-0	-0	-0	-0	903	0	-403	-0	-0	-0	-0	300	0	-203	-0	-0	-0	-0	300	0	200	-0
303	-112.54	1015.61	-57.19	1552.36	0	-204.34	2603.73	-0	-0	-0	2109	0	-203	-0	-0	-0	-0	903	0	-403	-0	0	0	0	300	0	-203	0	-0	-0	-0	300	0	200	-0
304	-105.95	1003.38	-56.22	1553.18	0	-204.2	2917.04	-0	-0	-0	2109	0	-203	-0	-0	-0	-0	903	0	-403	-0	-0	-0	-0	300	0	-203	-0	-0	-0	-0	300	0	200	-0
305	-98.56	995.25	-56.07	1553.55	0	-203.07	2579.81	-0	-0	-0	2109	0	-203	-0	-0	-0	-0	903	0	-403	-0	-0	-0	-0	300	0	-203	-0	-0	-0	-0	300	0	200	-0
306	-92.45	984.91	-53.65	1554.41	0	-202.3	2587.26	-0	-0	-0	2109	0	-203	-0	-0	-0	-0	903	0	-403	-0	-0	-0	-0	300	0	-203	-0	0	0	0	300	0	200	0
307	-85.54	963.61	-54.62	1555.18	0	-201.95	2400.78	-0	-0	-0	2109	0	-203	-0	-0	-0	-0	903	0	-403	-0	-0	-0	-0	300	0	-203	-0	-0	-0	-0	300	0	200	-0
308	-80.4	947.95	-53.65	1556.26	0	-200.93	2340.14	-0	-0	-0	2109	0	-203	-0	0	0	0	903	0	-403	0	-0	-0	-0	300	0	-203	-0	-0	-0	-0	300	0	200	-0
309	-72.85	931.03	-54.3	1556.62	0	-200.93	2162.24	-0	-0	-0	2109	0	-203	-0	0	0	0	903	0	-403	0	-0	-0	-0	300	0	-203	-0	-0	-0	-0	300	0	200	-0
310	-67.54	906.91	-54.62	1558.87	0	-199.61	2300.61	-0	-0	-0	2109	0	-203	-0	-0	-0	-0	903	0	-403	-0	-0	-0	-0	300	0	-203	-0	-0	-0	-0	300	0	200	-0
311	-61.76	885.61	-55.75	1559.89	0	-198.07	2355.86	-0	-0	-0	2109	0	-203	-0	-0	-0	-0	903	0	-403	-0	-0	-0	-0	300	0	-203	-0	-0	-0	-0	300	0	200	-0
312	-56.77	863.99	-55.75	1560.58	0	-197.56	2224.79	-0	-0	-0	2109	0	-203	-0	-0	-0	-0	903	0	-403	-0	-0	-0	-0	300	0	-203	-0	-0	-0	-0	300	0	200	-0
313	-50.51	841.13	-56.57	1561.61	0	-196.34	1774.64	-0	-0	-0	2109	0	-203	-0	-0	-0	-0	903	0	-403	-0	0	0	0	300	0	-203	0	-0	-0	-0	300	0	200	-0
314	-45.04	817.95	-57.06	1562.28	0	-195.08	1554.22	-0	-0	-0	2109	0	-203	-0	-0	-0	-0	903	0	-403	-0	-0	-0	-0	300	0	-203	-0	-0	-0	-0	300	0	200	-0
315	-40.86	793.5	-55.94	1565.06	0	-194.49	1485.92	-0	-0	-0	2109	0	-203	-0	-0	-0	-0	903	0	-403	-0	-0	-0	-0	300	0	-203	-0	-0	-0	-0	300	0	200	-0
316	-37.81	773.46	-55.94	1566.63	0	-193.01	1872.25	-0	-0	-0	2109	0	-203	-0	-0	-0	-0	903	0	-403	-0	-0	-0	-0	300	0	-203	-0	-0	-0	-0	300	0	200	-0
317	-34.59	747.14	-58.05	1567.97	0	-191.99	1633.72	-0	-0	-0	2109	0	-203	-0	-0	-0	-0	903	0	-403	-0	-0	-0	-0	300	0	-203	-0	-0	-0	-0	300	0	200	-0
318	-31.06	726.78	-56.61	1569.68	0	-190.61	1223.35	-0	-0	-0	2109	0	-203	-0	-0	-0	-0	903	0	-403	-0	-0	-0	-0	300	0	-203	-0	-0	-0	-0	300	0	200	-0
319	-26.88	706.73	-55	1571.6	0	-188.88	1254.87	-0	-0	-0	2109	0	-203	-0	-0	-0	-0	903	0	-403	-0	-0	-0	-0	300	0	-203	-0	-0	-0	-0	300	0	200	-0
320	-25.43	686.67	-53.72	1573.26	0	-188.93	1054.5	-0	-0	-0	2109	0	-203	-0	-0	-0	-0	903	0	-403	-0	-0	-0	-0	300	0	-203	-0	-0	-0	-0	300	0	200	-0
321	-20.93	669.44	-52.28	1574.47	0	-187.85	692.92	-0	-0	-0	2109	0	-203	-0	-0	-0	-0	903	0	-403	-0	-0	-0	-0	300	0	-203	-0	-0	-0	-0	300	0	200	-0
322	-17.39	655.96	-48.73	1576.04	0	-187.22	1013.49	-0	-0	-0	2109	0	-203	-0	-0	-0	-0	903	0	-403	-0	-0	-0	-0	300	0	-203	-0	-0	-0	-0	300	0	200	-0
323	-12.41	639.35	-46.97	1578.93	0	-186.98	1094	-0	-0	-0	2109	0	-203	-0	-0	-0	-0	903	0	-403	-0	-0	-0	-0	300	0	-203	-0	-0	-0	-0	300	0	200	-0
324	-11.6	623.68	-45.2	1580.62	0	-185.12	1039.91	-0	-0	-0	2109	0	-203	-0	-0	-0	-0	903	0	-403	-0	-0	-0	-0	300	0	-203	-0	0	0	0	300	0	200	0
325	-8.71	604.25	-43.92	1582.84	0	-184.45	902.46	-0	-0	-0	2109	0	-203	-0	-0	-0	-0	903	0	-403	-0	-0	-0	-0	300	0	-203	-0	-0	-0	-0	300	0	200	-0
326	-7.42	593.91	-41.35	1584.39	0	-183.35	517.65	-0	-0	-0	2109	0	-203	-0	-0	-0	-0	903	0	-403	-0	-0	-0	-0	300	0	-203	-0	-0	-0	-0	300	0	200	-0
327	-5.49	580.13	-39.42	1585.98	0	-182.46	394.15	-0	-0	-0	2109	0	-203	-0	-0	-0	-0	903	0	-403	-0	-0	-0	-0	300	0	-203	-0	-0	-0	-0	300	0	200	-0
328	-4.21	567.28	-39.28	1587.13	0	-182.06	-58.16	-0	-0	-0	2109	0	-203	-0	-0	-0	-0	903	0	-403	-0	-0	-0	-0	300	0	-203	-0	-0	-0	-0	300	0	200	-0
329	-2.92	555.05	-36.55	1590.05	0	-181.43	-333.77	-0	-0	-0	2109	0	-203	-0	-0	-0	-0	903	0	-403	-0	-0	-0	-0	300	0	-203	-0	-0	-0	-0	300	0	200	-0
330	0.61	545.02	-33	1591.45	0	-180.86	63.51	-0	-0	-0	2109	0	-203	-0	-0	-0	-0	903	0	-403	-0	-0	-0	-0	300	0	-203	-0	0	0	0	300	0	200	0
331	1.1	534.99	-31.07	1594.97	0	-180.42	296.44	-0	-0	-0	2109	0	-203	-0	-0	-0	-0	903	0	-403	-0	-0	-0	-0	300	0	-203	-0	-0	-0	-0	300	0	200	-0
332	2.55	524.34	-30.26	1597.64	0	-178.88	353.39	-0	-0	-0	2109	0	-203	-0	-0	-0	-0	903	0	-403	-0	0	0	0	300	0	-203	0	-0	-0	-0	300	0	200	-0
333	3.67	514.63	-29.62	1599.11	0	-178	383.48	-0	-0	-0	2109	0	-203	-0	-0	-0	-0	903	0	-403	-0	-0	-0	-0	300	0	-203	-0	-0	-0	-0	300	0	200	-0
334	5.12	509.61	-28.19	1600.9	0	-177.48	-10.27	-0	-0	-0	2109	0	-203	-0	-0	-0	-0	903	0	-403	-0	-0	-0	-0	300	0	-203	-0	0	0	0	300	0	200	0
335	6.73	499.58	-26.9	1603.46	0	-176.39	-159.12	-0	-0	-0	2109	0	-203	-0	-0	-0	-0	903	0	-403	-0	-0	-0	-0	300	0	-203	-0	-0	-0	-0	300	0	200	-0
336	10.1	496.76	-25.29	1604.22	0	-176.16	-273.57	-0	-0	-0	2109	0	-203	-0	-0	-0	-0	903	0	-403	-0	-0	-0	-0	300	0	-203	-0	-0	-0	-0	300	0	200	-0
337	11.23	494.57	-25.14	1604.89	0	-176.11	-396.76	-0	-0	-0	2109	0	-203	-0	-0	-0	-0	903	0	-403	-0	-0	-0	-0	300	0	-203	-0	0	0	0	300	0	200	0
338	14.28	489.55	-23.52	1606.2	0	-175.52	-2.7	-0	-0	-0	2109	0	-203	-0	-0	-0	-0	903	0	-403	-0	-0	-0	-0	300	0	-203	-0	-0	-0	-0	300	0	200	-0
339	19.42	485.16	-28.37	1609.17	0	-175.6	-757.95	-0	-0	-0	2109	0	-203	-0	-0	-0	-0	903	0	-403	-0	-0	-0	-0	300	0	-203	-0	0	0	0	300	0	200	0
340	19.91	487.98	-26.6	1609.78	0	-175.35	-788.29	-0	-0	-0	2109	0	-203	-0	-0	-0	-0	903	0	-403	-0	-0	-0	-0	300	0	-203	-0	-0	-0	-0	300	0	200	-0
341	20.23	489.55	-27.73	1610.37	0	-175.47	-769.16	-0	-0	-0	2109	0	-203	-0	-0	-0	-0	903	0	-403	-0	-0	-0	-0	300	0	-203	-0	-0	-0	-0	300	0	200	-0
342	21.35	488.61	-26.93	1612.35	0	-174.8	-989.91	-0	-0	-0	2109	0	-203	-0	-0	-0	-0	903	0	-403	-0	-0	-0	-0	300	0	-203	-0	-0	-0	-0	300	0	200	-0
343	22.8	491.43	-26.29	1611.75	0	-174.67	-1006.38	-0	-0	-0	2109	0	-203	-0	-0	-0	-0	903	0	-403	-0	-0	-0	-0	300	0	-203	-0	-0	-0	-0	300	0	200	-0
344	24.89	498.63	-24.84	1611.81	0	-175.46	-1099.11	-0	-0	-0	2109	0	-203	-0	-0	-0	-0	903	0	-403	-0	-0	-0	-0	300	0	-203	-0	-0	-0	-0	300	0	200	-0
345	28.43	499.57	-23.55	1613.33	0	-176.22	-827.49	-0	-0	-0	2109	0	-203	-0	-0	-0	-0	903	0	-403	-0	-0	-0	-0	300	0	-203	-0	-0	-0	-0	300	0	200	-0
346	32.44	505.83	-22.89	1613.87	0	-176.04	-398.11	-0	-0	-0	2109	0	-203	-0	0	0	0	903	0	-403	0	-0	-0	-0	300	0	-203	-0	-0	-0	-0	300	0	200	-0
347	34.37	507.08	-23.21	1615.02	0	-176.58	-326.64	-0	-0	-0	2109	0	-203	-0	-0	-0	-0	903	0	-403	-0	-0	-0	-0	300	0	-203	-0	-0	-0	-0	300	0	200	-0
348	34.69	514.6	-22.09	1614.91	0	-176.28	-135.76	-0	-0	-0	2109	0	-203	-0	0	0	0	903	0	-403	0	-0	-0	-0	300	0	-203	-0	-0	-0	-0	300	0	200	-0
349	38.39	521.5	-23.05	1614.29	0	-176.28	-357.85	-0	-0	-0	2109	0	-203	-0	-0	-0	-0	903	0	-403	-0	0	0	0	300	0	-203	0	-0	-0	-0	300	0	200	-0
350	39.03	524.94	-23.22	1615.67	0	-177.4	-659.83	-0	-0	-0	2109	0	-203	-0	-0	-0	-0	903	0	-403	-0	-0	-0	-0	300	0	-203	-0	-0	-0	-0	300	0	200	-0
351	41.93	533.71	-21.61	1615.77	0	-177.82	-565.96	-0	-0	-0	2109	0	-203	-0	-0	-0	-0	903	0	-403	-0	-0	-0	-0	300	0	-203	-0	-0	-0	-0	300	0	200	-0
352	43.53	544.99	-20.47	1615.71	0	-178.37	-202.88	-0	-0	-0	2109	0	-203	-0	-0	-0	-0	903	0	-403	-0	-0	-0	-0	300	0	-203	-0	-0	-0	-0	300	0	200	-0
353	45.62	549.06	-20.64	1617.7	0	-178.77	-269.48	-0	-0	-0	2109	0	-203	-0	-0	-0	-0	903	0	-403	-0	-0	-0	-0	300	0	-203	-0	0	0	0	300	0	200	0
354	46.11	558.14	-20.79	1618.95	0	-178.98	96.49	-0	-0	-0	2109	0	-203	-0	0	0	0	903	0	-403	0	-0	-0	-0	300	0	-203	-0	-0	-0	-0	300	0	200	-0
355	47.87	567.54	-21.6	1619	0	-179.04	247.39	-0	-0	-0	2109	0	-203	-0	-0	-0	-0	903	0	-403	-0	-0	-0	-0	300	0	-203	-0	-0	-0	-0	300	0	200	-0
356	49.8	581.64	-22.74	1618.89	0	-178.74	-308.54	-0	-0	-0	2109	0	-203	-0	-0	-0	-0	903	0	-403	-0	-0	-0	-0	300	0	-203	-0	-0	-0	-0	300	0	200	-0
357	53.02	584.46	-24.19	1620.22	0	-179.3	-574.39	-0	-0	-0	2109	0	-203	-0	-0	-0	-0	903	0	-403	-0	-0	-0	-0	300	0	-203	-0	-0	-0	-0	300	0	200	-0
358	53.34	598.87	-24.19	1620.22	0	-179.74	-623.1	-0	-0	-0	2109	0	-203	-0	-0	-0	-0	903	0	-403	-0	-0	-0	-0	300	0	-203	-0	-0	-0	-0	300	0	200	-0
359	56.55	609.21	-24.19	1621.1	0	-180.07	-532.35	-0	-0	-0	2109	0	-203	-0	-0	-0	-0	903	0	-403	-0	-0	-0	-0	300	0	-203	-0	0	0	0	300	0	200	0
360	59.77	616.72	-24.67	1622.18	0	-180.39	-341.44	-0	-0	-0	2109	0	-203	-0	-0	-0	-0	903	0	-403	-0	-0	-0	-0	300	0	-203	-0	-0	-0	-0	300	0	200	-0
361	62.66	629.26	-24.84	1621.68	0	-180.97	-461.57	-0	-0	-0	2109	0	-203	-0	-0	-0	-0	903	0	-403	-0	0	0	0	300	0	-203	0	-0	-0	-0	300	0	200	-0
362	65.23	641.47	-23.7	1622.7	0	-181.47	-22.48	-0	-0	-0	2109	0	-203	-0	-0	-0	-0	903	0	-403	-0	-0	-0	-0	300	0	-203	-0	0	0	0	300	0	200	0
363	68.61	651.18	-26.29	1624	0	-181.92	-177.68	-0	-0	-0	2109	0	-203	-0	-0	-0	-0	903	0	-403	-0	-0	-0	-0	300	0	-203	-0	-0	-0	-0	300	0	200	-0
364	70.86	659.95	-26.45	1624.68	0	-181.64	-275.89	-0	-0	-0	2109	0	-203	-0	-0	-0	-0	903	0	-403	-0	-0	-0	-0	300	0	-203	-0	-0	-0	-0	300	0	200	-0
365	74.39	669.35	-26.94	1624.95	0	-181.98	-515.03	-0	-0	-0	2109	0	-203	-0	-0	-0	-0	903	0	-403	-0	-0	-0	-0	300	0	-203	-0	-0	-0	-0	300	0	200	-0
366	75.68	687.21	-26.94	1623.31	0	-182.9	-571.15	-0	-0	-0	2109	0	-203	-0	0	0	0	903	0	-403	0	-0	-0	-0	300	0	-203	-0	-0	-0	-0	300	0	200	-0
367	82.27	690.02	-26.62	1625.74	0	-182.58	-736.97	-0	-0	-0	2109	0	-203	-0	-0	-0	-0	903	0	-403	-0	-0	-0	-0	300	0	-203	-0	-0	-0	-0	300	0	200	-0
368	85.97	702.55	-26.78	1625.46	0	-183.48	-333.67	-0	-0	-0	2109	0	-203	-0	-0	-0	-0	903	0	-403	-0	0	0	0	300	0	-203	0	-0	-0	-0	300	0	200	-0
369	91.11	712.57	-27.43	1626.06	0	-184.12	-380.82	-0	-0	-0	2109	0	-203	-0	-0	-0	-0	903	0	-403	-0	-0	-0	-0	300	0	-203	-0	-0	-0	-0	300	0	200	-0
370	95.13	722.29	-28.07	1626.19	0	-184.15	-503.24	-0	-0	-0	2109	0	-203	-0	-0	-0	-0	903	0	-403	-0	-0	-0	-0	300	0	-203	-0	-0	-0	-0	300	0	200	-0
371	100.27	727.61	-28.72	1627.46	0	-184.69	-364.15	-0	-0	-0	2109	0	-203	-0	-0	-0	-0	903	0	-403	-0	-0	-0	-0	300	0	-203	-0	0	0	0	300	0	200	0
372	104.13	739.51	-27.43	1627.11	0	-184.49	-456.86	-0	-0	-0	2109	0	-203	-0	0	0	0	903	0	-403	0	-0	-0	-0	300	0	-203	-0	-0	-0	-0	300	0	200	-0
373	110.24	745.46	-28.24	1627.12	0	-185.05	-704.81	-0	-0	-0	2109	0	-203	-0	-0	-0	-0	903	0	-403	-0	-0	-0	-0	300	0	-203	-0	-0	-0	-0	300	0	200	-0
374	116.83	751.1	-27.44	1627.13	0	-186.03	-636.46	-0	-0	-0	2109	0	-203	-0	0	0	0	903	0	-403	0	0	0	0	300	0	-203	0	-0	-0	-0	300	0	200	-0
375	122.93	756.73	-28.57	1628.44	0	-185.93	-882.78	-0	-0	-0	2109	0	-203	-0	-0	-0	-0	903	0	-403	-0	-0	-0	-0	300	0	-203	-0	-0	-0	-0	300	0	200	-0
376	127.43	763.31	-26.31	1628.73	0	-186.77	-258.57	-0	-0	-0	2109	0	-203	-0	0	0	0	903	0	-403	0	-0	-0	-0	300	0	-203	-0	-0	-0	-0	300	0	200	-0
377	133.54	766.75	-26.31	1628.8	0	-186.99	-266.68	-0	-0	-0	2109	0	-203	-0	-0	-0	-0	903	0	-403	-0	-0	-0	-0	300	0	-203	-0	-0	-0	-0	300	0	200	-0
378	139.17	766.75	-25.68	1629.81	0	-187.05	-521.58	-0	-0	-0	2109	0	-203	-0	0	0	0	903	0	-403	0	-0	-0	-0	300	0	-203	-0	0	0	0	300	0	200	0
379	144.79	767.05	-24.71	1630.36	0	-187.53	-556	-0	-0	-0	2109	0	-203	-0	0	0	0	903	0	-403	0	0	0	0	300	0	-203	0	0	0	0	300	0	200	0
380	147.36	768.93	-23.27	1630.21	0	-188.36	-773.92	-0	-0	-0	2109	0	-203	-0	-0	-0	-0	903	0	-403	-0	-0	-0	-0	300	0	-203	-0	-0	-0	-0	300	0	200	-0
381	154.75	770.8	-21.34	1629.88	0	-188.76	-867.3	-0	-0	-0	2109	0	-203	-0	-0	-0	-0	903	0	-403	-0	-0	-0	-0	300	0	-203	-0	-0	-0	-0	300	0	200	-0
382	159.25	767.66	-19.56	1630.51	0	-189.38	-591.16	-0	-0	-0	2109	0	-203	-0	-0	-0	-0	903	0	-403	-0	-0	-0	-0	300	0	-203	-0	-0	-0	-0	300	0	200	-0
383	163.59	764.21	-17.31	1631.1	0	-189.91	-437.72	-0	-0	-0	2109	0	-203	-0	-0	-0	-0	903	0	-403	-0	-0	-0	-0	300	0	-203	-0	-0	-0	-0	300	0	200	-0
384	167.13	760.13	-16.82	1631.74	0	-190.35	-237.51	-0	-0	-0	2109	0	-203	-0	-0	-0	-0	903	0	-403	-0	-0	-0	-0	300	0	-203	-0	-0	-0	-0	300	0	200	-0
385	170.82	748.85	-15.55	1633.21	0	-190.79	-606.56	-0	-0	-0	2109	0	-203	-0	-0	-0	-0	903	0	-403	-0	0	0	0	300	0	-203	0	-0	-0	-0	300	0	200	-0
386	173.23	745.4	-12.48	1632.69	0	-191.19	-501.74	-0	-0	-0	2109	0	-203	-0	-0	-0	-0	903	0	-403	-0	0	0	0	300	0	-203	0	-0	-0	-0	300	0	200	-0
387	177.73	735.68	-11.36	1632.52	0	-191.73	-616.45	0	0	0	2109	0	-203	0	0	0	0	903	0	-403	0	-0	-0	-0	300	0	-203	-0	-0	-0	-0	300	0	200	-0
388	180.79	725.65	-8.47	1632.92	0	-191.7	-890.3	-0	-0	-0	2109	0	-203	-0	-0	-0	-0	903	0	-403	-0	-0	-0	-0	300	0	-203	-0	-0	-0	-0	300	0	200	-0
389	184.64	713.74	-6.69	1632.67	0	-192.34	-630.78	-0	-0	-0	2109	0	-203	-0	-0	-0	-0	903	0	-403	-0	-0	-0	-0	300	0	-203	-0	-0	-0	-0	300	0	200	-0
390	188.5	697.13	-4.92	1633.53	0	-193.53	-605.33	-0	-0	-0	2109	0	-203	-0	-0	-0	-0	903	0	-403	-0	-0	-0	-0	300	0	-203	-0	-0	-0	-0	300	0	200	-0
391	192.84	685.85	-2.82	1633.19	0	-193.78	-275.82	-0	-0	-0	2109	0	-203	-0	-0	-0	-0	903	0	-403	-0	0	0	0	300	0	-203	0	-0	-0	-0	300	0	200	-0
392	195.57	666.42	-1.54	1633.52	0	-193.42	-303.42	-0	-0	-0	2109	0	-203	-0	-0	-0	-0	903	0	-403	-0	-0	-0	-0	300	0	-203	-0	-0	-0	-0	300	0	200	-0
393	198.14	644.8	-1.55	1633.61	0	-193.87	-874.06	-4.32	20.97	-4.48	2221.53	0	-265.31	-23.52	-0	-0	-0	903	0	-403	-0	-0	-0	-0	300	0	-203	-0	-0	-0	-0	300	0	200	-0
394	198.46	623.19	1.99	1632.74	0	-193.95	-1001.26	-17.26	196.28	-13.92	2224.41	0	-260.3	229.75	-0	-0	-0	903	0	-403	-0	0	0	0	300	0	-203	0	-0	-0	-0	300	0	200	-0
395	200.87	601.87	2.15	1633.67	0	-195.62	-896.61	-39.77	808.3	-60.61	2223.62	0	-258.86	433.02	-0	-0	-0	903	0	-403	-0	-0	-0	-0	300	0	-203	-0	-0	-0	-0	300	0	200	-0
396	201.19	578.69	4.72	1632.32	0	-195.64	-945.6	-51.92	733.45	-96.79	2226.23	0	-256.73	237.48	-0	-0	-0	903	0	-403	-0	-0	-0	-0	300	0	-203	-0	-0	-0	-0	300	0	200	-0
397	202.48	546.74	6.81	1631.8	0	-195.31	-713.27	-67.59	565.97	-87.2	2229.38	0	-256.32	-1.67	-0	-0	-0	903	0	-403	-0	-0	-0	-0	300	0	-203	-0	-0	-0	-0	300	0	200	-0
398	202	513.84	7.13	1631.16	0	-196.63	-660.42	-82.62	552.21	-72.49	2232.67	0	-257.18	64	-0	-0	-0	903	0	-403	-0	-0	-0	-0	300	0	-203	-0	-0	-0	-0	300	0	200	-0
399	199.1	470.29	8.73	1632.2	0	-196.45	-827.36	-98.76	575.38	-64.17	2235.27	0	-258.62	-139.81	-0	-0	-0	903	0	-403	-0	-0	-0	-0	300	0	-203	-0	-0	-0	-0	300	0	200	-0
400	191.87	429.56	9.05	1634.03	0	-196.5	-860.45	-113.47	594.17	-53.93	2236.83	0	-259.2	-63.28	-0	-0	-0	903	0	-403	-0	0	0	0	300	0	-203	0	-0	-0	-0	300	0	200	-0
401	180.78	390.71	9.04	1631.94	0	-196.07	-1178.94	-120.5	594.18	-44.33	2239.21	0	-259.43	54.57	-0	-0	-0	903	0	-403	-0	-0	-0	-0	300	0	-203	-0	-0	-0	-0	300	0	200	-0
402	165.2	347.16	10.01	1632.42	0	-196.5	-1059.74	-117.14	588.55	-37.45	2240.95	0	-259.79	-133.16	-0	-0	-0	903	0	-403	-0	-0	-0	-0	300	0	-203	-0	-0	-0	-0	300	0	200	-0
403	149.93	301.73	8.24	1633.88	0	-196.69	-938.42	-104.36	587.93	-30.08	2241.28	0	-260.4	-466.87	-0	-0	-0	903	0	-403	-0	-0	-0	-0	300	0	-203	-0	-0	-0	-0	300	0	200	-0
404	126.31	254.73	7.6	1638.28	0	-197.45	-545.1	-92.85	595.77	-18.55	2241.84	0	-261.43	-718.7	-0	-0	-0	903	0	-403	-0	-0	-0	-0	300	0	-203	-0	-0	-0	-0	300	0	200	-0
405	95.77	210.56	4.87	1643.32	0	-193.91	-301.17	-84.86	670.62	8.52	2250.84	0	-263.79	-2962.44	-0	-0	-0	903	0	-403	-0	-0	-0	-0	300	0	-203	-0	-0	-0	-0	300	0	200	-0
406	66.85	168.89	2.3	1651.57	0	-190.88	-334.28	-106.28	770.83	27.24	2254.63	0	-265.46	-3245.86	-0	-0	-0	903	0	-403	-0	-0	-0	-0	300	0	-203	-0	-0	-0	-0	300	0	200	-0
407	44.67	128.16	0.03	1662.18	0	-190.27	-710.33	-148.16	775.84	24.99	2257.07	0	-266.36	-2990.6	-0	-0	-0	903	0	-403	-0	-0	-0	-0	300	0	-203	-0	-0	-0	-0	300	0	200	-0
408	33.42	102.79	-0.78	1659.52	0	-185.72	-673.78	-174.86	745.47	31.06	2262.3	0	-266.59	-3030.82	-0	-0	-0	903	0	-403	-0	-0	-0	-0	300	0	-203	-0	-0	-0	-0	300	0	200	-0
409	26.84	84.93	-3.21	1665.21	0	-183.04	-846.61	-172.3	736.71	30.08	2265.82	0	-266.79	-1540.08	-0	-0	-0	903	0	-403	-0	-0	-0	-0	300	0	-203	-0	-0	-0	-0	300	0	200	-0
410	19.28	71.14	-2.88	1664.54	0	-176.86	-122.17	-161.59	737.96	22.55	2267.27	0	-266.67	-266.83	-0	-0	-0	903	0	-403	-0	-0	-0	-0	300	0	-203	-0	-0	-0	-0	300	0	200	-0
411	9.48	54.53	-6.26	1680.08	0	-182.25	36.33	-158.07	738.27	20.3	2268.88	0	-267.14	518.97	-0	-0	-0	903	0	-403	-0	-0	-0	-0	300	0	-203	-0	-0	-0	-0	300	0	200	-0
412	2.09	47.32	-7.08	1676.55	0	-182.31	-13.73	-163.03	752.99	22.7	2270.01	0	-267.19	537.78	-0	-0	-0	903	0	-403	-0	0	0	0	300	0	-203	0	-0	-0	-0	300	0	200	-0
413	-1.92	29.77	-7.25	1703.14	0	-175.49	-104.04	-171.82	777.73	28.63	2272.16	0	-267.63	26.41	0	0	0	903	0	-403	0	-0	-0	-0	300	0	-203	-0	-0	-0	-0	300	0	200	-0
414	-3.37	19.12	-7.74	1684.62	0	-185	90.31	-178.69	816.25	39.51	2272.72	0	-268.23	-655.35	0	0	0	903	0	-403	0	-0	-0	-0	300	0	-203	-0	-0	-0	-0	300	0	200	-0
415	-0	-0	-0	1506	0	-203	-0	-180.77	850.38	48.48	2274.21	0	-268.78	-1073.62	-0	-0	-0	903	0	-403	-0	-0	-0	-0	300	0	-203	-0	-0	-0	-0	300	0	200	-0
416	-0	-0	-0	1506	0	-203	-0	-181.41	883.58	55.21	2273.78	0	-268.84	-1588.92	-0	-0	-0	903	0	-403	-0	-0	-0	-0	300	0	-203	-0	-0	-0	-0	300	0	200	-0
417	-0	-0	-0	1506	0	-203	-0	-177.26	903.94	54.58	2275.35	0	-269.34	-2114.11	-0	-0	-0	903	0	-403	-0	-0	-0	-0	300	0	-203	-0	-0	-0	-0	300	0	200	-0
418	-0	-0	-0	1506	0	-203	-0	-172.14	929.29	49.93	2274.65	0	-268.71	-1722.15	-0	-0	-0	903	0	-403	-0	-0	-0	-0	300	0	-203	-0	-0	-0	-0	300	0	200	-0
419	-0	-0	-0	1506	0	-203	-0	-164.95	943.69	43.05	2274.34	0	-269.01	-1771.55	-0	-0	-0	903	0	-403	-0	-0	-0	-0	300	0	-203	-0	-0	-0	-0	300	0	200	-0
420	-0	-0	-0	1506	0	-203	-0	-159.19	956.21	39.37	2274.69	0	-268.8	-1676.75	-0	-0	-0	903	0	-403	-0	0	0	0	300	0	-203	0	-0	-0	-0	300	0	200	-0
421	-0	-0	-0	1506	0	-203	-0	-153.76	966.86	40.65	2274.56	0	-268.87	-1838.51	-0	-0	-0	903	0	-403	-0	-0	-0	-0	300	0	-203	-0	-0	-0	-0	300	0	200	-0
422	-0	-0	-0	1506	0	-203	-0	-150.72	973.76	45.94	2275.47	0	-269.61	-2050.6	-0	-0	-0	903	0	-403	-0	-0	-0	-0	300	0	-203	-0	-0	-0	-0	300	0	200	-0
423	-0	-0	-0	1506	0	-203	-0	-145.77	982.22	51.38	2276.26	0	-269.88	-2356.14	-0	-0	-0	903	0	-403	-0	-0	-0	-0	300	0	-203	-0	-0	-0	-0	300	0	200	-0
424	-0	-0	-0	1506	0	-203	-0	-141.3	986.61	56.19	2277.13	0	-270.34	-2588.09	-0	-0	-0	903	0	-403	-0	-0	-0	-0	300	0	-203	-0	-0	-0	-0	300	0	200	-0
425	-0	-0	-0	1506	0	-203	-0	-136.18	985.05	57.15	2278.21	0	-270.9	-3015.7	0	0	0	903	0	-403	0	-0	-0	-0	300	0	-203	-0	-0	-0	-0	300	0	200	-0
426	-0	-0	-0	1506	0	-203	-0	-132.19	991	56.99	2277.96	0	-270.38	-3037.5	-0	-0	-0	903	0	-403	-0	-0	-0	-0	300	0	-203	-0	0	0	0	300	0	200	0
427	-0	-0	-0	1506	0	-203	-0	-127.23	991.93	53.63	2278.74	0	-270.52	-3283.98	-0	-0	-0	903	0	-403	-0	-0	-0	-0	300	0	-203	-0	-0	-0	-0	300	0	200	-0
428	-0	-0	-0	1506	0	-203	-0	-122.6	996.01	52.67	2279.46	0	-270.71	-3214.04	-0	-0	-0	903	0	-403	-0	0	0	0	300	0	-203	0	-0	-0	-0	300	0	200	-0
429	-0	-0	-0	1506	0	-203	-0	-117.16	999.77	51.87	2280.33	0	-271.09	-3448.09	-0	-0	-0	903	0	-403	-0	-0	-0	-0	300	0	-203	-0	-0	-0	-0	300	0	200	-0
430	-0	-0	-0	1506	0	-203	-0	-111.89	1003.84	51.39	2280.83	0	-271.18	-3461.8	-0	-0	-0	903	0	-403	-0	-0	-0	-0	300	0	-203	-0	-0	-0	-0	300	0	200	-0
431	-0	-0	-0	1506	0	-203	-0	-106.14	1005.1	50.92	2282.01	0	-271.41	-3557.43	-0	-0	-0	903	0	-403	-0	-0	-0	-0	300	0	-203	-0	-0	-0	-0	300	0	200	-0
432	-0	-0	-0	1506	0	-203	-0	-101.34	1007.28	49.63	2282.42	0	-271.21	-3524.71	-0	-0	-0	903	0	-403	-0	0	0	0	300	0	-203	0	-0	-0	-0	300	0	200	-0
433	-0	-0	-0	1506	0	-203	-0	-96.87	1000.09	48.03	2283.94	0	-271.44	-3444.98	0	0	0	903	0	-403	0	0	0	0	300	0	-203	0	-0	-0	-0	300	0	200	-0
434	-0	-0	-0	1506	0	-203	-0	-94.31	995.39	48.51	2285.08	0	-271.48	-3549.92	0	0	0	903	0	-403	0	-0	-0	-0	300	0	-203	-0	-0	-0	-0	300	0	200	-0
435	-0	-0	-0	1506	0	-203	-0	-90	985.06	49.15	2286.06	0	-271.82	-3552.99	-0	-0	-0	903	0	-403	-0	0	0	0	300	0	-203	0	-0	-0	-0	300	0	200	-0
436	-0	-0	-0	1506	0	-203	-0	-86.16	977.24	50.28	2287.47	0	-271.97	-3818.96	-0	-0	-0	903	0	-403	-0	0	0	0	300	0	-203	0	-0	-0	-0	300	0	200	-0
437	-0	-0	-0	1506	0	-203	-0	-80.41	967.54	52.36	2287.93	0	-272.44	-3711.03	-0	-0	-0	903	0	-403	-0	0	0	0	300	0	-203	0	-0	-0	-0	300	0	200	-0
438	-0	-0	-0	1506	0	-203	-0	-74.82	956.58	53.32	2289.54	0	-272.83	-3638.01	-0	-0	-0	903	0	-403	-0	-0	-0	-0	300	0	-203	-0	-0	-0	-0	300	0	200	-0
439	-0	-0	-0	1506	0	-203	-0	-69.7	945	54.44	2290.62	0	-273.03	-3411.39	-0	-0	-0	903	0	-403	-0	-0	-0	-0	300	0	-203	-0	-0	-0	-0	300	0	200	-0
440	-0	-0	-0	1506	0	-203	-0	-64.91	931.54	55.55	2292.22	0	-273.38	-3094.53	-0	-0	-0	903	0	-403	-0	-0	-0	-0	300	0	-203	-0	-0	-0	-0	300	0	200	-0
441	-0	-0	-0	1506	0	-203	-0	-60.91	917.13	55.87	2294.07	0	-273.4	-3106.01	-0	-0	-0	903	0	-403	-0	0	0	0	300	0	-203	0	-0	-0	-0	300	0	200	-0
442	-0	-0	-0	1506	0	-203	-0	-58.36	899.61	57.8	2295.73	0	-273.92	-3042.84	-0	-0	-0	903	0	-403	-0	-0	-0	-0	300	0	-203	-0	-0	-0	-0	300	0	200	-0
443	-0	-0	-0	1506	0	-203	-0	-55	882.08	57.96	2296.92	0	-274.29	-3378.35	-0	-0	-0	903	0	-403	-0	0	0	0	300	0	-203	0	0	0	0	300	0	200	0
444	-0	-0	-0	1506	0	-203	-0	-51.17	864.86	59.4	2298.49	0	-274.81	-3247.55	-0	-0	-0	903	0	-403	-0	-0	-0	-0	300	0	-203	-0	-0	-0	-0	300	0	200	-0
445	-0	-0	-0	1506	0	-203	-0	-46.53	847.64	60.19	2300.46	0	-275.02	-3025.78	0	0	0	903	0	-403	0	-0	-0	-0	300	0	-203	-0	-0	-0	-0	300	0	200	-0
446	-0	-0	-0	1506	0	-203	-0	-43.66	831.36	60.99	2301.36	0	-275.21	-2868.48	-0	-0	-0	903	0	-403	-0	-0	-0	-0	300	0	-203	-0	0	0	0	300	0	200	0
447	-0	-0	-0	1506	0	-203	-0	-40.46	811.64	59.71	2304.45	0	-275.79	-2837.44	-0	-0	-0	903	0	-403	-0	-0	-0	-0	300	0	-203	-0	-0	-0	-0	300	0	200	-0
448	-0	-0	-0	1506	0	-203	-0	-37.1	791.6	58.75	2306.43	0	-276.26	-2777.25	-0	-0	-0	903	0	-403	-0	-0	-0	-0	300	0	-203	-0	-0	-0	-0	300	0	200	-0
449	-0	-0	-0	1506	0	-203	-0	-33.75	774.38	56.83	2309.01	0	-276.31	-2860.68	0	0	0	903	0	-403	0	-0	-0	-0	300	0	-203	-0	-0	-0	-0	300	0	200	-0
450	-0	-0	-0	1506	0	-203	-0	-30.87	759.35	55.71	2310.02	0	-276.44	-3096.09	-0	-0	-0	903	0	-403	-0	-0	-0	-0	300	0	-203	-0	-0	-0	-0	300	0	200	-0
451	-0	-0	-0	1506	0	-203	-0	-28.48	742.13	54.75	2311.71	0	-276.74	-3085.78	-0	-0	-0	903	0	-403	-0	-0	-0	-0	300	0	-203	-0	-0	-0	-0	300	0	200	-0
452	-0	-0	-0	1506	0	-203	-0	-26.24	727.1	54.75	2313.29	0	-276.71	-2923.49	-0	-0	-0	903	0	-403	-0	-0	-0	-0	300	0	-203	-0	-0	-0	-0	300	0	200	-0
453	-0	-0	-0	1506	0	-203	-0	-22.4	709.26	53.31	2316.13	0	-277.34	-2714.16	0	0	0	903	0	-403	0	-0	-0	-0	300	0	-203	-0	0	0	0	300	0	200	0
454	-0	-0	-0	1506	0	-203	-0	-20.49	692.97	52.18	2318.6	0	-277.53	-2378.35	-0	-0	-0	903	0	-403	-0	-0	-0	-0	300	0	-203	-0	0	0	0	300	0	200	0
455	-0	-0	-0	1506	0	-203	-0	-18.73	674.5	49.62	2321.22	0	-278.25	-2660.11	0	0	0	903	0	-403	0	-0	-0	-0	300	0	-203	-0	-0	-0	-0	300	0	200	-0
456	-0	-0	-0	1506	0	-203	-0	-16.97	660.72	48.82	2323.31	0	-278.06	-2285.95	-0	-0	-0	903	0	-403	-0	-0	-0	-0	300	0	-203	-0	-0	-0	-0	300	0	200	-0
457	-0	-0	-0	1506	0	-203	-0	-14.57	644.44	46.1	2325.98	0	-277.82	-2407.48	-0	-0	-0	903	0	-403	-0	-0	-0	-0	300	0	-203	-0	-0	-0	-0	300	0	200	-0
458	-0	-0	-0	1506	0	-203	-0	-14.09	628.16	45.45	2328.45	0	-278.49	-2324.73	-0	-0	-0	903	0	-403	-0	-0	-0	-0	300	0	-203	-0	-0	-0	-0	300	0	200	-0
459	-0	-0	-0	1506	0	-203	-0	-11.22	612.5	43.85	2331.42	0	-278.95	-2243.61	-0	-0	-0	903	0	-403	-0	-0	-0	-0	300	0	-203	-0	-0	-0	-0	300	0	200	-0
460	-0	-0	-0	1506	0	-203	-0	-11.38	599.04	43.53	2333.17	0	-278.86	-2205.68	-0	-0	-0	903	0	-403	-0	-0	-0	-0	300	0	-203	-0	-0	-0	-0	300	0	200	-0
461	-0	-0	-0	1506	0	-203	-0	-9.62	585.57	41.93	2336.86	0	-279.64	-2110.87	-0	-0	-0	903	0	-403	-0	-0	-0	-0	300	0	-203	-0	-0	-0	-0	300	0	200	-0
462	-0	-0	-0	1506	0	-203	-0	-8.66	574.92	41.12	2339.2	0	-279.3	-1858.82	0	0	0	903	0	-403	0	-0	-0	-0	300	0	-203	-0	-0	-0	-0	300	0	200	-0
463	-0	-0	-0	1506	0	-203	-0	-7.06	560.83	39.52	2342.55	0	-279.81	-1771.44	0	0	0	903	0	-403	0	-0	-0	-0	300	0	-203	-0	-0	-0	-0	300	0	200	-0
464	-0	-0	-0	1506	0	-203	-0	-6.27	553	38.4	2344.91	0	-279.3	-1686.09	-0	-0	-0	903	0	-403	-0	-0	-0	-0	300	0	-203	-0	-0	-0	-0	300	0	200	-0
465	-0	-0	-0	1506	0	-203	-0	-5.15	539.85	36.64	2348.66	0	-279.64	-1841.29	-0	-0	-0	903	0	-403	-0	-0	-0	-0	300	0	-203	-0	-0	-0	-0	300	0	200	-0
466	-0	-0	-0	1506	0	-203	-0	-4.51	532.02	35.68	2350.01	0	-279.79	-1782.99	-0	-0	-0	903	0	-403	-0	-0	-0	-0	300	0	-203	-0	-0	-0	-0	300	0	200	-0
467	-0	-0	-0	1506	0	-203	-0	-3.87	525.44	34.4	2351.77	0	-279.51	-1954.95	-0	-0	-0	903	0	-403	-0	0	0	0	300	0	-203	0	-0	-0	-0	300	0	200	-0
468	-0	-0	-0	1506	0	-203	-0	-2.59	519.81	33.59	2353.8	0	-279.84	-1747.83	-0	-0	-0	903	0	-403	-0	0	0	0	300	0	-203	0	-0	-0	-0	300	0	200	-0
469	-0	-0	-0	1506	0	-203	-0	-0.19	515.73	31.67	2355.11	0	-279.67	-1780.33	-0	-0	-0	903	0	-403	-0	-0	-0	-0	300	0	-203	-0	-0	-0	-0	300	0	200	-0
470	-0	-0	-0	1506	0	-203	-0	2.84	511.35	31.67	2356.03	0	-279.16	-1437	-0	-0	-0	903	0	-403	-0	-0	-0	-0	300	0	-203	-0	-0	-0	-0	300	0	200	-0
471	-0	-0	-0	1506	0	-203	-0	8.12	505.71	32.31	2357.55	0	-279.2	-1076.66	-0	-0	-0	903	0	-403	-0	-0	-0	-0	300	0	-203	-0	-0	-0	-0	300	0	200	-0
472	-0	-0	-0	1506	0	-203	-0	6.36	501.64	31.35	2360.02	0	-278.94	-1124.04	0	0	0	903	0	-403	0	0	0	0	300	0	-203	0	-0	-0	-0	300	0	200	-0
473	-0	-0	-0	1506	0	-203	-0	5.56	500.7	30.71	2360.29	0	-278.62	-1409.1	0	0	0	903	0	-403	0	-0	-0	-0	300	0	-203	-0	-0	-0	-0	300	0	200	-0
474	-0	-0	-0	1506	0	-203	-0	6.84	502.88	29.43	2359.69	0	-278.19	-1334.84	-0	-0	-0	903	0	-403	-0	-0	-0	-0	300	0	-203	-0	0	0	0	300	0	200	0
475	-0	-0	-0	1506	0	-203	-0	11	499.44	26.39	2360.69	0	-278.62	-1527.89	-0	-0	-0	903	0	-403	-0	-0	-0	-0	300	0	-203	-0	-0	-0	-0	300	0	200	-0
476	-0	-0	-0	1506	0	-203	-0	16.59	500.69	24.79	2360.85	0	-278.28	-1450.77	-0	-0	-0	903	0	-403	-0	-0	-0	-0	300	0	-203	-0	-0	-0	-0	300	0	200	-0
477	-0	-0	-0	1506	0	-203	-0	22.82	499.43	22.71	2361.83	0	-277.47	-1538.53	0	0	0	903	0	-403	0	0	0	0	300	0	-203	0	-0	-0	-0	300	0	200	-0
478	-0	-0	-0	1506	0	-203	-0	28.26	500.68	21.59	2360.72	0	-276.94	-1499.66	-0	-0	-0	903	0	-403	-0	-0	-0	-0	300	0	-203	-0	0	0	0	300	0	200	0
479	-0	-0	-0	1506	0	-203	-0	34.33	500.99	20.15	2361.52	0	-276.81	-1381.19	0	0	0	903	0	-403	0	-0	-0	-0	300	0	-203	-0	-0	-0	-0	300	0	200	-0
480	-0	-0	-0	1506	0	-203	-0	38.81	502.55	19.03	2361.29	0	-276.16	-1662.11	-0	-0	-0	903	0	-403	-0	0	0	0	300	0	-203	0	-0	-0	-0	300	0	200	-0
481	-0	-0	-0	1506	0	-203	-0	42.81	502.86	17.59	2362.13	0	-275.88	-1958.95	-0	-0	-0	903	0	-403	-0	-0	-0	-0	300	0	-203	-0	-0	-0	-0	300	0	200	-0
482	-0	-0	-0	1506	0	-203	-0	46	508.18	16.95	2360.65	0	-275.26	-1967.33	-0	-0	-0	903	0	-403	-0	0	0	0	300	0	-203	0	-0	-0	-0	300	0	200	-0
483	-0	-0	-0	1506	0	-203	-0	50.16	509.43	15.83	2361.4	0	-275.19	-2022.71	-0	-0	-0	903	0	-403	-0	-0	-0	-0	300	0	-203	-0	-0	-0	-0	300	0	200	-0
484	-0	-0	-0	1506	0	-203	-0	54.31	514.12	15.03	2361.56	0	-274.82	-1896.95	-0	-0	-0	903	0	-403	-0	0	0	0	300	0	-203	0	-0	-0	-0	300	0	200	-0
485	-0	-0	-0	1506	0	-203	-0	57.35	518.19	13.75	2361.67	0	-274.02	-1822.27	-0	-0	-0	903	0	-403	-0	0	0	0	300	0	-203	0	-0	-0	-0	300	0	200	-0
486	-0	-0	-0	1506	0	-203	-0	61.19	522.88	13.75	2361.31	0	-273.17	-1836.86	-0	-0	-0	903	0	-403	-0	-0	-0	-0	300	0	-203	-0	-0	-0	-0	300	0	200	-0
487	-0	-0	-0	1506	0	-203	-0	65.34	525.39	13.44	2362.87	0	-273.58	-1884.18	-0	-0	-0	903	0	-403	-0	-0	-0	-0	300	0	-203	-0	-0	-0	-0	300	0	200	-0
488	-0	-0	-0	1506	0	-203	-0	68.7	532.59	12.8	2361.74	0	-272.61	-2228.47	-0	-0	-0	903	0	-403	-0	-0	-0	-0	300	0	-203	-0	-0	-0	-0	300	0	200	-0
489	-0	-0	-0	1506	0	-203	-0	72.85	538.22	14.08	2361.56	0	-272.19	-2109.5	0	0	0	903	0	-403	0	-0	-0	-0	300	0	-203	-0	-0	-0	-0	300	0	200	-0
490	-0	-0	-0	1506	0	-203	-0	76.85	543.86	14.56	2362.52	0	-272.54	-1939.5	0	0	0	903	0	-403	0	-0	-0	-0	300	0	-203	-0	-0	-0	-0	300	0	200	-0
491	-0	-0	-0	1506	0	-203	-0	79.89	549.8	15.68	2363.11	0	-272.71	-1753.52	0	0	0	903	0	-403	0	-0	-0	-0	300	0	-203	-0	-0	-0	-0	300	0	200	-0
492	-0	-0	-0	1506	0	-203	-0	82.12	559.5	16.8	2363.04	0	-271.61	-1615.89	-0	-0	-0	903	0	-403	-0	-0	-0	-0	300	0	-203	-0	-0	-0	-0	300	0	200	-0
493	-0	-0	-0	1506	0	-203	-0	84.68	566.08	16	2363.51	0	-271.48	-2048.49	-0	-0	-0	903	0	-403	-0	-0	-0	-0	300	0	-203	-0	-0	-0	-0	300	0	200	-0
494	-0	-0	-0	1506	0	-203	-0	87.56	573.9	17.28	2363.88	0	-270.77	-1914.54	-0	-0	-0	903	0	-403	-0	0	0	0	300	0	-203	0	0	0	0	300	0	200	0
495	-0	-0	-0	1506	0	-203	-0	91.23	580.48	18.25	2363.78	0	-270.9	-2107.38	-0	-0	-0	903	0	-403	-0	-0	-0	-0	300	0	-203	-0	-0	-0	-0	300	0	200	-0
496	-0	-0	-0	1506	0	-203	-0	93.15	592.06	20.49	2361.59	0	-270.47	-2041.62	-0	-0	-0	903	0	-403	-0	-0	-0	-0	300	0	-203	-0	-0	-0	-0	300	0	200	-0
497	-0	-0	-0	1506	0	-203	-0	97.15	595.19	20.97	2364.37	0	-271.09	-1928.38	-0	-0	-0	903	0	-403	-0	-0	-0	-0	300	0	-203	-0	-0	-0	-0	300	0	200	-0
498	-0	-0	-0	1506	0	-203	-0	99.86	603.02	23.37	2363.66	0	-270.45	-1569.49	-0	-0	-0	903	0	-403	-0	-0	-0	-0	300	0	-203	-0	-0	-0	-0	300	0	200	-0
499	-0	-0	-0	1506	0	-203	-0	103.06	607.71	24.81	2363.7	0	-270.12	-1626.84	-0	-0	-0	903	0	-403	-0	0	0	0	300	0	-203	0	0	0	0	300	0	200	0
500	-0	-0	-0	1506	0	-203	-0	106.1	610.84	26.74	2364.68	0	-270	-1668.65	-0	-0	-0	903	0	-403	-0	-0	-0	-0	300	0	-203	-0	-0	-0	-0	300	0	200	-0
501	-0	-0	-0	1506	0	-203	-0	109.13	615.85	28.18	2363.65	0	-269.47	-1887.38	-0	-0	-0	903	0	-403	-0	-0	-0	-0	300	0	-203	-0	-0	-0	-0	300	0	200	-0
502	-0	-0	-0	1506	0	-203	-0	111.85	620.55	30.26	2363.05	0	-269.59	-1846.7	-0	-0	-0	903	0	-403	-0	-0	-0	-0	300	0	-203	-0	-0	-0	-0	300	0	200	-0
503	-0	-0	-0	1506	0	-203	-0	116.17	621.49	32.02	2363.9	0	-269.65	-1397.12	-0	-0	-0	903	0	-403	-0	-0	-0	-0	300	0	-203	-0	0	0	0	300	0	200	0
504	-0	-0	-0	1506	0	-203	-0	118.88	624.62	33.31	2364.04	0	-269.7	-1397.02	-0	-0	-0	903	0	-403	-0	-0	-0	-0	300	0	-203	-0	-0	-0	-0	300	0	200	-0
505	-0	-0	-0	1506	0	-203	-0	122.72	624.93	33.63	2364.5	0	-269.59	-1466.78	-0	-0	-0	903	0	-403	-0	0	0	0	300	0	-203	0	-0	-0	-0	300	0	200	-0
506	-0	-0	-0	1506	0	-203	-0	125.12	624.93	35.55	2364.89	0	-268.96	-1118.4	0	0	0	903	0	-403	0	-0	-0	-0	300	0	-203	-0	-0	-0	-0	300	0	200	-0
507	-0	-0	-0	1506	0	-203	-0	127.99	623.36	36.35	2365.25	0	-268.76	-1138.47	-0	-0	-0	903	0	-403	-0	0	0	0	300	0	-203	0	-0	-0	-0	300	0	200	-0
508	-0	-0	-0	1506	0	-203	-0	130.55	621.79	37	2365.19	0	-268.57	-1382.3	-0	-0	-0	903	0	-403	-0	-0	-0	-0	300	0	-203	-0	-0	-0	-0	300	0	200	-0
509	-0	-0	-0	1506	0	-203	-0	134.71	619.91	37.96	2364.67	0	-268.46	-1410.07	-0	-0	-0	903	0	-403	-0	0	0	0	300	0	-203	0	-0	-0	-0	300	0	200	-0
510	-0	-0	-0	1506	0	-203	-0	136.3	618.97	39.88	2363.06	0	-267.98	-1187.38	-0	-0	-0	903	0	-403	-0	-0	-0	-0	300	0	-203	-0	-0	-0	-0	300	0	200	-0
511	-0	-0	-0	1506	0	-203	-0	139.5	615.21	40.36	2363.64	0	-267.97	-956.53	-0	-0	-0	903	0	-403	-0	0	0	0	300	0	-203	0	-0	-0	-0	300	0	200	-0
512	-0	-0	-0	1506	0	-203	-0	142.06	608.33	40.36	2364.87	0	-267.84	-848.11	-0	-0	-0	903	0	-403	-0	-0	-0	-0	300	0	-203	-0	-0	-0	-0	300	0	200	-0
513	-0	-0	-0	1506	0	-203	-0	145.9	603	40.68	2364.01	0	-267.2	-785.56	-0	-0	-0	903	0	-403	-0	0	0	0	300	0	-203	0	-0	-0	-0	300	0	200	-0
514	-0	-0	-0	1506	0	-203	-0	147.66	597.05	40.69	2363.86	0	-266.77	-850.71	-0	-0	-0	903	0	-403	-0	-0	-0	-0	300	0	-203	-0	-0	-0	-0	300	0	200	-0
515	-0	-0	-0	1506	0	-203	-0	150.53	586.09	40.05	2365.76	0	-266.93	-858.11	-0	-0	-0	903	0	-403	-0	-0	-0	-0	300	0	-203	-0	-0	-0	-0	300	0	200	-0
516	-0	-0	-0	1506	0	-203	-0	152.77	580.45	40.69	2364.13	0	-266.58	-988.48	-0	-0	-0	903	0	-403	-0	-0	-0	-0	300	0	-203	-0	-0	-0	-0	300	0	200	-0
517	-0	-0	-0	1506	0	-203	-0	155.97	573.57	40.21	2363.74	0	-266.47	-818.8	-0	-0	-0	903	0	-403	-0	-0	-0	-0	300	0	-203	-0	-0	-0	-0	300	0	200	-0
518	-0	-0	-0	1506	0	-203	-0	159.01	563.86	39.57	2363.84	0	-266.35	-708.22	-0	-0	-0	903	0	-403	-0	-0	-0	-0	300	0	-203	-0	-0	-0	-0	300	0	200	-0
519	-0	-0	-0	1506	0	-203	-0	161.89	551.65	39.09	2363.94	0	-266.09	-424.07	-0	-0	-0	903	0	-403	-0	-0	-0	-0	300	0	-203	-0	-0	-0	-0	300	0	200	-0
520	-0	-0	-0	1506	0	-203	-0	163.01	540.69	37.97	2363.07	0	-265.86	-400.92	-0	-0	-0	903	0	-403	-0	0	0	0	300	0	-203	0	-0	-0	-0	300	0	200	-0
521	-0	-0	-0	1506	0	-203	-0	165.25	523.15	36.85	2364.61	0	-265.63	-174.5	-0	-0	-0	903	0	-403	-0	-0	-0	-0	300	0	-203	-0	-0	-0	-0	300	0	200	-0
522	-0	-0	-0	1506	0	-203	-0	165.25	510.32	34.14	2362.82	0	-264.88	-739.57	-0	-0	-0	903	0	-403	-0	-0	-0	-0	300	0	-203	-0	-0	-0	-0	300	0	200	-0
523	-0	-0	-0	1506	0	-203	-0	166.21	489.66	31.73	2361.86	0	-265.57	-520.28	-0	-0	-0	903	0	-403	-0	-0	-0	-0	300	0	-203	-0	-0	-0	-0	300	0	200	-0
524	-0	-0	-0	1506	0	-203	-0	167.33	465.55	29.81	2362.29	0	-265.53	-219.49	-0	-0	-0	903	0	-403	-0	-0	-0	-0	300	0	-203	-0	0	0	0	300	0	200	0
525	-0	-0	-0	1506	0	-203	-0	167.49	437.06	27.41	2362.06	0	-265.47	-64.63	0	0	0	903	0	-403	0	-0	-0	-0	300	0	-203	-0	-0	-0	-0	300	0	200	-0
526	-0	-0	-0	1506	0	-203	-0	166.85	405.43	25.01	2360.56	0	-264.59	-57.23	-0	-0	-0	903	0	-403	-0	-0	-0	-0	300	0	-203	-0	-0	-0	-0	300	0	200	-0
527	-0	-0	-0	1506	0	-203	-0	162.38	366.93	21.81	2361.29	0	-264.8	-50.83	-0	-0	-0	903	0	-403	-0	0	0	0	300	0	-203	0	-0	-0	-0	300	0	200	-0
528	-0	-0	-0	1506	0	-203	-0	152.31	331.55	19.89	2359	0	-262.93	-343.33	-0	-0	-0	903	0	-403	-0	-0	-0	-0	300	0	-203	-0	-0	-0	-0	300	0	200	-0
529	-0	-0	-0	1506	0	-203	-0	140.97	288.66	17.01	2359.77	0	-264.1	-485.49	-0	-0	-0	903	0	-403	-0	-0	-0	-0	300	0	-203	-0	-0	-0	-0	300	0	200	-0
530	-0	-0	-0	1506	0	-203	-0	127.22	244.83	14.44	2359	0	-263.85	-539.81	-0	-0	-0	903	0	-403	-0	-0	-0	-0	300	0	-203	-0	-0	-0	-0	300	0	200	-0
531	-0	-0	-0	1506	0	-203	-0	110.44	197.24	12.36	2359.36	0	-264.52	-264.01	-0	-0	-0	903	0	-403	-0	0	0	0	300	0	-203	0	-0	-0	-0	300	0	200	-0
532	-0	-0	-0	1506	0	-203	-0	88.7	151.22	10.59	2357.86	0	-264.63	193.33	-0	-0	-0	903	0	-403	-0	-0	-0	-0	300	0	-203	-0	-0	-0	-0	300	0	200	-0
533	-0	-0	-0	1506	0	-203	-0	59.3	100.5	6.58	2369.71	0	-265.43	98.1	-0	-0	-0	903	0	-403	-0	-0	-0	-0	300	0	-203	-0	-0	-0	-0	300	0	200	-0
534	-0	-0	-0	1506	0	-203	-0	32.77	56.66	3.53	2374.32	0	-261.82	-312.44	-0	-0	-0	903	0	-403	-0	-0	-0	-0	300	0	-203	-0	-0	-0	-0	300	0	200	-0
535	-0	-0	-0	1506	0	-203	-0	12.31	22.54	0.97	2357.43	0	-251.1	-427.29	-0	-0	-0	903	0	-403	-0	-0	-0	-0	300	0	-203	-0	-0	-0	-0	300	0	200	-0
536	-0	-0	-0	1506	0	-203	-0	-0	-0	-0	2109	0	-203	-0	-0	-0	-0	903	0	-403	-0	-0	-0	-0	300	0	-203	-0	-0	-0	-0	300	0	200	-0
537	-0	-0	-0	1506	0	-203	-0	-0	-0	-0	2109	0	-203	-0	0	0	0	903	0	-403	0	-0	-0	-0	300	0	-203	-0	-0	-0	-0	300	0	200	-0
538	-0	-0	-0	1506	0	-203	-0	-0	-0	-0	2109	0	-203	-0	0	0	0	903	0	-403	0	-0	-0	-0	300	0	-203	-0	-0	-0	-0	300	0	200	-0
539	-0	-0	-0	1506	0	-203	-0	-0	-0	-0	2109	0	-203	-0	-0	-0	-0	903	0	-403	-0	-0	-0	-0	300	0	-203	-0	-0	-0	-0	300	0	200	-0
540	-0	-0	-0	1506	0	-203	-0	-0	-0	-0	2109	0	-203	-0	-0	-0	-0	903	0	-403	-0	-0	-0	-0	300	0	-203	-0	-0	-0	-0	300	0	200	-0
541	-0	-0	-0	1506	0	-203	-0	-0	-0	-0	2109	0	-203	-0	-0	-0	-0	903	0	-403	-0	-0	-0	-0	300	0	-203	-0	0	0	0	300	0	200	0
542	-0	-0	-0	1506	0	-203	-0	-0	-0	-0	2109	0	-203	-0	0	0	0	903	0	-403	0	0	0	0	300	0	-203	0	-0	-0	-0	300	0	200	-0
543	-0	-0	-0	1506	0	-203	-0	-0	-0	-0	2109	0	-203	-0	-0	-0	-0	903	0	-403	-0	-0	-0	-0	300	0	-203	-0	-0	-0	-0	300	0	200	-0
544	-0	-0	-0	1506	0	-203	-0	-0	-0	-0	2109	0	-203	-0	-0	-0	-0	903	0	-403	-0	-0	-0	-0	300	0	-203	-0	-0	-0	-0	300	0	200	-0
545	-0	-0	-0	1506	0	-203	-0	-0	-0	-0	2109	0	-203	-0	-0	-0	-0	903	0	-403	-0	-0	-0	-0	300	0	-203	-0	-0	-0	-0	300	0	200	-0
546	-0	-0	-0	1506	0	-203	-0	-0	-0	-0	2109	0	-203	-0	0	0	0	903	0	-403	0	0	0	0	300	0	-203	0	-0	-0	-0	300	0	200	-0
547	-0	-0	-0	1506	0	-203	-0	-0	-0	-0	2109	0	-203	-0	-0	-0	-0	903	0	-403	-0	-0	-0	-0	300	0	-203	-0	-0	-0	-0	300	0	200	-0
548	-0	-0	-0	1506	0	-203	-0	-0	-0	-0	2109	0	-203	-0	-0	-0	-0	903	0	-403	-0	0	0	0	300	0	-203	0	-0	-0	-0	300	0	200	-0
549	-0	-0	-0	1506	0	-203	-0	-0	-0	-0	2109	0	-203	-0	-0	-0	-0	903	0	-403	-0	-0	-0	-0	300	0	-203	-0	-0	-0	-0	300	0	200	-0
550	-0	-0	-0	1506	0	-203	-0	-0	-0	-0	2109	0	-203	-0	-0	-0	-0	903	0	-403	-0	-0	-0	-0	300	0	-203	-0	-0	-0	-0	300	0	200	-0
551	-0	-0	-0	1506	0	-203	-0	-0	-0	-0	2109	0	-203	-0	-0	-0	-0	903	0	-403	-0	0	0	0	300	0	-203	0	-0	-0	-0	300	0	200	-0
552	-0	-0	-0	1506	0	-203	-0	-0	-0	-0	2109	0	-203	-0	-0	-0	-0	903	0	-403	-0	-0	-0	-0	300	0	-203	-0	0	0	0	300	0	200	0
553	-0	-0	-0	1506	0	-203	-0	-0	-0	-0	2109	0	-203	-0	-0	-0	-0	903	0	-403	-0	-0	-0	-0	300	0	-203	-0	-0	-0	-0	300	0	200	-0
554	-0	-0	-0	1506	0	-203	-0	-0	-0	-0	2109	0	-203	-0	-0	-0	-0	903	0	-403	-0	-0	-0	-0	300	0	-203	-0	-0	-0	-0	300	0	200	-0
555	-0	-0	-0	1506	0	-203	-0	-0	-0	-0	2109	0	-203	-0	0	0	0	903	0	-403	0	-0	-0	-0	300	0	-203	-0	-0	-0	-0	300	0	200	-0
556	-0	-0	-0	1506	0	-203	-0	-0	-0	-0	2109	0	-203	-0	0	0	0	903	0	-403	0	-0	-0	-0	300	0	-203	-0	-0	-0	-0	300	0	200	-0
557	-0	-0	-0	1506	0	-203	-0	-0	-0	-0	2109	0	-203	-0	-0	-0	-0	903	0	-403	-0	0	0	0	300	0	-203	0	-0	-0	-0	300	0	200	-0
558	-0	-0	-0	1506	0	-203	-0	-0	-0	-0	2109	0	-203	-0	-0	-0	-0	903	0	-403	-0	-0	-0	-0	300	0	-203	-0	-0	-0	-0	300	0	200	-0
559	-0	-0	-0	1506	0	-203	-0	-0	-0	-0	2109	0	-203	-0	-0	-0	-0	903	0	-403	-0	-0	-0	-0	300	0	-203	-0	-0	-0	-0	300	0	200	-0
560	-0	-0	-0	1506	0	-203	-0	-0	-0	-0	2109	0	-203	-0	-0	-0	-0	903	0	-403	-0	-0	-0	-0	300	0	-203	-0	-0	-0	-0	300	0	200	-0
561	-0	-0	-0	1506	0	-203	-0	-0	-0	-0	2109	0	-203	-0	-0	-0	-0	903	0	-403	-0	0	0	0	300	0	-203	0	-0	-0	-0	300	0	200	-0
562	-0	-0	-0	1506	0	-203	-0	-0	-0	-0	2109	0	-203	-0	-0	-0	-0	903	0	-403	-0	-0	-0	-0	300	0	-203	-0	-0	-0	-0	300	0	200	-0
563	-0	-0	-0	1506	0	-203	-0	-0	-0	-0	2109	0	-203	-0	-0	-0	-0	903	0	-403	-0	-0	-0	-0	300	0	-203	-0	-0	-0	-0	300	0	200	-0
564	-0	-0	-0	1506	0	-203	-0	-0	-0	-0	2109	0	-203	-0	0	0	0	903	0	-403	0	-0	-0	-0	300	0	-203	-0	-0	-0	-0	300	0	200	-0
565	-0	-0	-0	1506	0	-203	-0	-0	-0	-0	2109	0	-203	-0	-0	-0	-0	903	0	-403	-0	-0	-0	-0	300	0	-203	-0	-0	-0	-0	300	0	200	-0
566	-0	-0	-0	1506	0	-203	-0	-0	-0	-0	2109	0	-203	-0	-0	-0	-0	903	0	-403	-0	0	0	0	300	0	-203	0	-0	-0	-0	300	0	200	-0
567	-0	-0	-0	1506	0	-203	-0	-0	-0	-0	2109	0	-203	-0	-0	-0	-0	903	0	-403	-0	-0	-0	-0	300	0	-203	-0	-0	-0	-0	300	0	200	-0
568	-0	-0	-0	1506	0	-203	-0	-0	-0	-0	2109	0	-203	-0	-0	-0	-0	903	0	-403	-0	-0	-0	-0	300	0	-203	-0	-0	-0	-0	300	0	200	-0
