Time	Fx1	Fy1	Fz1	COPx1	COPy1	COPz1	Ty1	Fx2	Fy2	Fz2	COPx2	COPy2	COPz2	Ty2	Fx3	Fy3	Fz3	COPx3	COPy3	COPz3	Ty3	Fx4	Fy4	Fz4	COPx4	COPy4	COPz4	Ty4	Fx5	Fy5	Fz5	COPx5	COPy5	COPz5	Ty5
1	0	0	0	1506	0	-203	0	0	0	0	2109	0	-203	0	0	0	0	903	0	-403	0	0	0	0	300	0	-203	0	0	0	0	300	0	200	0
2	-0	-0	-0	1506	0	-203	-0	-0	-0	-0	2109	0	-203	-0	-0	-0	-0	903	0	-403	-0	-0	-0	-0	300	0	-203	-0	-0	-0	-0	300	0	200	-0
3	-0	-0	-0	1506	0	-203	-0	-0	-0	-0	2109	0	-203	-0	-0	-0	-0	903	0	-403	-0	-0	-0	-0	300	0	-203	-0	-0	-0	-0	300	0	200	-0
4	-0	-0	-0	1506	0	-203	-0	-0	-0	-0	2109	0	-203	-0	-0	-0	-0	903	0	-403	-0	-0	-0	-0	300	0	-203	-0	-0	-0	-0	300	0	200	-0
5	-0	-0	-0	1506	0	-203	-0	-0	-0	-0	2109	0	-203	-0	-0	-0	-0	903	0	-403	-0	-0	-0	-0	300	0	-203	-0	-0	-0	-0	300	0	200	-0
6	-0	-0	-0	1506	0	-203	-0	-0	-0	-0	2109	0	-203	-0	-0	-0	-0	903	0	-403	-0	-0	-0	-0	300	0	-203	-0	-0	-0	-0	300	0	200	-0
7	-0	-0	-0	1506	0	-203	-0	-0	-0	-0	2109	0	-203	-0	-0	-0	-0	903	0	-403	-0	-0	-0	-0	300	0	-203	-0	-0	-0	-0	300	0	200	-0
8	-0	-0	-0	1506	0	-203	-0	-0	-0	-0	2109	0	-203	-0	-0	-0	-0	903	0	-403	-0	-0	-0	-0	300	0	-203	-0	-0	-0	-0	300	0	200	-0
9	-0	-0	-0	1506	0	-203	-0	-0	-0	-0	2109	0	-203	-0	-0	-0	-0	903	0	-403	-0	-0	-0	-0	300	0	-203	-0	-0	-0	-0	300	0	200	-0
10	-0	-0	-0	1506	0	-203	-0	-0	-0	-0	2109	0	-203	-0	-0	-0	-0	903	0	-403	-0	-0	-0	-0	300	0	-203	-0	-0	-0	-0	300	0	200	-0
11	-0	-0	-0	1506	0	-203	-0	-0	-0	-0	2109	0	-203	-0	-0	-0	-0	903	0	-403	-0	-0	-0	-0	300	0	-203	-0	-0	-0	-0	300	0	200	-0
12	-0	-0	-0	1506	0	-203	-0	-0	-0	-0	2109	0	-203	-0	-0	-0	-0	903	0	-403	-0	-0	-0	-0	300	0	-203	-0	-0	-0	-0	300	0	200	-0
13	-0	-0	-0	1506	0	-203	-0	-0	-0	-0	2109	0	-203	-0	-0	-0	-0	903	0	-403	-0	-0	-0	-0	300	0	-203	-0	0	0	0	300	0	200	0
14	-0	-0	-0	1506	0	-203	-0	-0	-0	-0	2109	0	-203	-0	-0	-0	-0	903	0	-403	-0	-0	-0	-0	300	0	-203	-0	-0	-0	-0	300	0	200	-0
15	-0	-0	-0	1506	0	-203	-0	-0	-0	-0	2109	0	-203	-0	-0	-0	-0	903	0	-403	-0	-0	-0	-0	300	0	-203	-0	-0	-0	-0	300	0	200	-0
16	-0	-0	-0	1506	0	-203	-0	-0	-0	-0	2109	0	-203	-0	-0	-0	-0	903	0	-403	-0	-0	-0	-0	300	0	-203	-0	-0	-0	-0	300	0	200	-0
17	-0	-0	-0	1506	0	-203	-0	-0	-0	-0	2109	0	-203	-0	-0	-0	-0	903	0	-403	-0	-0	-0	-0	300	0	-203	-0	-0	-0	-0	300	0	200	-0
18	-0	-0	-0	1506	0	-203	-0	-0	-0	-0	2109	0	-203	-0	0	0	0	903	0	-403	0	-0	-0	-0	300	0	-203	-0	-0	-0	-0	300	0	200	-0
19	-0	-0	-0	1506	0	-203	-0	-0	-0	-0	2109	0	-203	-0	-0	-0	-0	903	0	-403	-0	0	0	0	300	0	-203	0	-0	-0	-0	300	0	200	-0
20	-0	-0	-0	1506	0	-203	-0	-0	-0	-0	2109	0	-203	-0	-0	-0	-0	903	0	-403	-0	-0	-0	-0	300	0	-203	-0	-0	-0	-0	300	0	200	-0
21	-0	-0	-0	1506	0	-203	-0	-0	-0	-0	2109	0	-203	-0	0	0	0	903	0	-403	0	-0	-0	-0	300	0	-203	-0	-0	-0	-0	300	0	200	-0
22	-0	-0	-0	1506	0	-203	-0	-0	-0	-0	2109	0	-203	-0	-0	-0	-0	903	0	-403	-0	-0	-0	-0	300	0	-203	-0	-0	-0	-0	300	0	200	-0
23	-0	-0	-0	1506	0	-203	-0	-0	-0	-0	2109	0	-203	-0	-0	-0	-0	903	0	-403	-0	-0	-0	-0	300	0	-203	-0	-0	-0	-0	300	0	200	-0
24	-0	-0	-0	1506	0	-203	-0	-0	-0	-0	2109	0	-203	-0	-0	-0	-0	903	0	-403	-0	-0	-0	-0	300	0	-203	-0	-0	-0	-0	300	0	200	-0
25	-0	-0	-0	1506	0	-203	-0	-0	-0	-0	2109	0	-203	-0	-0	-0	-0	903	0	-403	-0	0	0	0	300	0	-203	0	0	0	0	300	0	200	0
26	-0	-0	-0	1506	0	-203	-0	-0	-0	-0	2109	0	-203	-0	-0	-0	-0	903	0	-403	-0	-0	-0	-0	300	0	-203	-0	0	0	0	300	0	200	0
27	-0	-0	-0	1506	0	-203	-0	-0	-0	-0	2109	0	-203	-0	-0	-0	-0	903	0	-403	-0	-0	-0	-0	300	0	-203	-0	-0	-0	-0	300	0	200	-0
28	-0	-0	-0	1506	0	-203	-0	-0	-0	-0	2109	0	-203	-0	-0	-0	-0	903	0	-403	-0	-0	-0	-0	300	0	-203	-0	-0	-0	-0	300	0	200	-0
29	-0	-0	-0	1506	0	-203	-0	-0	-0	-0	2109	0	-203	-0	0	0	0	903	0	-403	0	-0	-0	-0	300	0	-203	-0	0	0	0	300	0	200	0
30	-0	-0	-0	1506	0	-203	-0	-0	-0	-0	2109	0	-203	-0	-0	-0	-0	903	0	-403	-0	-0	-0	-0	300	0	-203	-0	-0	-0	-0	300	0	200	-0
31	-0	-0	-0	1506	0	-203	-0	-0	-0	-0	2109	0	-203	-0	-0	-0	-0	903	0	-403	-0	0	0	0	300	0	-203	0	0	0	0	300	0	200	0
32	-0	-0	-0	1506	0	-203	-0	-0	-0	-0	2109	0	-203	-0	-0	-0	-0	903	0	-403	-0	-0	-0	-0	300	0	-203	-0	-0	-0	-0	300	0	200	-0
33	-0	-0	-0	1506	0	-203	-0	-0	-0	-0	2109	0	-203	-0	-0	-0	-0	903	0	-403	-0	-0	-0	-0	300	0	-203	-0	-0	-0	-0	300	0	200	-0
34	-0	-0	-0	1506	0	-203	-0	-0	-0	-0	2109	0	-203	-0	0	0	0	903	0	-403	0	-0	-0	-0	300	0	-203	-0	-0	-0	-0	300	0	200	-0
35	-0	-0	-0	1506	0	-203	-0	-0	-0	-0	2109	0	-203	-0	-0	-0	-0	903	0	-403	-0	-0	-0	-0	300	0	-203	-0	0	0	0	300	0	200	0
36	-0	-0	-0	1506	0	-203	-0	-0	-0	-0	2109	0	-203	-0	-0	-0	-0	903	0	-403	-0	-0	-0	-0	300	0	-203	-0	-0	-0	-0	300	0	200	-0
37	-0	-0	-0	1506	0	-203	-0	-0	-0	-0	2109	0	-203	-0	-0	-0	-0	903	0	-403	-0	-0	-0	-0	300	0	-203	-0	-0	-0	-0	300	0	200	-0
38	-0	-0	-0	1506	0	-203	-0	-0	-0	-0	2109	0	-203	-0	-0	-0	-0	903	0	-403	-0	-0	-0	-0	300	0	-203	-0	-0	-0	-0	300	0	200	-0
39	-0	-0	-0	1506	0	-203	-0	-0	-0	-0	2109	0	-203	-0	-0	-0	-0	903	0	-403	-0	-0	-0	-0	300	0	-203	-0	-0	-0	-0	300	0	200	-0
40	-0	-0	-0	1506	0	-203	-0	-0	-0	-0	2109	0	-203	-0	-0	-0	-0	903	0	-403	-0	-0	-0	-0	300	0	-203	-0	0	0	0	300	0	200	0
41	-0	-0	-0	1506	0	-203	-0	-0	-0	-0	2109	0	-203	-0	-0	-0	-0	903	0	-403	-0	-0	-0	-0	300	0	-203	-0	-0	-0	-0	300	0	200	-0
42	-0	-0	-0	1506	0	-203	-0	-0	-0	-0	2109	0	-203	-0	-0	-0	-0	903	0	-403	-0	-0	-0	-0	300	0	-203	-0	-0	-0	-0	300	0	200	-0
43	-0	-0	-0	1506	0	-203	-0	-0	-0	-0	2109	0	-203	-0	-0	-0	-0	903	0	-403	-0	-0	-0	-0	300	0	-203	-0	-0	-0	-0	300	0	200	-0
44	-0	-0	-0	1506	0	-203	-0	-0	-0	-0	2109	0	-203	-0	-0	-0	-0	903	0	-403	-0	-0	-0	-0	300	0	-203	-0	-0	-0	-0	300	0	200	-0
45	-0	-0	-0	1506	0	-203	-0	-0	-0	-0	2109	0	-203	-0	-0	-0	-0	903	0	-403	-0	-0	-0	-0	300	0	-203	-0	-0	-0	-0	300	0	200	-0
46	-0	-0	-0	1506	0	-203	-0	-0	-0	-0	2109	0	-203	-0	-0	-0	-0	903	0	-403	-0	-0	-0	-0	300	0	-203	-0	-0	-0	-0	300	0	200	-0
47	-0	-0	-0	1506	0	-203	-0	-0	-0	-0	2109	0	-203	-0	-0	-0	-0	903	0	-403	-0	4.14	29.59	-5.16	339.15	0	-80.89	83.78	-0	-0	-0	300	0	200	-0
48	-0	-0	-0	1506	0	-203	-0	-0	-0	-0	2109	0	-203	-0	-0	-0	-0	903	0	-403	-0	11.47	109.14	-15.48	340.06	0	-77.77	5.42	-0	-0	-0	300	0	200	-0
49	-0	-0	-0	1506	0	-203	-0	-0	-0	-0	2109	0	-203	-0	-0	-0	-0	903	0	-403	-0	28.51	257.92	-18.39	341.44	0	-80.71	256.1	-0	-0	-0	300	0	200	-0
50	-0	-0	-0	1506	0	-203	-0	-0	-0	-0	2109	0	-203	-0	-0	-0	-0	903	0	-403	-0	21.18	256.84	-16.97	343.66	0	-80.56	95.32	0	0	0	300	0	200	0
51	-0	-0	-0	1506	0	-203	-0	-0	-0	-0	2109	0	-203	-0	-0	-0	-0	903	0	-403	-0	4.48	234.85	-18.94	345.75	0	-80.96	147.12	-0	-0	-0	300	0	200	-0
52	-0	-0	-0	1506	0	-203	-0	-0	-0	-0	2109	0	-203	-0	-0	-0	-0	903	0	-403	-0	-11.2	235.93	-19.48	347.58	0	-81.41	-25.49	-0	-0	-0	300	0	200	-0
53	-0	-0	-0	1506	0	-203	-0	-0	-0	-0	2109	0	-203	-0	-0	-0	-0	903	0	-403	-0	-28.37	256.29	-19.68	350.05	0	-81.17	25.24	-0	-0	-0	300	0	200	-0
54	-0	-0	-0	1506	0	-203	-0	-0	-0	-0	2109	0	-203	-0	-0	-0	-0	903	0	-403	-0	-46.77	279.91	-21.24	352.13	0	-81.64	-112.62	-0	-0	-0	300	0	200	-0
55	-0	-0	-0	1506	0	-203	-0	-0	-0	-0	2109	0	-203	-0	-0	-0	-0	903	0	-403	-0	-75.14	297.83	-22.4	354.55	0	-80.38	-357.33	-0	-0	-0	300	0	200	-0
56	-0	-0	-0	1506	0	-203	-0	-0	-0	-0	2109	0	-203	-0	-0	-0	-0	903	0	-403	-0	-99.16	304.62	-20.77	356.96	0	-80.89	-198.6	-0	-0	-0	300	0	200	-0
57	-0	-0	-0	1506	0	-203	-0	-0	-0	-0	2109	0	-203	-0	-0	-0	-0	903	0	-403	-0	-107.24	314.39	-18.53	357.91	0	-81.7	-234.22	0	0	0	300	0	200	0
58	-0	-0	-0	1506	0	-203	-0	-0	-0	-0	2109	0	-203	-0	-0	-0	-0	903	0	-403	-0	-99.71	333.13	-17.72	359.7	0	-81.32	100.15	-0	-0	-0	300	0	200	-0
59	-0	-0	-0	1506	0	-203	-0	-0	-0	-0	2109	0	-203	-0	-0	-0	-0	903	0	-403	-0	-84.1	361.09	-18.33	361.23	0	-82.65	-46.25	-0	-0	-0	300	0	200	-0
60	-0	-0	-0	1506	0	-203	-0	-0	-0	-0	2109	0	-203	-0	-0	-0	-0	903	0	-403	-0	-77.04	389.87	-16.63	364.74	0	-83.82	-178.62	-0	-0	-0	300	0	200	-0
61	-0	-0	-0	1506	0	-203	-0	-0	-0	-0	2109	0	-203	-0	-0	-0	-0	903	0	-403	-0	-79.21	422.18	-9.1	368.74	0	-84.38	-690.3	-0	-0	-0	300	0	200	-0
62	-0	-0	-0	1506	0	-203	-0	-0	-0	-0	2109	0	-203	-0	-0	-0	-0	903	0	-403	-0	-92.92	443.63	-0.34	371.13	0	-85.58	-1132.38	-0	-0	-0	300	0	200	-0
63	-0	-0	-0	1506	0	-203	-0	-0	-0	-0	2109	0	-203	-0	-0	-0	-0	903	0	-403	-0	-107.65	461.28	2.85	374.21	0	-85.76	-1509.43	-0	-0	-0	300	0	200	-0
64	-0	-0	-0	1506	0	-203	-0	-0	-0	-0	2109	0	-203	-0	-0	-0	-0	903	0	-403	-0	-121.49	482.45	5.29	377.84	0	-86.51	-1718.77	-0	-0	-0	300	0	200	-0
65	-0	-0	-0	1506	0	-203	-0	-0	-0	-0	2109	0	-203	-0	-0	-0	-0	903	0	-403	-0	-128.01	496.57	5.84	380.32	0	-86.37	-1504.95	-0	-0	-0	300	0	200	-0
66	-0	-0	-0	1506	0	-203	-0	-0	-0	-0	2109	0	-203	-0	-0	-0	-0	903	0	-403	-0	-129.23	507.7	5.97	382.88	0	-86.4	-1285.07	-0	-0	-0	300	0	200	-0
67	-0	-0	-0	1506	0	-203	-0	-0	-0	-0	2109	0	-203	-0	-0	-0	-0	903	0	-403	-0	-129.91	522.91	6.65	384.32	0	-86.73	-1045.11	-0	-0	-0	300	0	200	-0
68	-0	-0	-0	1506	0	-203	-0	-0	-0	-0	2109	0	-203	-0	-0	-0	-0	903	0	-403	-0	-132.76	541.64	7.33	386.19	0	-86.91	-854.02	-0	-0	-0	300	0	200	-0
69	-0	-0	-0	1506	0	-203	-0	-0	-0	-0	2109	0	-203	-0	-0	-0	-0	903	0	-403	-0	-135.54	556.3	7.81	386.97	0	-86.77	-615.11	-0	-0	-0	300	0	200	-0
70	-0	-0	-0	1506	0	-203	-0	-0	-0	-0	2109	0	-203	-0	-0	-0	-0	903	0	-403	-0	-138.6	572.86	9.03	388.67	0	-86.83	-614.27	-0	-0	-0	300	0	200	-0
71	-0	-0	-0	1506	0	-203	-0	-0	-0	-0	2109	0	-203	-0	-0	-0	-0	903	0	-403	-0	-141.25	586.71	12.08	390.06	0	-87.04	-777.04	0	0	0	300	0	200	0
72	-0	-0	-0	1506	0	-203	-0	-0	-0	-0	2109	0	-203	-0	-0	-0	-0	903	0	-403	-0	-142.13	598.38	14.86	391	0	-87.13	-865.08	-0	-0	-0	300	0	200	-0
73	-0	-0	-0	1506	0	-203	-0	-0	-0	-0	2109	0	-203	-0	-0	-0	-0	903	0	-403	-0	-142.4	612.5	19.07	391.85	0	-87.42	-959.27	-0	-0	-0	300	0	200	-0
74	-0	-0	-0	1506	0	-203	-0	-0	-0	-0	2109	0	-203	-0	-0	-0	-0	903	0	-403	-0	-141.45	627.98	22.6	392.6	0	-87.98	-1175.09	-0	-0	-0	300	0	200	-0
75	-0	-0	-0	1506	0	-203	-0	-0	-0	-0	2109	0	-203	-0	-0	-0	-0	903	0	-403	-0	-141.59	637.75	26.06	393.17	0	-87.95	-940.19	-0	-0	-0	300	0	200	-0
76	-0	-0	-0	1506	0	-203	-0	-0	-0	-0	2109	0	-203	-0	-0	-0	-0	903	0	-403	-0	-141.11	647.79	28.24	393.85	0	-87.97	-889.35	-0	-0	-0	300	0	200	-0
77	-0	-0	-0	1506	0	-203	-0	-0	-0	-0	2109	0	-203	-0	-0	-0	-0	903	0	-403	-0	-140.36	653.5	29.93	394.15	0	-87.91	-687.71	-0	-0	-0	300	0	200	-0
78	-0	-0	-0	1506	0	-203	-0	-0	-0	-0	2109	0	-203	-0	-0	-0	-0	903	0	-403	-0	-137.99	657.84	30.41	394.56	0	-87.79	-677.08	-0	-0	-0	300	0	200	-0
79	-0	-0	-0	1506	0	-203	-0	-0	-0	-0	2109	0	-203	-0	-0	-0	-0	903	0	-403	-0	-136.02	660.01	30.95	394.83	0	-87.88	-650.65	-0	-0	-0	300	0	200	-0
80	-0	-0	-0	1506	0	-203	-0	-0	-0	-0	2109	0	-203	-0	-0	-0	-0	903	0	-403	-0	-133.71	661.91	31.02	395.14	0	-87.92	-672.69	-0	-0	-0	300	0	200	-0
81	-0	-0	-0	1506	0	-203	-0	-0	-0	-0	2109	0	-203	-0	-0	-0	-0	903	0	-403	-0	-131.68	663.54	31.22	395.36	0	-87.91	-739.91	-0	-0	-0	300	0	200	-0
82	-0	-0	-0	1506	0	-203	-0	-0	-0	-0	2109	0	-203	-0	-0	-0	-0	903	0	-403	-0	-130.45	666.53	31.7	395.74	0	-87.74	-746.2	-0	-0	-0	300	0	200	-0
83	-0	-0	-0	1506	0	-203	-0	-0	-0	-0	2109	0	-203	-0	-0	-0	-0	903	0	-403	-0	-128.21	671.41	31.7	395.83	0	-88.09	-813.32	-0	-0	-0	300	0	200	-0
84	-0	-0	-0	1506	0	-203	-0	-0	-0	-0	2109	0	-203	-0	0	0	0	903	0	-403	0	-126.11	673.04	31.83	395.96	0	-87.75	-686.7	-0	-0	-0	300	0	200	-0
85	-0	-0	-0	1506	0	-203	-0	-0	-0	-0	2109	0	-203	-0	-0	-0	-0	903	0	-403	-0	-122.58	675.49	30.88	395.8	0	-87.88	-731.68	-0	-0	-0	300	0	200	-0
86	-0	-0	-0	1506	0	-203	-0	-0	-0	-0	2109	0	-203	-0	-0	-0	-0	903	0	-403	-0	-118.3	674.67	29.8	395.47	0	-87.7	-721.88	-0	-0	-0	300	0	200	-0
87	-0	-0	-0	1506	0	-203	-0	-0	-0	-0	2109	0	-203	-0	-0	-0	-0	903	0	-403	-0	-114.44	672.77	28.37	395.78	0	-87.73	-730.64	-0	-0	-0	300	0	200	-0
88	-0	-0	-0	1506	0	-203	-0	-0	-0	-0	2109	0	-203	-0	-0	-0	-0	903	0	-403	-0	-109.75	670.87	26.67	395.41	0	-87.5	-699.34	-0	-0	-0	300	0	200	-0
89	-0	-0	-0	1506	0	-203	-0	-0	-0	-0	2109	0	-203	-0	-0	-0	-0	903	0	-403	-0	-104.73	668.43	24.91	394.71	0	-87.62	-775.68	-0	-0	-0	300	0	200	-0
90	-0	-0	-0	1506	0	-203	-0	-0	-0	-0	2109	0	-203	-0	-0	-0	-0	903	0	-403	-0	-100.52	664.63	23.82	394.84	0	-87.27	-822.64	-0	-0	-0	300	0	200	-0
91	-0	-0	-0	1506	0	-203	-0	-0	-0	-0	2109	0	-203	-0	-0	-0	-0	903	0	-403	-0	-96.04	661.37	23.01	394.51	0	-87.09	-729.88	-0	-0	-0	300	0	200	-0
92	-0	-0	-0	1506	0	-203	-0	-0	-0	-0	2109	0	-203	-0	-0	-0	-0	903	0	-403	-0	-90.61	657.03	21.99	394.23	0	-87.27	-901.93	-0	-0	-0	300	0	200	-0
93	-0	-0	-0	1506	0	-203	-0	-0	-0	-0	2109	0	-203	-0	-0	-0	-0	903	0	-403	-0	-86.61	651.87	21.65	394.17	0	-87.01	-853.75	-0	-0	-0	300	0	200	-0
94	-0	-0	-0	1506	0	-203	-0	-0	-0	-0	2109	0	-203	-0	-0	-0	-0	903	0	-403	-0	-81.58	645.08	21.11	393.88	0	-87.22	-912.71	-0	-0	-0	300	0	200	-0
95	-0	-0	-0	1506	0	-203	-0	-0	-0	-0	2109	0	-203	-0	-0	-0	-0	903	0	-403	-0	-76.63	638.02	20.77	393.52	0	-87.24	-963.33	-0	-0	-0	300	0	200	-0
96	-0	-0	-0	1506	0	-203	-0	-0	-0	-0	2109	0	-203	-0	-0	-0	-0	903	0	-403	-0	-72.63	630.42	20.43	393.22	0	-86.94	-999.67	-0	-0	-0	300	0	200	-0
97	-0	-0	-0	1506	0	-203	-0	-0	-0	-0	2109	0	-203	-0	-0	-0	-0	903	0	-403	-0	-67.74	620.92	20.23	393.34	0	-87.18	-1082.91	-0	-0	-0	300	0	200	-0
98	-0	-0	-0	1506	0	-203	-0	-0	-0	-0	2109	0	-203	-0	-0	-0	-0	903	0	-403	-0	-63.19	613.04	20.43	393.03	0	-87.68	-1150.47	-0	-0	-0	300	0	200	-0
99	-0	-0	-0	1506	0	-203	-0	-0	-0	-0	2109	0	-203	-0	-0	-0	-0	903	0	-403	-0	-59.05	602.73	20.97	393.34	0	-87.28	-1189.01	-0	-0	-0	300	0	200	-0
100	-0	-0	-0	1506	0	-203	-0	-0	-0	-0	2109	0	-203	-0	-0	-0	-0	903	0	-403	-0	-55.39	591.87	21.45	393.09	0	-87.51	-1116.16	-0	-0	-0	300	0	200	-0
101	-0	-0	-0	1506	0	-203	-0	-0	-0	-0	2109	0	-203	-0	-0	-0	-0	903	0	-403	-0	-51.24	579.11	22.06	393.5	0	-87.49	-1118.84	0	0	0	300	0	200	0
102	-0	-0	-0	1506	0	-203	-0	-0	-0	-0	2109	0	-203	-0	-0	-0	-0	903	0	-403	-0	-48.26	570.15	22.87	393.54	0	-88.12	-1153.23	-0	-0	-0	300	0	200	-0
103	-0	-0	-0	1506	0	-203	-0	-0	-0	-0	2109	0	-203	-0	-0	-0	-0	903	0	-403	-0	-45.14	556.84	23.42	394.12	0	-88.15	-1043.85	-0	-0	-0	300	0	200	-0
104	-0	-0	-0	1506	0	-203	-0	-0	-0	-0	2109	0	-203	-0	0	0	0	903	0	-403	0	-42.15	544.08	24.16	394.91	0	-88.57	-1058.56	-0	-0	-0	300	0	200	-0
105	-0	-0	-0	1506	0	-203	-0	-0	-0	-0	2109	0	-203	-0	-0	-0	-0	903	0	-403	-0	-40.18	533.22	24.43	395.11	0	-88.49	-1077.53	0	0	0	300	0	200	0
106	-0	-0	-0	1506	0	-203	-0	-0	-0	-0	2109	0	-203	-0	-0	-0	-0	903	0	-403	-0	-37.74	520.73	25.18	396.01	0	-88.95	-967.1	-0	-0	-0	300	0	200	-0
107	-0	-0	-0	1506	0	-203	-0	-0	-0	-0	2109	0	-203	-0	-0	-0	-0	903	0	-403	-0	-35.09	508.52	25.66	396.66	0	-89.14	-939.18	-0	-0	-0	300	0	200	-0
108	-0	-0	-0	1506	0	-203	-0	-0	-0	-0	2109	0	-203	-0	0	0	0	903	0	-403	0	-34.14	499.56	26.2	397.46	0	-89.72	-824.94	-0	-0	-0	300	0	200	-0
109	-0	-0	-0	1506	0	-203	-0	-0	-0	-0	2109	0	-203	-0	-0	-0	-0	903	0	-403	-0	-32.04	488.97	26.81	398.33	0	-90.31	-787.41	-0	-0	-0	300	0	200	-0
110	-0	-0	-0	1506	0	-203	-0	-0	-0	-0	2109	0	-203	-0	-0	-0	-0	903	0	-403	-0	-30.41	477.84	27.62	399.44	0	-90.14	-668.89	-0	-0	-0	300	0	200	-0
111	-0	-0	-0	1506	0	-203	-0	-0	-0	-0	2109	0	-203	-0	-0	-0	-0	903	0	-403	-0	-29.39	471.05	28.1	400.66	0	-90.89	-579.15	-0	-0	-0	300	0	200	-0
112	-0	-0	-0	1506	0	-203	-0	-0	-0	-0	2109	0	-203	-0	-0	-0	-0	903	0	-403	-0	-27.96	461.55	28.1	401.81	0	-91.06	-499.51	-0	-0	-0	300	0	200	-0
113	-0	-0	-0	1506	0	-203	-0	-0	-0	-0	2109	0	-203	-0	-0	-0	-0	903	0	-403	-0	-26.47	453.94	28.24	402.91	0	-91.59	-444.41	-0	-0	-0	300	0	200	-0
114	-0	-0	-0	1506	0	-203	-0	-0	-0	-0	2109	0	-203	-0	-0	-0	-0	903	0	-403	-0	-25.05	448.51	28.03	403.97	0	-91.99	-420.08	-0	-0	-0	300	0	200	-0
115	-0	-0	-0	1506	0	-203	-0	-0	-0	-0	2109	0	-203	-0	0	0	0	903	0	-403	0	-24.37	441.18	27.69	405.45	0	-92.37	-316.2	-0	-0	-0	300	0	200	-0
116	-0	-0	-0	1506	0	-203	-0	-0	-0	-0	2109	0	-203	-0	-0	-0	-0	903	0	-403	-0	-22.87	434.4	27.01	406.74	0	-92.51	-290.2	-0	-0	-0	300	0	200	-0
117	-0	-0	-0	1506	0	-203	-0	-0	-0	-0	2109	0	-203	-0	-0	-0	-0	903	0	-403	-0	-21.79	430.6	26.81	407.75	0	-93.1	-238.6	-0	-0	-0	300	0	200	-0
118	-0	-0	-0	1506	0	-203	-0	-0	-0	-0	2109	0	-203	-0	-0	-0	-0	903	0	-403	-0	-20.63	427.07	26.34	408.83	0	-93.55	-145.6	-0	-0	-0	300	0	200	-0
119	-0	-0	-0	1506	0	-203	-0	-0	-0	-0	2109	0	-203	-0	-0	-0	-0	903	0	-403	-0	-19	422.99	25.52	409.78	0	-93.97	-223.75	-0	-0	-0	300	0	200	-0
120	-0	-0	-0	1506	0	-203	-0	-0	-0	-0	2109	0	-203	-0	0	0	0	903	0	-403	0	-17.92	418.92	24.98	411.21	0	-93.96	-105.64	0	0	0	300	0	200	0
121	-0	-0	-0	1506	0	-203	-0	-0	-0	-0	2109	0	-203	-0	-0	-0	-0	903	0	-403	-0	-16.49	415.66	24.1	412.65	0	-94.4	-166.34	-0	-0	-0	300	0	200	-0
122	-0	-0	-0	1506	0	-203	-0	-0	-0	-0	2109	0	-203	-0	-0	-0	-0	903	0	-403	-0	-14.66	413.76	23.21	413.7	0	-94.9	-297.74	-0	-0	-0	300	0	200	-0
123	-0	-0	-0	1506	0	-203	-0	-0	-0	-0	2109	0	-203	-0	-0	-0	-0	903	0	-403	-0	-13.78	412.68	22.33	414.6	0	-95.35	-214.06	-0	-0	-0	300	0	200	-0
124	-0	-0	-0	1506	0	-203	-0	-0	-0	-0	2109	0	-203	-0	-0	-0	-0	903	0	-403	-0	-12.22	409.96	21.52	416	0	-95.38	-311.23	-0	-0	-0	300	0	200	-0
125	-0	-0	-0	1506	0	-203	-0	-0	-0	-0	2109	0	-203	-0	-0	-0	-0	903	0	-403	-0	-10.86	409.96	20.36	417.51	0	-95.71	-396.78	0	0	0	300	0	200	0
126	-0	-0	-0	1506	0	-203	-0	-0	-0	-0	2109	0	-203	-0	-0	-0	-0	903	0	-403	-0	-10.11	409.69	19.75	418.47	0	-95.81	-418.77	0	0	0	300	0	200	0
127	-0	-0	-0	1506	0	-203	-0	-0	-0	-0	2109	0	-203	-0	-0	-0	-0	903	0	-403	-0	-8.62	410.78	18.67	419.56	0	-96.23	-519.93	-0	-0	-0	300	0	200	-0
128	-0	-0	-0	1506	0	-203	-0	-0	-0	-0	2109	0	-203	-0	-0	-0	-0	903	0	-403	-0	-7.67	412.41	17.78	420.8	0	-96.62	-601.05	0	0	0	300	0	200	0
129	-0	-0	-0	1506	0	-203	-0	-0	-0	-0	2109	0	-203	-0	-0	-0	-0	903	0	-403	-0	-6.31	414.31	16.9	421.94	0	-96.94	-679.59	-0	-0	-0	300	0	200	-0
130	-0	-0	-0	1506	0	-203	-0	-0	-0	-0	2109	0	-203	-0	-0	-0	-0	903	0	-403	-0	-5.5	416.48	16.56	423.32	0	-96.93	-739.56	-0	-0	-0	300	0	200	-0
131	-0	-0	-0	1506	0	-203	-0	-0	-0	-0	2109	0	-203	-0	-0	-0	-0	903	0	-403	-0	-5.16	419.19	15.81	425.32	0	-97.52	-790.8	-0	-0	-0	300	0	200	-0
132	-0	-0	-0	1506	0	-203	-0	-0	-0	-0	2109	0	-203	-0	-0	-0	-0	903	0	-403	-0	-4.41	421.09	14.86	426.75	0	-97.5	-984.53	0	0	0	300	0	200	0
133	-0	-0	-0	1506	0	-203	-0	-0	-0	-0	2109	0	-203	-0	-0	-0	-0	903	0	-403	-0	-4	424.62	14.66	428.33	0	-97.34	-1062.28	-0	-0	-0	300	0	200	-0
134	-0	-0	-0	1506	0	-203	-0	-0	-0	-0	2109	0	-203	-0	-0	-0	-0	903	0	-403	-0	-3.46	430.6	14.25	429.11	0	-97.91	-1188.59	-0	-0	-0	300	0	200	-0
135	-0	-0	-0	1506	0	-203	-0	-0	-0	-0	2109	0	-203	-0	-0	-0	-0	903	0	-403	-0	-3.53	431.95	14.19	431.17	0	-97.63	-1185.98	-0	-0	-0	300	0	200	-0
136	-0	-0	-0	1506	0	-203	-0	-0	-0	-0	2109	0	-203	-0	-0	-0	-0	903	0	-403	-0	-2.92	434.67	13.71	433.36	0	-97.66	-1386.08	0	0	0	300	0	200	0
137	-0	-0	-0	1506	0	-203	-0	-0	-0	-0	2109	0	-203	-0	-0	-0	-0	903	0	-403	-0	-2.65	440.91	13.37	434.23	0	-98.02	-1525.21	0	0	0	300	0	200	0
138	-0	-0	-0	1506	0	-203	-0	-0	-0	-0	2109	0	-203	-0	-0	-0	-0	903	0	-403	-0	-2.44	442.54	13.03	436.16	0	-97.85	-1630.26	-0	-0	-0	300	0	200	-0
139	-0	-0	-0	1506	0	-203	-0	-0	-0	-0	2109	0	-203	-0	-0	-0	-0	903	0	-403	-0	-2.31	446.61	12.56	437.48	0	-98.1	-1767.33	-0	-0	-0	300	0	200	-0
140	-0	-0	-0	1506	0	-203	-0	-0	-0	-0	2109	0	-203	-0	-0	-0	-0	903	0	-403	-0	-1.9	449.33	12.29	439.35	0	-98.21	-1831.51	-0	-0	-0	300	0	200	-0
141	-0	-0	-0	1506	0	-203	-0	-0	-0	-0	2109	0	-203	-0	-0	-0	-0	903	0	-403	-0	-2.17	452.59	12.49	440.7	0	-98.41	-1839.38	-0	-0	-0	300	0	200	-0
142	-0	-0	-0	1506	0	-203	-0	-0	-0	-0	2109	0	-203	-0	-0	-0	-0	903	0	-403	-0	-1.97	456.12	12.22	442.21	0	-98.71	-1951.67	-0	-0	-0	300	0	200	-0
143	-0	-0	-0	1506	0	-203	-0	-0	-0	-0	2109	0	-203	-0	0	0	0	903	0	-403	0	-1.56	458.56	11.67	443.95	0	-98.66	-2126.84	-0	-0	-0	300	0	200	-0
144	-0	-0	-0	1506	0	-203	-0	-0	-0	-0	2109	0	-203	-0	-0	-0	-0	903	0	-403	-0	-1.22	459.65	11.74	445.8	0	-98.28	-2218.21	-0	-0	-0	300	0	200	-0
145	-0	-0	-0	1506	0	-203	-0	-0	-0	-0	2109	0	-203	-0	-0	-0	-0	903	0	-403	-0	-1.02	462.36	11.88	447.45	0	-98.51	-2195.2	0	0	0	300	0	200	0
146	-0	-0	-0	1506	0	-203	-0	-0	-0	-0	2109	0	-203	-0	-0	-0	-0	903	0	-403	-0	-0.61	465.89	11.81	449	0	-98.62	-2245.08	-0	-0	-0	300	0	200	-0
147	-0	-0	-0	1506	0	-203	-0	-0	-0	-0	2109	0	-203	-0	0	0	0	903	0	-403	0	-0.07	468.06	11.54	450.46	0	-98.98	-2477.1	-0	-0	-0	300	0	200	-0
148	-0	-0	-0	1506	0	-203	-0	-0	-0	-0	2109	0	-203	-0	-0	-0	-0	903	0	-403	-0	0.48	469.42	11.67	452.37	0	-98.43	-2539.32	-0	-0	-0	300	0	200	-0
149	-0	-0	-0	1506	0	-203	-0	-0	-0	-0	2109	0	-203	-0	-0	-0	-0	903	0	-403	-0	1.15	472.68	12.15	453.86	0	-98.72	-2617.76	-0	-0	-0	300	0	200	-0
150	-0	-0	-0	1506	0	-203	-0	-0	-0	-0	2109	0	-203	-0	-0	-0	-0	903	0	-403	-0	1.36	475.39	12.08	455.24	0	-98.56	-2712.23	-0	-0	-0	300	0	200	-0
151	-0	-0	-0	1506	0	-203	-0	-0	-0	-0	2109	0	-203	-0	-0	-0	-0	903	0	-403	-0	2.1	478.11	12.56	457.42	0	-98.57	-2782.18	-0	-0	-0	300	0	200	-0
152	-0	-0	-0	1506	0	-203	-0	-0	-0	-0	2109	0	-203	-0	-0	-0	-0	903	0	-403	-0	2.92	482.45	12.83	458.72	0	-98.71	-2867.77	-0	-0	-0	300	0	200	-0
153	-0	-0	-0	1506	0	-203	-0	-0	-0	-0	2109	0	-203	-0	0	0	0	903	0	-403	0	3.87	486.8	13.37	460.13	0	-98.94	-2891.91	-0	-0	-0	300	0	200	-0
154	-0	-0	-0	1506	0	-203	-0	-0	-0	-0	2109	0	-203	-0	-0	-0	-0	903	0	-403	-0	5.16	490.6	13.57	461.56	0	-99.12	-3028.29	-0	-0	-0	300	0	200	-0
155	-0	-0	-0	1506	0	-203	-0	-0	-0	-0	2109	0	-203	-0	-0	-0	-0	903	0	-403	-0	6.38	496.57	14.25	463.43	0	-99.12	-3150.03	-0	-0	-0	300	0	200	-0
156	-0	-0	-0	1506	0	-203	-0	-0	-0	-0	2109	0	-203	-0	-0	-0	-0	903	0	-403	-0	7.19	500.37	14.46	464.91	0	-99.03	-3258.1	-0	-0	-0	300	0	200	-0
157	-0	-0	-0	1506	0	-203	-0	-0	-0	-0	2109	0	-203	-0	-0	-0	-0	903	0	-403	-0	8.62	507.16	15.07	466.3	0	-99.47	-3317.13	-0	-0	-0	300	0	200	-0
158	-0	-0	-0	1506	0	-203	-0	-0	-0	-0	2109	0	-203	-0	-0	-0	-0	903	0	-403	-0	9.64	515.57	15.34	467.54	0	-99.69	-3392.39	-0	-0	-0	300	0	200	-0
159	-0	-0	-0	1506	0	-203	-0	-0	-0	-0	2109	0	-203	-0	-0	-0	-0	903	0	-403	-0	11.54	521.28	16.09	468.96	0	-99.76	-3481.32	-0	-0	-0	300	0	200	-0
160	-0	-0	-0	1506	0	-203	-0	-0	-0	-0	2109	0	-203	-0	-0	-0	-0	903	0	-403	-0	12.9	529.15	16.76	470.41	0	-99.97	-3545.36	-0	-0	-0	300	0	200	-0
161	-0	-0	-0	1506	0	-203	-0	-0	-0	-0	2109	0	-203	-0	-0	-0	-0	903	0	-403	-0	14.46	536.75	17.38	472.39	0	-99.96	-3598.8	-0	-0	-0	300	0	200	-0
162	-0	-0	-0	1506	0	-203	-0	-0	-0	-0	2109	0	-203	-0	-0	-0	-0	903	0	-403	-0	16.22	544.35	17.99	473.51	0	-100.11	-3633.94	0	0	0	300	0	200	0
163	-0	-0	-0	1506	0	-203	-0	-0	-0	-0	2109	0	-203	-0	-0	-0	-0	903	0	-403	-0	17.85	553.04	18.8	475.24	0	-100.3	-3641.31	-0	-0	-0	300	0	200	-0
164	-0	-0	-0	1506	0	-203	-0	-0	-0	-0	2109	0	-203	-0	-0	-0	-0	903	0	-403	-0	20.29	563.63	19.89	476.45	0	-100.45	-3657.73	0	0	0	300	0	200	0
165	-0	-0	-0	1506	0	-203	-0	-0	-0	-0	2109	0	-203	-0	-0	-0	-0	903	0	-403	-0	21.38	570.42	20.43	478.15	0	-100.26	-3673.55	-0	-0	-0	300	0	200	-0
166	-0	-0	-0	1506	0	-203	-0	-0	-0	-0	2109	0	-203	-0	-0	-0	-0	903	0	-403	-0	23.35	581.28	21.18	479.71	0	-100.45	-3722.6	0	0	0	300	0	200	0
167	-0	-0	-0	1506	0	-203	-0	-0	-0	-0	2109	0	-203	-0	-0	-0	-0	903	0	-403	-0	25.38	592.95	21.99	480.8	0	-100.89	-3675.83	-0	-0	-0	300	0	200	-0
168	-0	-0	-0	1506	0	-203	-0	-0	-0	-0	2109	0	-203	-0	-0	-0	-0	903	0	-403	-0	27.29	601.37	23.08	482.17	0	-100.85	-3717.15	-0	-0	-0	300	0	200	-0
169	-0	-0	-0	1506	0	-203	-0	-0	-0	-0	2109	0	-203	-0	0	0	0	903	0	-403	0	29.73	611.69	23.89	483.31	0	-101.04	-3633.7	0	0	0	300	0	200	0
170	-0	-0	-0	1506	0	-203	-0	-0	-0	-0	2109	0	-203	-0	-0	-0	-0	903	0	-403	-0	32.51	620.37	25.11	485.21	0	-100.91	-3622.32	-0	-0	-0	300	0	200	-0
171	-0	-0	-0	1506	0	-203	-0	-0	-0	-0	2109	0	-203	-0	-0	-0	-0	903	0	-403	-0	34.21	628.79	25.79	486.22	0	-101.09	-3522.1	0	0	0	300	0	200	0
172	-0	-0	-0	1506	0	-203	-0	-0	-0	-0	2109	0	-203	-0	-0	-0	-0	903	0	-403	-0	36.45	637.21	26.47	487.7	0	-100.97	-3477.32	-0	-0	-0	300	0	200	-0
173	-0	-0	-0	1506	0	-203	-0	-0	-0	-0	2109	0	-203	-0	-0	-0	-0	903	0	-403	-0	38.76	647.52	27.01	488.7	0	-101.21	-3390.24	0	0	0	300	0	200	0
174	-0	-0	-0	1506	0	-203	-0	-0	-0	-0	2109	0	-203	-0	-0	-0	-0	903	0	-403	-0	41.06	654.58	27.08	489.86	0	-100.66	-3413.49	-0	-0	-0	300	0	200	-0
175	-0	-0	-0	1506	0	-203	-0	-0	-0	-0	2109	0	-203	-0	-0	-0	-0	903	0	-403	-0	43.3	663.27	27.08	490.81	0	-100.82	-3365.63	-0	-0	-0	300	0	200	-0
176	-0	-0	-0	1506	0	-203	-0	-0	-0	-0	2109	0	-203	-0	-0	-0	-0	903	0	-403	-0	46.09	671.41	26.74	492.03	0	-100.76	-3362.29	-0	-0	-0	300	0	200	-0
177	-0	-0	-0	1506	0	-203	-0	-0	-0	-0	2109	0	-203	-0	0	0	0	903	0	-403	0	48.6	679.29	26.47	492.6	0	-101.16	-3355.82	0	0	0	300	0	200	0
178	-0	-0	-0	1506	0	-203	-0	-0	-0	-0	2109	0	-203	-0	-0	-0	-0	903	0	-403	-0	51.45	684.72	26	494.16	0	-100.61	-3359.65	0	0	0	300	0	200	0
179	-0	-0	-0	1506	0	-203	-0	-0	-0	-0	2109	0	-203	-0	-0	-0	-0	903	0	-403	-0	54.44	692.32	25.18	495.11	0	-100.58	-3387.44	-0	-0	-0	300	0	200	-0
180	-0	-0	-0	1506	0	-203	-0	-0	-0	-0	2109	0	-203	-0	-0	-0	-0	903	0	-403	-0	57.08	698.02	24.77	495.63	0	-100.55	-3406.33	-0	-0	-0	300	0	200	-0
181	-0	-0	-0	1506	0	-203	-0	-0	-0	-0	2109	0	-203	-0	-0	-0	-0	903	0	-403	-0	60.07	702.91	24.37	496.76	0	-100.34	-3389.11	-0	-0	-0	300	0	200	-0
182	-0	-0	-0	1506	0	-203	-0	-0	-0	-0	2109	0	-203	-0	-0	-0	-0	903	0	-403	-0	63.33	709.42	23.89	497.45	0	-100.62	-3408.84	-0	-0	-0	300	0	200	-0
183	-0	-0	-0	1506	0	-203	-0	-0	-0	-0	2109	0	-203	-0	-0	-0	-0	903	0	-403	-0	66.25	713.77	23.69	498.02	0	-100.57	-3454.99	-0	-0	-0	300	0	200	-0
184	-0	-0	-0	1506	0	-203	-0	-0	-0	-0	2109	0	-203	-0	-0	-0	-0	903	0	-403	-0	69.1	717.84	23.69	498.92	0	-100.55	-3363.07	-0	-0	-0	300	0	200	-0
185	-0	-0	-0	1506	0	-203	-0	-0	-0	-0	2109	0	-203	-0	-0	-0	-0	903	0	-403	-0	72.9	720.56	23.62	499.85	0	-100.39	-3323.49	-0	-0	-0	300	0	200	-0
186	-0	-0	-0	1506	0	-203	-0	-0	-0	-0	2109	0	-203	-0	-0	-0	-0	903	0	-403	-0	76.15	722.73	23.55	500.66	0	-100.33	-3411.59	0	0	0	300	0	200	0
187	-0	-0	-0	1506	0	-203	-0	-0	-0	-0	2109	0	-203	-0	-0	-0	-0	903	0	-403	-0	80.02	726.26	23.42	500.67	0	-100.51	-3335.5	0	0	0	300	0	200	0
188	-0	-0	-0	1506	0	-203	-0	-0	-0	-0	2109	0	-203	-0	-0	-0	-0	903	0	-403	-0	83.96	727.61	24.23	501.32	0	-100.41	-3160.77	-0	-0	-0	300	0	200	-0
189	-0	-0	-0	1506	0	-203	-0	-0	-0	-0	2109	0	-203	-0	0	0	0	903	0	-403	0	87.35	727.89	23.89	501.67	0	-100.47	-3310.66	0	0	0	300	0	200	0
190	-0	-0	-0	1506	0	-203	-0	-0	-0	-0	2109	0	-203	-0	-0	-0	-0	903	0	-403	-0	91.36	725.44	23.76	502.53	0	-100.3	-3224.98	-0	-0	-0	300	0	200	-0
191	-0	-0	-0	1506	0	-203	-0	-0	-0	-0	2109	0	-203	-0	-0	-0	-0	903	0	-403	-0	95.91	724.63	24.23	502.78	0	-100.49	-3157.94	-0	-0	-0	300	0	200	-0
192	-0	-0	-0	1506	0	-203	-0	-0	-0	-0	2109	0	-203	-0	-0	-0	-0	903	0	-403	-0	98.82	721.1	24.5	503.37	0	-100.25	-3074.56	-0	-0	-0	300	0	200	-0
193	-0	-0	-0	1506	0	-203	-0	-0	-0	-0	2109	0	-203	-0	-0	-0	-0	903	0	-403	-0	102.56	717.03	24.43	503.6	0	-100.28	-3035.45	-0	-0	-0	300	0	200	-0
194	-0	-0	-0	1506	0	-203	-0	-0	-0	-0	2109	0	-203	-0	-0	-0	-0	903	0	-403	-0	106.7	709.42	23.82	504.62	0	-100.27	-3100.18	-0	-0	-0	300	0	200	-0
195	-0	-0	-0	1506	0	-203	-0	-0	-0	-0	2109	0	-203	-0	-0	-0	-0	903	0	-403	-0	110.09	704.27	24.03	504.75	0	-100.22	-3033.47	-0	-0	-0	300	0	200	-0
196	-0	-0	-0	1506	0	-203	-0	-0	-0	-0	2109	0	-203	-0	-0	-0	-0	903	0	-403	-0	113.21	695.85	23.28	505.06	0	-100.19	-3003.77	-0	-0	-0	300	0	200	-0
197	-0	-0	-0	1506	0	-203	-0	-0	-0	-0	2109	0	-203	-0	-0	-0	-0	903	0	-403	-0	116.88	685.53	22.6	505.65	0	-100.33	-3005.3	0	0	0	300	0	200	0
198	-0	-0	-0	1506	0	-203	-0	-0	-0	-0	2109	0	-203	-0	-0	-0	-0	903	0	-403	-0	119.59	674.67	22.13	506.43	0	-100.03	-3025.05	-0	-0	-0	300	0	200	-0
199	-0	-0	-0	1506	0	-203	-0	-0	-0	-0	2109	0	-203	-0	-0	-0	-0	903	0	-403	-0	122.44	664.36	21.18	506.17	0	-100.15	-3022.38	-0	-0	-0	300	0	200	-0
200	-0	-0	-0	1506	0	-203	-0	-0	-0	-0	2109	0	-203	-0	-0	-0	-0	903	0	-403	-0	125.09	649.15	19.28	507	0	-99.83	-3252.65	-0	-0	-0	300	0	200	-0
201	-0	-0	-0	1506	0	-203	-0	-0	-0	-0	2109	0	-203	-0	0	0	0	903	0	-403	0	126.65	637.21	18.73	507.23	0	-99.93	-3047.21	-0	-0	-0	300	0	200	-0
202	-0	-0	-0	1506	0	-203	-0	-0	-0	-0	2109	0	-203	-0	-0	-0	-0	903	0	-403	-0	128.96	619.02	18.73	507.88	0	-99.73	-2867.55	-0	-0	-0	300	0	200	-0
203	-0	-0	-0	1506	0	-203	-0	-0	-0	-0	2109	0	-203	-0	-0	-0	-0	903	0	-403	-0	130.52	596.48	17.17	509.17	0	-99.23	-2922.69	0	0	0	300	0	200	0
204	-0	-0	-0	1506	0	-203	-0	-0	-0	-0	2109	0	-203	-0	-0	-0	-0	903	0	-403	-0	131.34	578.56	15.75	509.35	0	-99.23	-2893.31	-0	-0	-0	300	0	200	-0
205	-0	-0	-0	1506	0	-203	-0	-0	-0	-0	2109	0	-203	-0	-0	-0	-0	903	0	-403	-0	131.88	557.39	15.2	509.56	0	-99.25	-2621.82	0	0	0	300	0	200	0
206	-0	-0	-0	1506	0	-203	-0	-0	-0	-0	2109	0	-203	-0	-0	-0	-0	903	0	-403	-0	133.1	531.05	13.78	510.86	0	-98.72	-2585.11	-0	-0	-0	300	0	200	-0
207	-0	-0	-0	1506	0	-203	-0	-0	-0	-0	2109	0	-203	-0	-0	-0	-0	903	0	-403	-0	133.17	509.06	11.61	511.6	0	-98.5	-2471.51	-0	-0	-0	300	0	200	-0
208	-0	-0	-0	1506	0	-203	-0	-0	-0	-0	2109	0	-203	-0	-0	-0	-0	903	0	-403	-0	132.63	484.62	10.18	511.45	0	-98.5	-2283.94	-0	-0	-0	300	0	200	-0
209	-0	-0	-0	1506	0	-203	-0	-0	-0	-0	2109	0	-203	-0	0	0	0	903	0	-403	0	130.45	455.57	8.14	512.55	0	-98.19	-2213.36	-0	-0	-0	300	0	200	-0
210	-0	-0	-0	1506	0	-203	-0	-0	-0	-0	2109	0	-203	-0	-0	-0	-0	903	0	-403	-0	128.89	430.32	6.65	513.52	0	-97.49	-2152.84	-0	-0	-0	300	0	200	-0
211	-0	-0	-0	1506	0	-203	-0	-0	-0	-0	2109	0	-203	-0	-0	-0	-0	903	0	-403	-0	125.02	402.09	5.16	514.49	0	-97.25	-2014.41	-0	-0	-0	300	0	200	-0
212	-0	-0	-0	1506	0	-203	-0	-0	-0	-0	2109	0	-203	-0	-0	-0	-0	903	0	-403	-0	120.68	368.69	3.33	515.88	0	-96.2	-1939.06	-0	-0	-0	300	0	200	-0
213	-0	-0	-0	1506	0	-203	-0	-0	-0	-0	2109	0	-203	-0	-0	-0	-0	903	0	-403	-0	115.59	342.09	2.31	516.87	0	-95.35	-1767.81	-0	-0	-0	300	0	200	-0
214	-0	-0	-0	1506	0	-203	-0	-0	-0	-0	2109	0	-203	-0	0	0	0	903	0	-403	0	109.82	310.87	0.75	517.8	0	-95.5	-1577.1	-0	-0	-0	300	0	200	-0
215	-0	-0	-0	1506	0	-203	-0	-0	-0	-0	2109	0	-203	-0	-0	-0	-0	903	0	-403	-0	102.15	274.76	-0.75	519.77	0	-94.42	-1509.92	-0	-0	-0	300	0	200	-0
216	-0	-0	-0	1506	0	-203	-0	-0	-0	-0	2109	0	-203	-0	-0	-0	-0	903	0	-403	-0	96.31	247.33	-1.7	520.49	0	-94.04	-1397.2	-0	-0	-0	300	0	200	-0
217	-0	-0	-0	1506	0	-203	-0	-0	-0	-0	2109	0	-203	-0	-0	-0	-0	903	0	-403	-0	89.25	215.3	-1.97	521.14	0	-93.97	-1324.71	-0	-0	-0	300	0	200	-0
218	-0	-0	-0	1506	0	-203	-0	-0	-0	-0	2109	0	-203	-0	0	0	0	903	0	-403	0	76.97	181.63	-1.63	522.34	0	-92.59	-1128.38	-0	-0	-0	300	0	200	-0
219	-0	-0	-0	1506	0	-203	-0	-0	-0	-0	2109	0	-203	-0	-0	-0	-0	903	0	-403	-0	65.02	156.65	-0.75	524.95	0	-92.86	-590.76	-0	-0	-0	300	0	200	-0
220	-0	-0	-0	1506	0	-203	-0	-0	-0	-0	2109	0	-203	-0	-0	-0	-0	903	0	-403	-0	52.4	126.25	0.54	526.36	0	-92.22	-477.1	-0	-0	-0	300	0	200	-0
221	-0	-0	-0	1506	0	-203	-0	-0	-0	-0	2109	0	-203	-0	-0	-0	-0	903	0	-403	-0	39.84	95.57	1.22	526.44	0	-92.02	6.18	-0	-0	-0	300	0	200	-0
222	-0	-0	-0	1506	0	-203	-0	-0	-0	-0	2109	0	-203	-0	-0	-0	-0	903	0	-403	-0	30.34	73.85	1.63	529.16	0	-92.25	248.96	-0	-0	-0	300	0	200	-0
223	-0	-0	-0	1506	0	-203	-0	-0	-0	-0	2109	0	-203	-0	-0	-0	-0	903	0	-403	-0	23.76	53.49	1.09	530.28	0	-92.63	-6.57	-0	-0	-0	300	0	200	-0
224	-0	-0	-0	1506	0	-203	-0	-0	-0	-0	2109	0	-203	-0	-0	-0	-0	903	0	-403	-0	18.26	36.92	1.29	530.84	0	-92.44	345.99	-0	-0	-0	300	0	200	-0
225	-0	-0	-0	1506	0	-203	-0	-0	-0	-0	2109	0	-203	-0	-0	-0	-0	903	0	-403	-0	17.85	25.25	1.36	554.55	0	-85.01	-133.24	-0	-0	-0	300	0	200	-0
226	-0	-0	-0	1506	0	-203	-0	-0	-0	-0	2109	0	-203	-0	-0	-0	-0	903	0	-403	-0	14.19	19.28	0.81	543.98	0	-84.94	-196.83	-0	-0	-0	300	0	200	-0
227	-0	-0	-0	1506	0	-203	-0	-0	-0	-0	2109	0	-203	-0	-0	-0	-0	903	0	-403	-0	-0	-0	-0	300	0	-203	-0	-0	-0	-0	300	0	200	-0
228	-0	-0	-0	1506	0	-203	-0	-0	-0	-0	2109	0	-203	-0	-0	-0	-0	903	0	-403	-0	-0	-0	-0	300	0	-203	-0	-0	-0	-0	300	0	200	-0
229	-0	-0	-0	1506	0	-203	-0	-0	-0	-0	2109	0	-203	-0	-0	-0	-0	903	0	-403	-0	-0	-0	-0	300	0	-203	-0	-0	-0	-0	300	0	200	-0
230	-0	-0	-0	1506	0	-203	-0	-0	-0	-0	2109	0	-203	-0	-0	-0	-0	903	0	-403	-0	-0	-0	-0	300	0	-203	-0	-0	-0	-0	300	0	200	-0
231	-0	-0	-0	1506	0	-203	-0	-0	-0	-0	2109	0	-203	-0	-0	-0	-0	903	0	-403	-0	-0	-0	-0	300	0	-203	-0	-0	-0	-0	300	0	200	-0
232	-0	-0	-0	1506	0	-203	-0	-0	-0	-0	2109	0	-203	-0	-0	-0	-0	903	0	-403	-0	-0	-0	-0	300	0	-203	-0	-0	-0	-0	300	0	200	-0
233	-0	-0	-0	1506	0	-203	-0	-0	-0	-0	2109	0	-203	-0	-0	-0	-0	903	0	-403	-0	-0	-0	-0	300	0	-203	-0	-0	-0	-0	300	0	200	-0
234	-0	-0	-0	1506	0	-203	-0	-0	-0	-0	2109	0	-203	-0	0	0	0	903	0	-403	0	-0	-0	-0	300	0	-203	-0	-0	-0	-0	300	0	200	-0
235	-0	-0	-0	1506	0	-203	-0	-0	-0	-0	2109	0	-203	-0	-0	-0	-0	903	0	-403	-0	-0	-0	-0	300	0	-203	-0	-0	-0	-0	300	0	200	-0
236	-0	-0	-0	1506	0	-203	-0	-0	-0	-0	2109	0	-203	-0	-0	-0	-0	903	0	-403	-0	-0	-0	-0	300	0	-203	-0	-0	-0	-0	300	0	200	-0
237	-0	-0	-0	1506	0	-203	-0	-0	-0	-0	2109	0	-203	-0	-0	-0	-0	903	0	-403	-0	-0	-0	-0	300	0	-203	-0	-0	-0	-0	300	0	200	-0
238	-0	-0	-0	1506	0	-203	-0	-0	-0	-0	2109	0	-203	-0	0	0	0	903	0	-403	0	-0	-0	-0	300	0	-203	-0	0	0	0	300	0	200	0
239	-0	-0	-0	1506	0	-203	-0	-0	-0	-0	2109	0	-203	-0	-0	-0	-0	903	0	-403	-0	-0	-0	-0	300	0	-203	-0	-0	-0	-0	300	0	200	-0
240	-0	-0	-0	1506	0	-203	-0	-0	-0	-0	2109	0	-203	-0	-0	-0	-0	903	0	-403	-0	-0	-0	-0	300	0	-203	-0	-0	-0	-0	300	0	200	-0
241	-0	-0	-0	1506	0	-203	-0	-0	-0	-0	2109	0	-203	-0	-0	-0	-0	903	0	-403	-0	0	0	0	300	0	-203	0	0	0	0	300	0	200	0
242	-0	-0	-0	1506	0	-203	-0	-0	-0	-0	2109	0	-203	-0	-0	-0	-0	903	0	-403	-0	-0	-0	-0	300	0	-203	-0	-0	-0	-0	300	0	200	-0
243	-0	-0	-0	1506	0	-203	-0	-0	-0	-0	2109	0	-203	-0	-0	-0	-0	903	0	-403	-0	-0	-0	-0	300	0	-203	-0	-0	-0	-0	300	0	200	-0
244	-0	-0	-0	1506	0	-203	-0	-0	-0	-0	2109	0	-203	-0	-0	-0	-0	903	0	-403	-0	-0	-0	-0	300	0	-203	-0	-0	-0	-0	300	0	200	-0
245	-0	-0	-0	1506	0	-203	-0	-0	-0	-0	2109	0	-203	-0	-0	-0	-0	903	0	-403	-0	-0	-0	-0	300	0	-203	-0	-0	-0	-0	300	0	200	-0
246	-0	-0	-0	1506	0	-203	-0	-0	-0	-0	2109	0	-203	-0	0	0	0	903	0	-403	0	-0	-0	-0	300	0	-203	-0	-0	-0	-0	300	0	200	-0
247	-0	-0	-0	1506	0	-203	-0	-0	-0	-0	2109	0	-203	-0	-0	-0	-0	903	0	-403	-0	-0	-0	-0	300	0	-203	-0	-0	-0	-0	300	0	200	-0
248	-0	-0	-0	1506	0	-203	-0	-0	-0	-0	2109	0	-203	-0	-0	-0	-0	903	0	-403	-0	-0	-0	-0	300	0	-203	-0	-0	-0	-0	300	0	200	-0
249	-0	-0	-0	1506	0	-203	-0	-0	-0	-0	2109	0	-203	-0	-0	-0	-0	903	0	-403	-0	-0	-0	-0	300	0	-203	-0	-0	-0	-0	300	0	200	-0
250	-0	-0	-0	1506	0	-203	-0	0	0	0	2109	0	-203	0	-0	-0	-0	903	0	-403	-0	-0	-0	-0	300	0	-203	-0	-0	-0	-0	300	0	200	-0
251	-0	-0	-0	1506	0	-203	-0	-0	-0	-0	2109	0	-203	-0	-0	-0	-0	903	0	-403	-0	-0	-0	-0	300	0	-203	-0	-0	-0	-0	300	0	200	-0
252	-0	-0	-0	1506	0	-203	-0	-0	-0	-0	2109	0	-203	-0	-0	-0	-0	903	0	-403	-0	-0	-0	-0	300	0	-203	-0	-0	-0	-0	300	0	200	-0
253	-0	-0	-0	1506	0	-203	-0	-0	-0	-0	2109	0	-203	-0	-0	-0	-0	903	0	-403	-0	-0	-0	-0	300	0	-203	-0	-0	-0	-0	300	0	200	-0
254	-0	-0	-0	1506	0	-203	-0	-0	-0	-0	2109	0	-203	-0	0	0	0	903	0	-403	0	0	0	0	300	0	-203	0	-0	-0	-0	300	0	200	-0
255	-0	-0	-0	1506	0	-203	-0	-0	-0	-0	2109	0	-203	-0	-0	-0	-0	903	0	-403	-0	-0	-0	-0	300	0	-203	-0	-0	-0	-0	300	0	200	-0
256	-0	-0	-0	1506	0	-203	-0	-0	-0	-0	2109	0	-203	-0	-0	-0	-0	903	0	-403	-0	-0	-0	-0	300	0	-203	-0	-0	-0	-0	300	0	200	-0
257	-0	-0	-0	1506	0	-203	-0	-0	-0	-0	2109	0	-203	-0	-0	-0	-0	903	0	-403	-0	-0	-0	-0	300	0	-203	-0	-0	-0	-0	300	0	200	-0
258	-0	-0	-0	1506	0	-203	-0	-0	-0	-0	2109	0	-203	-0	-0	-0	-0	903	0	-403	-0	0	0	0	300	0	-203	0	-0	-0	-0	300	0	200	-0
259	-0	-0	-0	1506	0	-203	-0	-0	-0	-0	2109	0	-203	-0	-0	-0	-0	903	0	-403	-0	-0	-0	-0	300	0	-203	-0	-0	-0	-0	300	0	200	-0
260	-0	-0	-0	1506	0	-203	-0	-0	-0	-0	2109	0	-203	-0	-0	-0	-0	903	0	-403	-0	-0	-0	-0	300	0	-203	-0	-0	-0	-0	300	0	200	-0
261	-0	-0	-0	1506	0	-203	-0	-0	-0	-0	2109	0	-203	-0	-0	-0	-0	903	0	-403	-0	-0	-0	-0	300	0	-203	-0	-0	-0	-0	300	0	200	-0
262	-0	-0	-0	1506	0	-203	-0	-0	-0	-0	2109	0	-203	-0	-0	-0	-0	903	0	-403	-0	-0	-0	-0	300	0	-203	-0	-0	-0	-0	300	0	200	-0
263	-0	-0	-0	1506	0	-203	-0	-0	-0	-0	2109	0	-203	-0	-0	-0	-0	903	0	-403	-0	-0	-0	-0	300	0	-203	-0	-0	-0	-0	300	0	200	-0
264	-0	-0	-0	1506	0	-203	-0	-0	-0	-0	2109	0	-203	-0	-0	-0	-0	903	0	-403	-0	-0	-0	-0	300	0	-203	-0	-0	-0	-0	300	0	200	-0
265	-0	-0	-0	1506	0	-203	-0	-0	-0	-0	2109	0	-203	-0	-0	-0	-0	903	0	-403	-0	-0	-0	-0	300	0	-203	-0	-0	-0	-0	300	0	200	-0
266	-0	-0	-0	1506	0	-203	-0	-0	-0	-0	2109	0	-203	-0	-0	-0	-0	903	0	-403	-0	-0	-0	-0	300	0	-203	-0	-0	-0	-0	300	0	200	-0
267	-0	-0	-0	1506	0	-203	-0	-0	-0	-0	2109	0	-203	-0	-0	-0	-0	903	0	-403	-0	-0	-0	-0	300	0	-203	-0	-0	-0	-0	300	0	200	-0
268	-0	-0	-0	1506	0	-203	-0	-0	-0	-0	2109	0	-203	-0	-0	-0	-0	903	0	-403	-0	-0	-0	-0	300	0	-203	-0	-0	-0	-0	300	0	200	-0
269	-0	-0	-0	1506	0	-203	-0	-0	-0	-0	2109	0	-203	-0	-0	-0	-0	903	0	-403	-0	-0	-0	-0	300	0	-203	-0	-0	-0	-0	300	0	200	-0
270	-0	-0	-0	1506	0	-203	-0	-0	-0	-0	2109	0	-203	-0	-0	-0	-0	903	0	-403	-0	-0	-0	-0	300	0	-203	-0	-0	-0	-0	300	0	200	-0
271	-0	-0	-0	1506	0	-203	-0	-0	-0	-0	2109	0	-203	-0	-0	-0	-0	903	0	-403	-0	-0	-0	-0	300	0	-203	-0	-0	-0	-0	300	0	200	-0
272	-0	-0	-0	1506	0	-203	-0	-0	-0	-0	2109	0	-203	-0	-0	-0	-0	903	0	-403	-0	-0	-0	-0	300	0	-203	-0	-0	-0	-0	300	0	200	-0
273	-0	-0	-0	1506	0	-203	-0	-0	-0	-0	2109	0	-203	-0	-0	-0	-0	903	0	-403	-0	-0	-0	-0	300	0	-203	-0	-0	-0	-0	300	0	200	-0
274	-0	-0	-0	1506	0	-203	-0	-0	-0	-0	2109	0	-203	-0	-0	-0	-0	903	0	-403	-0	-0	-0	-0	300	0	-203	-0	0	0	0	300	0	200	0
275	-0	-0	-0	1506	0	-203	-0	-0	-0	-0	2109	0	-203	-0	-0	-0	-0	903	0	-403	-0	-0	-0	-0	300	0	-203	-0	-0	-0	-0	300	0	200	-0
276	-0	-0	-0	1506	0	-203	-0	-0	-0	-0	2109	0	-203	-0	-0	-0	-0	903	0	-403	-0	-0	-0	-0	300	0	-203	-0	-0	-0	-0	300	0	200	-0
277	-0	-0	-0	1506	0	-203	-0	-0	-0	-0	2109	0	-203	-0	-0	-0	-0	903	0	-403	-0	-0	-0	-0	300	0	-203	-0	-0	-0	-0	300	0	200	-0
278	-0	-0	-0	1506	0	-203	-0	-0	-0	-0	2109	0	-203	-0	-0	-0	-0	903	0	-403	-0	-0	-0	-0	300	0	-203	-0	-0	-0	-0	300	0	200	-0
279	-0	-0	-0	1506	0	-203	-0	-0	-0	-0	2109	0	-203	-0	-0	-0	-0	903	0	-403	-0	-0	-0	-0	300	0	-203	-0	-0	-0	-0	300	0	200	-0
280	-0	-0	-0	1506	0	-203	-0	-0	-0	-0	2109	0	-203	-0	-0	-0	-0	903	0	-403	-0	0	0	0	300	0	-203	0	-0	-0	-0	300	0	200	-0
281	-0	-0	-0	1506	0	-203	-0	-0	-0	-0	2109	0	-203	-0	-0	-0	-0	903	0	-403	-0	-0	-0	-0	300	0	-203	-0	-0	-0	-0	300	0	200	-0
282	-0	-0	-0	1506	0	-203	-0	-0	-0	-0	2109	0	-203	-0	-0	-0	-0	903	0	-403	-0	-0	-0	-0	300	0	-203	-0	-0	-0	-0	300	0	200	-0
283	-0	-0	-0	1506	0	-203	-0	-0	-0	-0	2109	0	-203	-0	-0	-0	-0	903	0	-403	-0	-0	-0	-0	300	0	-203	-0	-0	-0	-0	300	0	200	-0
284	-0	-0	-0	1506	0	-203	-0	-0	-0	-0	2109	0	-203	-0	-0	-0	-0	903	0	-403	-0	-0	-0	-0	300	0	-203	-0	-0	-0	-0	300	0	200	-0
285	-0	-0	-0	1506	0	-203	-0	-0	-0	-0	2109	0	-203	-0	-0	-0	-0	903	0	-403	-0	-0	-0	-0	300	0	-203	-0	-0	-0	-0	300	0	200	-0
286	-0	-0	-0	1506	0	-203	-0	-0	-0	-0	2109	0	-203	-0	-0	-0	-0	903	0	-403	-0	-0	-0	-0	300	0	-203	-0	-0	-0	-0	300	0	200	-0
287	-0	-0	-0	1506	0	-203	-0	-0	-0	-0	2109	0	-203	-0	-0	-0	-0	903	0	-403	-0	-0	-0	-0	300	0	-203	-0	-0	-0	-0	300	0	200	-0
288	-0	-0	-0	1506	0	-203	-0	-0	-0	-0	2109	0	-203	-0	-0	-0	-0	903	0	-403	-0	0	0	0	300	0	-203	0	-0	-0	-0	300	0	200	-0
289	-0	-0	-0	1506	0	-203	-0	-0	-0	-0	2109	0	-203	-0	-0	-0	-0	903	0	-403	-0	-0	-0	-0	300	0	-203	-0	-0	-0	-0	300	0	200	-0
290	-0	-0	-0	1506	0	-203	-0	-0	-0	-0	2109	0	-203	-0	-0	-0	-0	903	0	-403	-0	-0	-0	-0	300	0	-203	-0	-0	-0	-0	300	0	200	-0
291	-0	-0	-0	1506	0	-203	-0	-0	-0	-0	2109	0	-203	-0	-0	-0	-0	903	0	-403	-0	-0	-0	-0	300	0	-203	-0	-0	-0	-0	300	0	200	-0
292	-0	-0	-0	1506	0	-203	-0	-0	-0	-0	2109	0	-203	-0	-0	-0	-0	903	0	-403	-0	-0	-0	-0	300	0	-203	-0	-0	-0	-0	300	0	200	-0
293	-0	-0	-0	1506	0	-203	-0	-0	-0	-0	2109	0	-203	-0	-0	-0	-0	903	0	-403	-0	-0	-0	-0	300	0	-203	-0	-0	-0	-0	300	0	200	-0
294	-0	-0	-0	1506	0	-203	-0	-0	-0	-0	2109	0	-203	-0	-0	-0	-0	903	0	-403	-0	-0	-0	-0	300	0	-203	-0	-0	-0	-0	300	0	200	-0
295	-0	-0	-0	1506	0	-203	-0	0	0	0	2109	0	-203	0	-0	-0	-0	903	0	-403	-0	-0	-0	-0	300	0	-203	-0	-0	-0	-0	300	0	200	-0
296	-0	-0	-0	1506	0	-203	-0	-0	-0	-0	2109	0	-203	-0	-0	-0	-0	903	0	-403	-0	-0	-0	-0	300	0	-203	-0	-0	-0	-0	300	0	200	-0
297	-0	-0	-0	1506	0	-203	-0	-0	-0	-0	2109	0	-203	-0	-0	-0	-0	903	0	-403	-0	-0	-0	-0	300	0	-203	-0	-0	-0	-0	300	0	200	-0
298	-0	-0	-0	1506	0	-203	-0	-0	-0	-0	2109	0	-203	-0	-0	-0	-0	903	0	-403	-0	-0	-0	-0	300	0	-203	-0	-0	-0	-0	300	0	200	-0
299	-0	-0	-0	1506	0	-203	-0	-0	-0	-0	2109	0	-203	-0	0	0	0	903	0	-403	0	-0	-0	-0	300	0	-203	-0	-0	-0	-0	300	0	200	-0
300	-0	-0	-0	1506	0	-203	-0	-0	-0	-0	2109	0	-203	-0	-0	-0	-0	903	0	-403	-0	-0	-0	-0	300	0	-203	-0	-0	-0	-0	300	0	200	-0
301	-0	-0	-0	1506	0	-203	-0	-0	-0	-0	2109	0	-203	-0	-0	-0	-0	903	0	-403	-0	-0	-0	-0	300	0	-203	-0	-0	-0	-0	300	0	200	-0
302	-0	-0	-0	1506	0	-203	-0	-0	-0	-0	2109	0	-203	-0	-0	-0	-0	903	0	-403	-0	-0	-0	-0	300	0	-203	-0	0	0	0	300	0	200	0
303	-0	-0	-0	1506	0	-203	-0	-0	-0	-0	2109	0	-203	-0	-0	-0	-0	903	0	-403	-0	-0	-0	-0	300	0	-203	-0	-0	-0	-0	300	0	200	-0
304	-0	-0	-0	1506	0	-203	-0	-0	-0	-0	2109	0	-203	-0	-0	-0	-0	903	0	-403	-0	-0	-0	-0	300	0	-203	-0	-0	-0	-0	300	0	200	-0
305	-0	-0	-0	1506	0	-203	-0	-0	-0	-0	2109	0	-203	-0	-0	-0	-0	903	0	-403	-0	-0	-0	-0	300	0	-203	-0	-0	-0	-0	300	0	200	-0
306	-0	-0	-0	1506	0	-203	-0	-0	-0	-0	2109	0	-203	-0	-0	-0	-0	903	0	-403	-0	-0	-0	-0	300	0	-203	-0	-0	-0	-0	300	0	200	-0
307	-0	-0	-0	1506	0	-203	-0	-0	-0	-0	2109	0	-203	-0	-0	-0	-0	903	0	-403	-0	-0	-0	-0	300	0	-203	-0	-0	-0	-0	300	0	200	-0
308	-0	-0	-0	1506	0	-203	-0	-0	-0	-0	2109	0	-203	-0	-0	-0	-0	903	0	-403	-0	-0	-0	-0	300	0	-203	-0	-0	-0	-0	300	0	200	-0
309	-0	-0	-0	1506	0	-203	-0	-0	-0	-0	2109	0	-203	-0	-0	-0	-0	903	0	-403	-0	-0	-0	-0	300	0	-203	-0	-0	-0	-0	300	0	200	-0
310	-0	-0	-0	1506	0	-203	-0	-0	-0	-0	2109	0	-203	-0	-0	-0	-0	903	0	-403	-0	0	0	0	300	0	-203	0	0	0	0	300	0	200	0
311	-0	-0	-0	1506	0	-203	-0	-0	-0	-0	2109	0	-203	-0	-0	-0	-0	903	0	-403	-0	-0	-0	-0	300	0	-203	-0	-0	-0	-0	300	0	200	-0
312	-0	-0	-0	1506	0	-203	-0	-0	-0	-0	2109	0	-203	-0	-0	-0	-0	903	0	-403	-0	-0	-0	-0	300	0	-203	-0	-0	-0	-0	300	0	200	-0
313	-0	-0	-0	1506	0	-203	-0	-0	-0	-0	2109	0	-203	-0	-0	-0	-0	903	0	-403	-0	-0	-0	-0	300	0	-203	-0	-0	-0	-0	300	0	200	-0
314	-0.8	19.48	2.12	1239.67	0	-39.2	369.97	-0	-0	-0	2109	0	-203	-0	-0	-0	-0	903	0	-403	-0	-0	-0	-0	300	0	-203	-0	-0	-0	-0	300	0	200	-0
315	-0	-0	-0	1506	0	-203	-0	-0	-0	-0	2109	0	-203	-0	-0	-0	-0	903	0	-403	-0	-0	-0	-0	300	0	-203	-0	-0	-0	-0	300	0	200	-0
316	-0.32	21.36	3.57	1223.09	0	-46.82	-53.55	-0	-0	-0	2109	0	-203	-0	-0	-0	-0	903	0	-403	-0	-0	-0	-0	300	0	-203	-0	-0	-0	-0	300	0	200	-0
317	-0	-0	-0	1506	0	-203	-0	-0	-0	-0	2109	0	-203	-0	-0	-0	-0	903	0	-403	-0	-0	-0	-0	300	0	-203	-0	-0	-0	-0	300	0	200	-0
318	-2.25	22.93	4.86	1230.19	0	-30.21	-198.17	-0	-0	-0	2109	0	-203	-0	-0	-0	-0	903	0	-403	-0	0	0	0	300	0	-203	0	-0	-0	-0	300	0	200	-0
319	-0.48	25.76	3.09	1227.18	0	-48.06	-175.03	-0	-0	-0	2109	0	-203	-0	-0	-0	-0	903	0	-403	-0	-0	-0	-0	300	0	-203	-0	-0	-0	-0	300	0	200	-0
320	-0	-0	-0	1506	0	-203	-0	-0	-0	-0	2109	0	-203	-0	-0	-0	-0	903	0	-403	-0	-0	-0	-0	300	0	-203	-0	0	0	0	300	0	200	0
321	-2.25	25.45	4.22	1213.06	0	-27.79	-177.64	-0	-0	-0	2109	0	-203	-0	-0	-0	-0	903	0	-403	-0	-0	-0	-0	300	0	-203	-0	-0	-0	-0	300	0	200	-0
322	-2.09	26.71	3.73	1208.35	0	-25.63	-141.89	-0	-0	-0	2109	0	-203	-0	-0	-0	-0	903	0	-403	-0	-0	-0	-0	300	0	-203	-0	-0	-0	-0	300	0	200	-0
323	-0	-0	-0	1506	0	-203	-0	-0	-0	-0	2109	0	-203	-0	-0	-0	-0	903	0	-403	-0	0	0	0	300	0	-203	0	-0	-0	-0	300	0	200	-0
324	-2.25	32.67	5.19	1233.64	0	-36.28	-437.2	-0	-0	-0	2109	0	-203	-0	-0	-0	-0	903	0	-403	-0	-0	-0	-0	300	0	-203	-0	-0	-0	-0	300	0	200	-0
325	-4.02	31.42	3.89	1220.04	0	-24.41	247.63	-0	-0	-0	2109	0	-203	-0	0	0	0	903	0	-403	0	-0	-0	-0	300	0	-203	-0	-0	-0	-0	300	0	200	-0
326	-5.47	35.81	4.21	1228.66	0	-33.28	-79.53	-0	-0	-0	2109	0	-203	-0	-0	-0	-0	903	0	-403	-0	-0	-0	-0	300	0	-203	-0	0	0	0	300	0	200	0
327	-0	-0	-0	1506	0	-203	-0	-0	-0	-0	2109	0	-203	-0	-0	-0	-0	903	0	-403	-0	-0	-0	-0	300	0	-203	-0	-0	-0	-0	300	0	200	-0
328	-6.75	41.14	5.51	1249.33	0	-52.81	-18.3	-0	-0	-0	2109	0	-203	-0	-0	-0	-0	903	0	-403	-0	-0	-0	-0	300	0	-203	-0	-0	-0	-0	300	0	200	-0
329	-6.43	39.59	4.86	1219.03	0	-27.74	-41.39	-0	-0	-0	2109	0	-203	-0	-0	-0	-0	903	0	-403	-0	-0	-0	-0	300	0	-203	-0	-0	-0	-0	300	0	200	-0
330	-8.52	45.54	5.34	1239.17	0	-46	-233.99	-0	-0	-0	2109	0	-203	-0	-0	-0	-0	903	0	-403	-0	-0	-0	-0	300	0	-203	-0	-0	-0	-0	300	0	200	-0
331	-6.91	45.24	5.02	1223.82	0	-41.12	-559.27	-0	-0	-0	2109	0	-203	-0	-0	-0	-0	903	0	-403	-0	0	0	0	300	0	-203	0	-0	-0	-0	300	0	200	-0
332	-7.88	48.69	6.96	1236.42	0	-45.26	-572.21	-0	-0	-0	2109	0	-203	-0	-0	-0	-0	903	0	-403	-0	-0	-0	-0	300	0	-203	-0	0	0	0	300	0	200	0
333	-9.32	50.26	4.7	1227.24	0	-41.12	418.42	-0	-0	-0	2109	0	-203	-0	-0	-0	-0	903	0	-403	-0	-0	-0	-0	300	0	-203	-0	0	0	0	300	0	200	0
334	-10.61	49.64	6.8	1219.94	0	-29.48	-260.7	-0	-0	-0	2109	0	-203	-0	0	0	0	903	0	-403	0	-0	-0	-0	300	0	-203	-0	-0	-0	-0	300	0	200	-0
335	-8.52	52.15	7.28	1213.99	0	-35.94	-910.73	-0	-0	-0	2109	0	-203	-0	-0	-0	-0	903	0	-403	-0	-0	-0	-0	300	0	-203	-0	-0	-0	-0	300	0	200	-0
336	-9.97	56.54	7.45	1233.19	0	-47.42	-277.39	-0	-0	-0	2109	0	-203	-0	-0	-0	-0	903	0	-403	-0	-0	-0	-0	300	0	-203	-0	-0	-0	-0	300	0	200	-0
337	-9.16	57.48	6.96	1235.06	0	-39.25	-157.17	-0	-0	-0	2109	0	-203	-0	0	0	0	903	0	-403	0	-0	-0	-0	300	0	-203	-0	-0	-0	-0	300	0	200	-0
338	-9.81	61.56	8.09	1241.29	0	-46.15	-290.51	-0	-0	-0	2109	0	-203	-0	-0	-0	-0	903	0	-403	-0	-0	-0	-0	300	0	-203	-0	-0	-0	-0	300	0	200	-0
339	-9	57.49	8.25	1206.89	0	-34.28	-841.56	-0	-0	-0	2109	0	-203	-0	-0	-0	-0	903	0	-403	-0	-0	-0	-0	300	0	-203	-0	-0	-0	-0	300	0	200	-0
340	-8.52	61.25	8.91	1229.69	0	-42.88	-671.51	-0	-0	-0	2109	0	-203	-0	-0	-0	-0	903	0	-403	-0	-0	-0	-0	300	0	-203	-0	-0	-0	-0	300	0	200	-0
341	-8.04	59.69	9.07	1228.09	0	-31.62	-190.81	-0	-0	-0	2109	0	-203	-0	-0	-0	-0	903	0	-403	-0	-0	-0	-0	300	0	-203	-0	-0	-0	-0	300	0	200	-0
342	-7.88	63.15	8.42	1222.58	0	-36.13	-474.2	-0	-0	-0	2109	0	-203	-0	-0	-0	-0	903	0	-403	-0	-0	-0	-0	300	0	-203	-0	-0	-0	-0	300	0	200	-0
343	-7.39	63.14	10.04	1230.85	0	-36.07	-587.17	-0	-0	-0	2109	0	-203	-0	-0	-0	-0	903	0	-403	-0	-0	-0	-0	300	0	-203	-0	-0	-0	-0	300	0	200	-0
344	-6.59	64.08	8.75	1246.26	0	-41.24	35.02	-0	-0	-0	2109	0	-203	-0	-0	-0	-0	903	0	-403	-0	-0	-0	-0	300	0	-203	-0	-0	-0	-0	300	0	200	-0
345	-4.5	79.45	6.99	1327	0	-47.56	1488.09	-0	-0	-0	2109	0	-203	-0	-0	-0	-0	903	0	-403	-0	0	0	0	300	0	-203	0	-0	-0	-0	300	0	200	-0
346	-2.57	127.76	2.49	1464.13	0	-58.53	3410.37	-0	-0	-0	2109	0	-203	-0	-0	-0	-0	903	0	-403	-0	-0	-0	-0	300	0	-203	-0	-0	-0	-0	300	0	200	-0
347	3.22	233.78	-3.3	1565.33	0	-68.88	4288.33	-0	-0	-0	2109	0	-203	-0	-0	-0	-0	903	0	-403	-0	-0	-0	-0	300	0	-203	-0	0	0	0	300	0	200	0
348	10.94	283.65	-2.47	1587.39	0	-71.49	4418.43	-0	-0	-0	2109	0	-203	-0	-0	-0	-0	903	0	-403	-0	-0	-0	-0	300	0	-203	-0	-0	-0	-0	300	0	200	-0
349	7.24	277.69	-5.22	1590.08	0	-71.72	4625.09	-0	-0	-0	2109	0	-203	-0	0	0	0	903	0	-403	0	-0	-0	-0	300	0	-203	-0	-0	-0	-0	300	0	200	-0
350	-0.79	267.02	-7.48	1592.93	0	-69.7	5493.47	-0	-0	-0	2109	0	-203	-0	-0	-0	-0	903	0	-403	-0	-0	-0	-0	300	0	-203	-0	-0	-0	-0	300	0	200	-0
351	-7.22	268.91	-10.88	1597.71	0	-69.29	5275.14	-0	-0	-0	2109	0	-203	-0	-0	-0	-0	903	0	-403	-0	-0	-0	-0	300	0	-203	-0	0	0	0	300	0	200	0
352	-15.58	285.2	-9.6	1607.34	0	-72.22	5496.6	-0	-0	-0	2109	0	-203	-0	-0	-0	-0	903	0	-403	-0	-0	-0	-0	300	0	-203	-0	-0	-0	-0	300	0	200	-0
353	-26.83	303.7	-12.18	1619.84	0	-72.55	6298.09	-0	-0	-0	2109	0	-203	-0	-0	-0	-0	903	0	-403	-0	-0	-0	-0	300	0	-203	-0	-0	-0	-0	300	0	200	-0
354	-40.98	313.74	-16.55	1628.44	0	-71.15	6672.76	-0	-0	-0	2109	0	-203	-0	-0	-0	-0	903	0	-403	-0	-0	-0	-0	300	0	-203	-0	0	0	0	300	0	200	0
355	-54	318.75	-17.05	1636.76	0	-71.89	6315.84	-0	-0	-0	2109	0	-203	-0	-0	-0	-0	903	0	-403	-0	-0	-0	-0	300	0	-203	-0	-0	-0	-0	300	0	200	-0
356	-64.61	330.34	-14.16	1641.83	0	-75.49	6611.92	-0	-0	-0	2109	0	-203	-0	-0	-0	-0	903	0	-403	-0	-0	-0	-0	300	0	-203	-0	-0	-0	-0	300	0	200	-0
357	-64.93	335.04	-14	1650.56	0	-75.36	5974.17	-0	-0	-0	2109	0	-203	-0	-0	-0	-0	903	0	-403	-0	-0	-0	-0	300	0	-203	-0	-0	-0	-0	300	0	200	-0
358	-62.84	346.64	-12.71	1657.05	0	-75.22	6279.05	-0	-0	-0	2109	0	-203	-0	-0	-0	-0	903	0	-403	-0	-0	-0	-0	300	0	-203	-0	-0	-0	-0	300	0	200	-0
359	-60.43	362.01	-12.08	1663.96	0	-75.46	5575.22	-0	-0	-0	2109	0	-203	-0	-0	-0	-0	903	0	-403	-0	-0	-0	-0	300	0	-203	-0	-0	-0	-0	300	0	200	-0
360	-60.11	384.26	-8.21	1669.06	0	-79.13	5048.46	-0	-0	-0	2109	0	-203	-0	-0	-0	-0	903	0	-403	-0	-0	-0	-0	300	0	-203	-0	-0	-0	-0	300	0	200	-0
361	-64.94	400.25	-2.75	1678.43	0	-79.2	4632.36	1.28	19.72	2.86	1816.87	0	-114.08	-158.66	-0	-0	-0	903	0	-403	-0	-0	-0	-0	300	0	-203	-0	-0	-0	-0	300	0	200	-0
362	-78.44	418.11	-0.2	1681.97	0	-80.5	4388.56	0.32	28.8	6.54	1844.31	0	-126.86	-356.34	-0	-0	-0	903	0	-403	-0	-0	-0	-0	300	0	-203	-0	-0	-0	-0	300	0	200	-0
363	-91.62	431.9	0.89	1687.38	0	-81.68	3365.8	-0	39.43	6.37	1864.51	0	-124.75	63.53	-0	-0	-0	903	0	-403	-0	-0	-0	-0	300	0	-203	-0	-0	-0	-0	300	0	200	-0
364	-102.23	437.85	0.87	1690.77	0	-82.22	3038.52	-1.6	47.26	5.89	1857	0	-115.13	180.94	-0	-0	-0	903	0	-403	-0	-0	-0	-0	300	0	-203	-0	-0	-0	-0	300	0	200	-0
365	-107.54	438.17	0.7	1694.79	0	-81.04	2822.31	-1.76	53.52	5.1	1848.91	0	-112.09	-61.29	-0	-0	-0	903	0	-403	-0	-0	-0	-0	300	0	-203	-0	-0	-0	-0	300	0	200	-0
366	-111.72	438.79	2.14	1700.07	0	-81.22	2944.78	-1.6	62.29	5.26	1859.51	0	-117.52	-185.24	0	0	0	903	0	-403	0	-0	-0	-0	300	0	-203	-0	-0	-0	-0	300	0	200	-0
367	-112.68	444.43	2.61	1702.87	0	-80.69	2558.89	-1.28	68.54	4.46	1858.76	0	-111.64	61.8	-0	-0	-0	903	0	-403	-0	-0	-0	-0	300	0	-203	-0	-0	-0	-0	300	0	200	-0
368	-114.13	453.84	3.89	1703.61	0	-81.6	1978.97	-1.76	74.49	3.97	1855.72	0	-105.62	109.58	-0	-0	-0	903	0	-403	-0	-0	-0	-0	300	0	-203	-0	-0	-0	-0	300	0	200	-0
369	-115.74	463.87	5.49	1704.04	0	-82.92	1554.89	-2.08	82.94	3.18	1854.93	0	-108.3	-42.43	-0	-0	-0	903	0	-403	-0	-0	-0	-0	300	0	-203	-0	-0	-0	-0	300	0	200	-0
370	-117.35	471.7	6.29	1705.24	0	-82.84	1816	-1.92	90.45	3.97	1865.05	0	-112.43	-176.85	-0	-0	-0	903	0	-403	-0	-0	-0	-0	300	0	-203	-0	-0	-0	-0	300	0	200	-0
371	-120.08	472.96	8.05	1707.36	0	-82.34	1812.61	-0.81	93.89	3.97	1859.23	0	-107.35	42.53	-0	-0	-0	903	0	-403	-0	-0	-0	-0	300	0	-203	-0	-0	-0	-0	300	0	200	-0
372	-120.72	476.09	11.6	1709.66	0	-82.3	1968.58	-1.92	98.59	5.09	1859.78	0	-104.12	365.38	-0	-0	-0	903	0	-403	-0	-0	-0	-0	300	0	-203	-0	-0	-0	-0	300	0	200	-0
373	-119.44	485.49	14.98	1711.01	0	-83.37	2456.52	-1.6	106.73	6.68	1861.33	0	-105.31	-5.31	-0	-0	-0	903	0	-403	-0	-0	-0	-0	300	0	-203	-0	-0	-0	-0	300	0	200	-0
374	-119.92	491.45	16.75	1713.2	0	-83.35	2583.89	-0.81	111.73	7.48	1861.57	0	-106.65	-280.64	-0	-0	-0	903	0	-403	-0	-0	-0	-0	300	0	-203	-0	-0	-0	-0	300	0	200	-0
375	-118.96	496.77	17.71	1714.73	0	-83.4	2159.49	-0.01	113.93	8.12	1854.03	0	-105.93	-224.94	-0	-0	-0	903	0	-403	-0	-0	-0	-0	300	0	-203	-0	0	0	0	300	0	200	0
376	-119.92	497.71	17.86	1717.4	0	-83.09	1960.15	-0.49	120.18	7.8	1865.03	0	-104.87	316.62	-0	-0	-0	903	0	-403	-0	-0	-0	-0	300	0	-203	-0	-0	-0	-0	300	0	200	-0
377	-121.37	502.73	18.01	1716.15	0	-84.42	1414.79	-0.17	120.18	7.8	1855.78	0	-99.86	-16.69	-0	-0	-0	903	0	-403	-0	-0	-0	-0	300	0	-203	-0	-0	-0	-0	300	0	200	-0
378	-121.21	504.6	18.99	1718.12	0	-84.47	2013.94	-0.81	125.82	7.96	1860.91	0	-104.42	-139.63	-0	-0	-0	903	0	-403	-0	-0	-0	-0	300	0	-203	-0	-0	-0	-0	300	0	200	-0
379	-122.81	503.35	17.86	1719.49	0	-83.68	2102.56	-0.01	127.7	8.28	1859.96	0	-103.98	-273.33	-0	-0	-0	903	0	-403	-0	-0	-0	-0	300	0	-203	-0	-0	-0	-0	300	0	200	-0
380	-122.81	506.17	17.85	1719.91	0	-83.98	1802.25	0.31	132.08	7.47	1867.38	0	-104.72	212.86	-0	-0	-0	903	0	-403	-0	-0	-0	-0	300	0	-203	-0	-0	-0	-0	300	0	200	-0
381	-120.4	506.8	17.38	1720.37	0	-84.46	2098.08	0.15	130.2	7.79	1859.99	0	-100.3	163.57	-0	-0	-0	903	0	-403	-0	-0	-0	-0	300	0	-203	-0	-0	-0	-0	300	0	200	-0
382	-118.63	509.3	17.55	1719.97	0	-84.88	2291.64	0.47	134.27	8.27	1858.8	0	-101.84	-158.28	-0	-0	-0	903	0	-403	-0	-0	-0	-0	300	0	-203	-0	-0	-0	-0	300	0	200	-0
383	-116.54	514.33	17.56	1720.76	0	-83.99	2906.91	1.43	136.46	8.91	1864.53	0	-104.06	-194.66	-0	-0	-0	903	0	-403	-0	-0	-0	-0	300	0	-203	-0	-0	-0	-0	300	0	200	-0
384	-114.61	514.65	15.14	1719.96	0	-83.48	2399.46	1.27	134.9	9.07	1862.1	0	-100.35	-142.03	-0	-0	-0	903	0	-403	-0	-0	-0	-0	300	0	-203	-0	-0	-0	-0	300	0	200	-0
385	-109.79	514.02	15.78	1721.4	0	-83.28	2239.04	2.07	135.83	6.99	1858.09	0	-98.75	271.51	-0	-0	-0	903	0	-403	-0	-0	-0	-0	300	0	-203	-0	0	0	0	300	0	200	0
386	-107.38	524.05	15.15	1717.5	0	-84.48	2599.81	1.75	138.34	8.75	1860.71	0	-100.57	-219.75	-0	-0	-0	903	0	-403	-0	-0	-0	-0	300	0	-203	-0	-0	-0	-0	300	0	200	-0
387	-103.04	520.3	12.42	1719.43	0	-82.86	2401.9	3.03	136.15	8.91	1858.55	0	-100.25	-430.14	-0	-0	-0	903	0	-403	-0	-0	-0	-0	300	0	-203	-0	-0	-0	-0	300	0	200	-0
388	-102.55	521.87	12.9	1717.75	0	-83.11	2438.66	3.51	139.28	8.43	1866.14	0	-101.65	-85	-0	-0	-0	903	0	-403	-0	0	0	0	300	0	-203	0	-0	-0	-0	300	0	200	-0
389	-97.09	519.68	10.81	1717.57	0	-82.58	2026.01	3.99	136.14	7.79	1861.64	0	-97.33	-11.12	-0	-0	-0	903	0	-403	-0	-0	-0	-0	300	0	-203	-0	-0	-0	-0	300	0	200	-0
390	-93.23	518.11	11.78	1718.21	0	-83.21	2168.57	3.51	137.4	8.43	1861	0	-99.17	-124.42	-0	-0	-0	903	0	-403	-0	-0	-0	-0	300	0	-203	-0	-0	-0	-0	300	0	200	-0
391	-89.21	514.35	9.53	1719.65	0	-81.82	2357.26	5.11	137.09	8.59	1862.37	0	-101.89	-272.35	-0	-0	-0	903	0	-403	-0	-0	-0	-0	300	0	-203	-0	0	0	0	300	0	200	0
392	-87.28	513.41	9.54	1718.39	0	-81.67	2343.75	5.75	135.52	8.91	1862.98	0	-101.44	-118.28	-0	-0	-0	903	0	-403	-0	-0	-0	-0	300	0	-203	-0	-0	-0	-0	300	0	200	-0
393	-83.42	507.45	10.34	1718.65	0	-81.58	2050.48	6.71	133.96	8.75	1861.85	0	-99.47	62.82	-0	-0	-0	903	0	-403	-0	-0	-0	-0	300	0	-203	-0	-0	-0	-0	300	0	200	-0
394	-79.25	509.65	9.22	1715.54	0	-82.87	1954.15	6.23	133.33	9.07	1861.45	0	-98.3	-35.13	-0	-0	-0	903	0	-403	-0	-0	-0	-0	300	0	-203	-0	0	0	0	300	0	200	0
395	-75.07	502.75	8.26	1717.07	0	-82.66	1806.36	7.67	129.89	9.23	1856.88	0	-99.23	-221.75	-0	-0	-0	903	0	-403	-0	-0	-0	-0	300	0	-203	-0	0	0	0	300	0	200	0
396	-72.81	498.67	7.94	1715.62	0	-82.84	1815.97	8.47	131.14	10.82	1864.35	0	-100.78	-454.32	-0	-0	-0	903	0	-403	-0	-0	-0	-0	300	0	-203	-0	-0	-0	-0	300	0	200	-0
397	-68.64	485.82	7.78	1717.83	0	-80.84	1440.7	9.91	127.7	9.7	1858.77	0	-96.97	-188.53	-0	-0	-0	903	0	-403	-0	-0	-0	-0	300	0	-203	-0	-0	-0	-0	300	0	200	-0
398	-66.22	483.93	9.24	1714.49	0	-83.64	1743.62	8.47	128.63	10.18	1863.47	0	-98.45	-6.42	-0	-0	-0	903	0	-403	-0	-0	-0	-0	300	0	-203	-0	-0	-0	-0	300	0	200	-0
399	-61.89	474.21	8.92	1715.63	0	-83.05	1599.49	9.59	127.39	10.82	1861.48	0	-100.72	-401.96	-0	-0	-0	903	0	-403	-0	-0	-0	-0	300	0	-203	-0	-0	-0	-0	300	0	200	-0
400	-60.6	464.8	8.28	1714.88	0	-82.95	1696.34	10.55	125.51	11.3	1861.15	0	-100.8	-294.99	-0	-0	-0	903	0	-403	-0	-0	-0	-0	300	0	-203	-0	-0	-0	-0	300	0	200	-0
401	-57.22	451.63	9.41	1715.5	0	-82.67	1537.65	11.66	124.26	10.98	1863.11	0	-100.5	-75.17	-0	-0	-0	903	0	-403	-0	-0	-0	-0	300	0	-203	-0	-0	-0	-0	300	0	200	-0
402	-55.14	445.35	10.22	1712.47	0	-83.92	1111.6	11.83	123.63	10.66	1865.96	0	-97.67	-86.53	-0	-0	-0	903	0	-403	-0	-0	-0	-0	300	0	-203	-0	-0	-0	-0	300	0	200	-0
403	-51.76	431.55	11.68	1715.38	0	-83.97	1703.59	11.83	122.69	11.14	1861.57	0	-100.05	-217.88	-0	-0	-0	903	0	-403	-0	-0	-0	-0	300	0	-203	-0	0	0	0	300	0	200	0
404	-49.51	414.62	11.36	1716.93	0	-82.23	1534.35	12.46	120.19	11.3	1857.71	0	-98.46	-367.17	-0	-0	-0	903	0	-403	-0	-0	-0	-0	300	0	-203	-0	0	0	0	300	0	200	0
405	-47.58	402.7	12.49	1717.8	0	-81.89	1497.24	13.58	120.81	11.46	1861.53	0	-101.43	-184.1	-0	-0	-0	903	0	-403	-0	-0	-0	-0	300	0	-203	-0	-0	-0	-0	300	0	200	-0
406	-45.65	393.92	11.68	1714.48	0	-83.68	1003.93	12.79	121.44	11.3	1863.52	0	-99.54	139.61	-0	-0	-0	903	0	-403	-0	-0	-0	-0	300	0	-203	-0	0	0	0	300	0	200	0
407	-42.76	378.23	13.3	1719.18	0	-82.91	1210.34	13.74	118.93	10.66	1857.68	0	-98.88	-142.59	-0	-0	-0	903	0	-403	-0	-0	-0	-0	300	0	-203	-0	-0	-0	-0	300	0	200	-0
408	-43.56	371.02	13.63	1717.63	0	-82.86	1840.78	13.9	121.44	11.94	1859.84	0	-101.76	-383.03	-0	-0	-0	903	0	-403	-0	-0	-0	-0	300	0	-203	-0	0	0	0	300	0	200	0
409	-41.63	361.61	12.33	1716.81	0	-83.86	1152.93	14.54	120.5	11.46	1860.75	0	-100.85	-157.93	-0	-0	-0	903	0	-403	-0	-0	-0	-0	300	0	-203	-0	-0	-0	-0	300	0	200	-0
410	-40.35	353.14	12.82	1714.04	0	-84.67	1016.18	14.22	123.32	11.3	1861.72	0	-99.9	20.59	-0	-0	-0	903	0	-403	-0	-0	-0	-0	300	0	-203	-0	0	0	0	300	0	200	0
411	-37.46	341.22	13.8	1717.67	0	-84.59	1446.94	14.54	122.38	10.98	1856.37	0	-97.08	-276.19	-0	-0	-0	903	0	-403	-0	-0	-0	-0	300	0	-203	-0	0	0	0	300	0	200	0
412	-36.65	332.13	12.34	1719.62	0	-84.39	1188.81	14.7	124.26	11.3	1861.26	0	-100.98	-254.8	-0	-0	-0	903	0	-403	-0	-0	-0	-0	300	0	-203	-0	-0	-0	-0	300	0	200	-0
413	-36.01	323.66	12.34	1718.13	0	-84.19	906.5	15.18	127.7	11.62	1864.69	0	-101.55	-110.48	0	0	0	903	0	-403	0	-0	-0	-0	300	0	-203	-0	0	0	0	300	0	200	0
414	-35.37	318.01	12.19	1715.69	0	-85.18	1256.36	15.02	127.38	10.97	1861.56	0	-98.3	88.09	-0	-0	-0	903	0	-403	-0	-0	-0	-0	300	0	-203	-0	-0	-0	-0	300	0	200	-0
415	-32.95	304.53	11.54	1720.2	0	-83.65	1073.88	15.66	127.7	10.5	1854.09	0	-97.85	-208.17	-0	-0	-0	903	0	-403	-0	0	0	0	300	0	-203	0	-0	-0	-0	300	0	200	-0
416	-32.79	300.45	10.9	1720.42	0	-85.26	1452.69	15.98	133.65	11.94	1865.08	0	-102.86	-340.05	-0	-0	-0	903	0	-403	-0	-0	-0	-0	300	0	-203	-0	-0	-0	-0	300	0	200	-0
417	-32.47	288.22	9.93	1723.7	0	-81.87	1361.03	16.94	131.77	10.81	1861.95	0	-99.56	-15.46	-0	-0	-0	903	0	-403	-0	-0	-0	-0	300	0	-203	-0	-0	-0	-0	300	0	200	-0
418	-31.83	286.96	10.25	1719.07	0	-85.48	996.88	16.62	135.52	10.98	1861.28	0	-99.04	-210.7	-0	-0	-0	903	0	-403	-0	-0	-0	-0	300	0	-203	-0	-0	-0	-0	300	0	200	-0
419	-28.77	279.12	9.78	1722.66	0	-84.55	1475.8	15.98	139.28	11.45	1862.35	0	-98.98	-245.1	0	0	0	903	0	-403	0	-0	-0	-0	300	0	-203	-0	-0	-0	-0	300	0	200	-0
420	-30.06	277.24	7.68	1720.74	0	-85.74	1346	16.62	141.78	11.61	1862.52	0	-100.77	-287.45	-0	-0	-0	903	0	-403	-0	-0	-0	-0	300	0	-203	-0	0	0	0	300	0	200	0
421	-28.61	268.15	6.39	1721.5	0	-83.82	1041.76	16.78	144.6	11.45	1864.33	0	-100.99	-60.23	-0	-0	-0	903	0	-403	-0	-0	-0	-0	300	0	-203	-0	-0	-0	-0	300	0	200	-0
422	-27.49	262.19	6.23	1723.49	0	-83.87	1012.75	16.78	146.79	10.97	1862.44	0	-97.81	143.34	-0	-0	-0	903	0	-403	-0	-0	-0	-0	300	0	-203	-0	-0	-0	-0	300	0	200	-0
423	-27.81	261.56	5.6	1720.6	0	-85.71	1347.73	15.98	152.11	12.09	1862.17	0	-98.42	-375.41	-0	-0	-0	903	0	-403	-0	-0	-0	-0	300	0	-203	-0	-0	-0	-0	300	0	200	-0
424	-26.84	254.34	5.11	1725.14	0	-84.99	1513.71	16.46	155.87	12.41	1862.65	0	-100.36	-331.83	-0	-0	-0	903	0	-403	-0	-0	-0	-0	300	0	-203	-0	-0	-0	-0	300	0	200	-0
425	-26.04	248.08	1.4	1725.77	0	-82.73	840.82	17.74	155.56	11.77	1858.93	0	-97.69	-165.63	-0	-0	-0	903	0	-403	-0	-0	-0	-0	300	0	-203	-0	-0	-0	-0	300	0	200	-0
426	-25.88	246.2	1.88	1722.39	0	-84.16	638.46	17.1	162.75	12.41	1863.25	0	-97.32	-172.94	-0	-0	-0	903	0	-403	-0	-0	-0	-0	300	0	-203	-0	-0	-0	-0	300	0	200	-0
427	-23.14	238.35	2.21	1729.27	0	-84.13	924.62	16.94	164.01	12.25	1855.16	0	-96.34	-372.9	0	0	0	903	0	-403	0	-0	-0	-0	300	0	-203	-0	0	0	0	300	0	200	0
428	-24.27	239.29	1.09	1726.33	0	-84.04	1488.68	17.26	171.83	13.21	1862.07	0	-99.83	-575.93	-0	-0	-0	903	0	-403	-0	-0	-0	-0	300	0	-203	-0	0	0	0	300	0	200	0
429	-23.46	231.14	-0.37	1729.93	0	-81.78	773.29	17.58	174.65	12.72	1860.77	0	-99.26	-254.21	-0	-0	-0	903	0	-403	-0	-0	-0	-0	300	0	-203	-0	-0	-0	-0	300	0	200	-0
430	-22.5	233.96	-1.65	1724.48	0	-86.23	520.32	18.06	180.59	13.04	1861.78	0	-96.98	-264.04	-0	-0	-0	903	0	-403	-0	-0	-0	-0	300	0	-203	-0	-0	-0	-0	300	0	200	-0
431	-21.05	226.75	-2.62	1731.46	0	-82.9	544.95	17.74	184.35	12.88	1859.27	0	-97.55	-385.63	-0	-0	-0	903	0	-403	-0	-0	-0	-0	300	0	-203	-0	-0	-0	-0	300	0	200	-0
432	-20.73	225.18	-1.81	1731.7	0	-83.05	1054.82	18.22	190.61	13.68	1861.68	0	-100.42	-563.16	-0	-0	-0	903	0	-403	-0	-0	-0	-0	300	0	-203	-0	-0	-0	-0	300	0	200	-0
433	-20.73	223.62	-3.59	1727.95	0	-83.1	591.62	18.54	195.93	13.68	1864.95	0	-98.41	-255.28	-0	-0	-0	903	0	-403	-0	-0	-0	-0	300	0	-203	-0	-0	-0	-0	300	0	200	-0
434	-20.41	222.67	-2.61	1725.86	0	-85.59	841.37	17.58	200.62	14	1863.89	0	-97.6	-249.24	-0	-0	-0	903	0	-403	-0	-0	-0	-0	300	0	-203	-0	-0	-0	-0	300	0	200	-0
435	-17.84	217.03	-3.89	1733.31	0	-84.21	935.83	18.7	205.95	13.84	1861.06	0	-98.35	-455.05	-0	-0	-0	903	0	-403	-0	-0	-0	-0	300	0	-203	-0	-0	-0	-0	300	0	200	-0
436	-17.67	211.7	-5.84	1735.21	0	-81.84	327.57	18.85	210.96	14.79	1863.42	0	-99.91	-574.99	0	0	0	903	0	-403	0	-0	-0	-0	300	0	-203	-0	-0	-0	-0	300	0	200	-0
437	-17.51	207.93	-4.55	1736.38	0	-81.52	509.33	18.38	214.71	14.47	1860.61	0	-98.28	-229.26	-0	-0	-0	903	0	-403	-0	0	0	0	300	0	-203	0	-0	-0	-0	300	0	200	-0
438	-16.87	211.06	-3.9	1730.73	0	-86.74	863.8	18.22	220.97	14.95	1863.08	0	-97.07	-483.49	-0	-0	-0	903	0	-403	-0	-0	-0	-0	300	0	-203	-0	-0	-0	-0	300	0	200	-0
439	-16.39	205.11	-5.02	1735.24	0	-84.54	1031.7	17.42	226.6	14.95	1862.4	0	-99.04	-508.95	-0	-0	-0	903	0	-403	-0	-0	-0	-0	300	0	-203	-0	-0	-0	-0	300	0	200	-0
440	-15.74	201.65	-5.83	1741.49	0	-83.64	753.63	18.37	234.12	15.91	1864.09	0	-100.57	-674.79	-0	-0	-0	903	0	-403	-0	-0	-0	-0	300	0	-203	-0	-0	-0	-0	300	0	200	-0
441	-15.74	197.58	-7.28	1739.67	0	-82.49	421.06	18.69	235.99	15.27	1862.92	0	-98.97	-329.38	-0	-0	-0	903	0	-403	-0	-0	-0	-0	300	0	-203	-0	-0	-0	-0	300	0	200	-0
442	-13.66	199.77	-7.12	1735.42	0	-86.22	-45.62	17.26	243.19	15.91	1861.93	0	-97.75	-431.64	-0	-0	-0	903	0	-403	-0	-0	-0	-0	300	0	-203	-0	-0	-0	-0	300	0	200	-0
443	-13.49	193.5	-7.27	1743.54	0	-85.58	662.67	17.25	247.57	15.59	1860.24	0	-97.55	-586.68	-0	-0	-0	903	0	-403	-0	-0	-0	-0	300	0	-203	-0	-0	-0	-0	300	0	200	-0
444	-13.65	192.56	-8.56	1741.73	0	-83.58	589.84	17.25	256.96	17.02	1864.46	0	-99.97	-812.23	-0	-0	-0	903	0	-403	-0	0	0	0	300	0	-203	0	-0	-0	-0	300	0	200	-0
445	-13.49	189.43	-9.54	1743.02	0	-83.44	27.56	16.45	261.66	16.23	1864.15	0	-99.52	-533.51	-0	-0	-0	903	0	-403	-0	-0	-0	-0	300	0	-203	-0	-0	-0	-0	300	0	200	-0
446	-11.73	186.6	-8.57	1744.72	0	-84	83.56	15.97	267.6	16.54	1861.79	0	-98.26	-461.17	-0	-0	-0	903	0	-403	-0	-0	-0	-0	300	0	-203	-0	-0	-0	-0	300	0	200	-0
447	-12.21	184.72	-8.56	1747.7	0	-84.01	406.54	16.13	272.92	16.22	1859.52	0	-97.19	-651.02	-0	-0	-0	903	0	-403	-0	-0	-0	-0	300	0	-203	-0	-0	-0	-0	300	0	200	-0
448	-12.53	186.28	-9.52	1744.57	0	-87.07	576.64	15.33	282.63	18.14	1862.86	0	-100.1	-946.73	0	0	0	903	0	-403	0	-0	-0	-0	300	0	-203	-0	0	0	0	300	0	200	0
449	-10.44	178.14	-9.37	1752.53	0	-81.73	326.89	15.81	290.45	17.66	1863.75	0	-100.49	-573.93	-0	-0	-0	903	0	-403	-0	-0	-0	-0	300	0	-203	-0	0	0	0	300	0	200	0
450	-10.92	180.95	-9.37	1748.22	0	-85.9	206.73	14.69	297.65	17.66	1862.98	0	-98.55	-558.96	-0	-0	-0	903	0	-403	-0	-0	-0	-0	300	0	-203	-0	-0	-0	-0	300	0	200	-0
451	-9.47	175.93	-9.36	1755.53	0	-84.7	310.23	14.85	305.17	18.62	1861.68	0	-99.99	-923.33	-0	-0	-0	903	0	-403	-0	-0	-0	-0	300	0	-203	-0	0	0	0	300	0	200	0
452	-9.15	177.5	-11.94	1749.52	0	-87.08	36.39	15.97	315.81	19.41	1863.84	0	-101.2	-1034.2	-0	-0	-0	903	0	-403	-0	-0	-0	-0	300	0	-203	-0	-0	-0	-0	300	0	200	-0
453	-9.47	174.68	-13.07	1750.13	0	-85.73	-242.51	15.33	323.32	19.57	1864.79	0	-100.98	-602.08	-0	-0	-0	903	0	-403	-0	-0	-0	-0	300	0	-203	-0	-0	-0	-0	300	0	200	-0
454	-8.03	171.54	-10.49	1752.81	0	-88.13	180.9	14.53	331.45	20.05	1863.49	0	-99.79	-552.8	-0	-0	-0	903	0	-403	-0	-0	-0	-0	300	0	-203	-0	-0	-0	-0	300	0	200	-0
455	-6.74	169.97	-11.44	1755.09	0	-88.88	448.27	14.53	337.72	20.85	1860.26	0	-99.81	-963.51	-0	-0	-0	903	0	-403	-0	-0	-0	-0	300	0	-203	-0	-0	-0	-0	300	0	200	-0
456	-6.42	165.59	-12.09	1757.99	0	-84.69	357.6	15.33	351.49	21.8	1864.42	0	-102.23	-868.52	-0	-0	-0	903	0	-403	-0	-0	-0	-0	300	0	-203	-0	-0	-0	-0	300	0	200	-0
457	-5.13	160.88	-14.19	1760.68	0	-86.3	-558.38	16.61	359	21.96	1862.73	0	-101.18	-725.76	-0	-0	-0	903	0	-403	-0	-0	-0	-0	300	0	-203	-0	-0	-0	-0	300	0	200	-0
458	-5.13	162.75	-12.25	1753.12	0	-91.7	143.87	16.29	371.52	22.92	1864.59	0	-101.85	-696.57	-0	-0	-0	903	0	-403	-0	-0	-0	-0	300	0	-203	-0	-0	-0	-0	300	0	200	-0
459	-4.17	156.8	-13.37	1760	0	-90.45	51.02	16.77	381.85	23.56	1863.22	0	-101.85	-1093.7	-0	-0	-0	903	0	-403	-0	-0	-0	-0	300	0	-203	-0	-0	-0	-0	300	0	200	-0
460	-2.88	151.78	-14.98	1764.67	0	-90.71	-472.48	17.89	392.18	24.51	1863.61	0	-102.58	-1067.55	-0	-0	-0	903	0	-403	-0	-0	-0	-0	300	0	-203	-0	-0	-0	-0	300	0	200	-0
461	-3.53	145.51	-14.17	1766.12	0	-87.68	-127.33	18.69	401.57	25.47	1863.52	0	-102.38	-934.78	-0	-0	-0	903	0	-403	-0	-0	-0	-0	300	0	-203	-0	-0	-0	-0	300	0	200	-0
462	-0.63	143	-14.34	1760.26	0	-92.02	-545.44	18.85	414.09	26.1	1862.8	0	-101.9	-808.9	-0	-0	-0	903	0	-403	-0	0	0	0	300	0	-203	0	0	0	0	300	0	200	0
463	0.49	138.92	-13.52	1765.86	0	-93.63	18.23	20.45	424.73	27.22	1862.07	0	-102.89	-1174.81	-0	-0	-0	903	0	-403	-0	-0	-0	-0	300	0	-203	-0	-0	-0	-0	300	0	200	-0
464	-0.79	132.34	-12.39	1769.31	0	-88.63	420.82	21.41	438.5	28.97	1864.51	0	-103.62	-1318.57	-0	-0	-0	903	0	-403	-0	-0	-0	-0	300	0	-203	-0	0	0	0	300	0	200	0
465	0.81	126.38	-13.2	1768.93	0	-90.4	-2.31	23.16	448.21	28.81	1862.87	0	-102.35	-1094.91	-0	-0	-0	903	0	-403	-0	-0	-0	-0	300	0	-203	-0	-0	-0	-0	300	0	200	-0
466	3.06	121.67	-10.45	1768.14	0	-95.78	386.13	23.16	461.98	29.13	1863.43	0	-103.2	-996.18	-0	-0	-0	903	0	-403	-0	-0	-0	-0	300	0	-203	-0	-0	-0	-0	300	0	200	-0
467	3.87	114.45	-12.21	1780.05	0	-92.06	218.3	25.56	470.12	29.6	1861	0	-103.12	-1298.66	-0	-0	-0	903	0	-403	-0	-0	-0	-0	300	0	-203	-0	-0	-0	-0	300	0	200	-0
468	4.35	110.07	-10.77	1775.23	0	-91.8	406.87	27	485.46	30.88	1862.66	0	-104.06	-1510.2	-0	-0	-0	903	0	-403	-0	-0	-0	-0	300	0	-203	-0	-0	-0	-0	300	0	200	-0
469	6.12	102.23	-10.28	1780.15	0	-86.37	90.19	28.92	498.29	30.88	1863.29	0	-103.97	-1388.44	-0	-0	-0	903	0	-403	-0	-0	-0	-0	300	0	-203	-0	-0	-0	-0	300	0	200	-0
470	6.92	96.9	-9.96	1780.74	0	-92.6	-26.83	29.72	510.81	30.56	1863.25	0	-103.2	-1162.55	-0	-0	-0	903	0	-403	-0	-0	-0	-0	300	0	-203	-0	-0	-0	-0	300	0	200	-0
471	8.85	91.88	-10.28	1779.01	0	-96.57	-145.7	32.11	522.08	30.4	1861.35	0	-103.64	-1559.84	-0	-0	-0	903	0	-403	-0	0	0	0	300	0	-203	0	-0	-0	-0	300	0	200	-0
472	8.53	83.73	-8.5	1793.41	0	-87.89	495.37	34.67	538.67	31.83	1862.58	0	-104.55	-1836.7	-0	-0	-0	903	0	-403	-0	0	0	0	300	0	-203	0	-0	-0	-0	300	0	200	-0
473	8.85	79.65	-8.84	1788.61	0	-87.4	-206.17	36.91	551.19	30.87	1863.15	0	-104.41	-1410.28	-0	-0	-0	903	0	-403	-0	-0	-0	-0	300	0	-203	-0	-0	-0	-0	300	0	200	-0
474	9.17	77.14	-7.87	1775.25	0	-97.65	141.38	38.35	565.27	31.19	1863.74	0	-104.38	-1516.83	-0	-0	-0	903	0	-403	-0	-0	-0	-0	300	0	-203	-0	-0	-0	-0	300	0	200	-0
475	10.61	70.24	-7.7	1779.44	0	-94.69	138.74	40.91	578.1	31.19	1863.01	0	-104.17	-1903	-0	-0	-0	903	0	-403	-0	-0	-0	-0	300	0	-203	-0	-0	-0	-0	300	0	200	-0
476	9.97	65.85	-5.92	1776.25	0	-98.74	1033.06	44.1	592.5	31.82	1862.91	0	-104.87	-2219.79	-0	-0	-0	903	0	-403	-0	-0	-0	-0	300	0	-203	-0	-0	-0	-0	300	0	200	-0
477	10.77	58.33	-7.7	1790.27	0	-94.5	55.24	48.26	605.33	31.66	1863.6	0	-105.04	-2269.62	-0	-0	-0	903	0	-403	-0	-0	-0	-0	300	0	-203	-0	-0	-0	-0	300	0	200	-0
478	9.49	52.68	-7.06	1776.65	0	-90.87	206.82	50.02	619.11	30.7	1863.73	0	-104.87	-1922.36	-0	-0	-0	903	0	-403	-0	-0	-0	-0	300	0	-203	-0	-0	-0	-0	300	0	200	-0
479	10.93	44.21	-5.61	1794.61	0	-99.31	29.74	52.89	632.25	29.74	1863.5	0	-104.6	-2014.77	-0	-0	-0	903	0	-403	-0	-0	-0	-0	300	0	-203	-0	-0	-0	-0	300	0	200	-0
480	10.77	38.25	-5.12	1804.94	0	-99.27	652.56	56.25	645.71	29.74	1863.54	0	-105.2	-2342.01	-0	-0	-0	903	0	-403	-0	-0	-0	-0	300	0	-203	-0	-0	-0	-0	300	0	200	-0
481	-0	-0	-0	1506	0	-203	-0	60.25	656.04	29.73	1863.21	0	-105.08	-2422.5	-0	-0	-0	903	0	-403	-0	-0	-0	-0	300	0	-203	-0	-0	-0	-0	300	0	200	-0
482	-0	-0	-0	1506	0	-203	-0	63.77	667.94	28.77	1864.47	0	-105.2	-2217.35	-0	-0	-0	903	0	-403	-0	-0	-0	-0	300	0	-203	-0	-0	-0	-0	300	0	200	-0
483	-0	-0	-0	1506	0	-203	-0	66	677.32	27.81	1863.58	0	-104.74	-2333.11	-0	-0	-0	903	0	-403	-0	-0	-0	-0	300	0	-203	-0	-0	-0	-0	300	0	200	-0
484	9.33	18.81	-3.36	1789.99	0	-119.56	628.75	69.52	687.34	27.17	1863.76	0	-105.02	-2625.51	-0	-0	-0	903	0	-403	-0	-0	-0	-0	300	0	-203	-0	-0	-0	-0	300	0	200	-0
485	-0	-0	-0	1506	0	-203	-0	74.16	693.6	27.49	1863.59	0	-105.23	-2743.14	-0	-0	-0	903	0	-403	-0	0	0	0	300	0	-203	0	-0	-0	-0	300	0	200	-0
486	-0	-0	-0	1506	0	-203	-0	77.51	702.68	27.17	1865.47	0	-105.18	-2490.6	-0	-0	-0	903	0	-403	-0	-0	-0	-0	300	0	-203	-0	-0	-0	-0	300	0	200	-0
487	-0	-0	-0	1506	0	-203	-0	81.51	704.56	26.37	1864.26	0	-104.64	-2467.58	-0	-0	-0	903	0	-403	-0	-0	-0	-0	300	0	-203	-0	-0	-0	-0	300	0	200	-0
488	-0	-0	-0	1506	0	-203	-0	84.39	710.82	26.53	1864.5	0	-105.07	-2778.89	-0	-0	-0	903	0	-403	-0	-0	-0	-0	300	0	-203	-0	0	0	0	300	0	200	0
489	-0	-0	-0	1506	0	-203	-0	89.98	713.32	25.88	1865.03	0	-105.25	-2685.42	-0	-0	-0	903	0	-403	-0	-0	-0	-0	300	0	-203	-0	-0	-0	-0	300	0	200	-0
490	-0	-0	-0	1506	0	-203	-0	93.66	714.26	27.32	1865.51	0	-104.91	-2774.36	-0	-0	-0	903	0	-403	-0	-0	-0	-0	300	0	-203	-0	-0	-0	-0	300	0	200	-0
491	-0	-0	-0	1506	0	-203	-0	98.14	713.95	26.04	1865.27	0	-104.69	-2685.9	-0	-0	-0	903	0	-403	-0	-0	-0	-0	300	0	-203	-0	-0	-0	-0	300	0	200	-0
492	-0	-0	-0	1506	0	-203	-0	102.46	713.64	26.68	1865.54	0	-105.18	-2818.16	-0	-0	-0	903	0	-403	-0	-0	-0	-0	300	0	-203	-0	-0	-0	-0	300	0	200	-0
493	-0	-0	-0	1506	0	-203	-0	106.93	710.2	26.51	1865.63	0	-105.51	-2698.76	-0	-0	-0	903	0	-403	-0	-0	-0	-0	300	0	-203	-0	-0	-0	-0	300	0	200	-0
494	-0	-0	-0	1506	0	-203	-0	111.25	707.38	26.83	1866.1	0	-105.26	-2604.18	-0	-0	-0	903	0	-403	-0	-0	-0	-0	300	0	-203	-0	0	0	0	300	0	200	0
495	-0	-0	-0	1506	0	-203	-0	115.57	698.3	26.19	1865.49	0	-104.52	-2953.64	-0	-0	-0	903	0	-403	-0	-0	-0	-0	300	0	-203	-0	-0	-0	-0	300	0	200	-0
496	-0	-0	-0	1506	0	-203	-0	118.13	696.73	28.11	1868.08	0	-104.87	-3393.34	-0	-0	-0	903	0	-403	-0	-0	-0	-0	300	0	-203	-0	-0	-0	-0	300	0	200	-0
497	-0	-0	-0	1506	0	-203	-0	123.72	696.39	28.11	1875.26	0	-103.8	-3201.11	-0	-0	-0	903	0	-403	-0	-0	-0	-0	300	0	-203	-0	-0	-0	-0	300	0	200	-0
498	-0	-0	-0	1506	0	-203	-0	126.13	732.91	35.65	1904.71	0	-99.71	-6320.75	-0	-0	-0	903	0	-403	-0	-0	-0	-0	300	0	-203	-0	0	0	0	300	0	200	0
499	-0	-0	-0	1506	0	-203	-0	132.53	817.18	50.1	1958.43	0	-91.16	-11641.8	-0	-0	-0	903	0	-403	-0	0	0	0	300	0	-203	0	-0	-0	-0	300	0	200	-0
500	-0	-0	-0	1506	0	-203	-0	138.13	862.74	57.16	1986.1	0	-87.46	-13446.3	-0	-0	-0	903	0	-403	-0	-0	-0	-0	300	0	-203	-0	-0	-0	-0	300	0	200	-0
501	-0	-0	-0	1506	0	-203	-0	137.81	841.16	56.52	1985.69	0	-87.97	-13795.6	-0	-0	-0	903	0	-403	-0	-0	-0	-0	300	0	-203	-0	0	0	0	300	0	200	0
502	-0	-0	-0	1506	0	-203	-0	133.02	812.39	53.01	1983.2	0	-87.89	-13450	-0	-0	-0	903	0	-403	-0	-0	-0	-0	300	0	-203	-0	-0	-0	-0	300	0	200	-0
503	-0	-0	-0	1506	0	-203	-0	130.14	795.17	50.3	1986.84	0	-87.03	-13826.2	-0	-0	-0	903	0	-403	-0	-0	-0	-0	300	0	-203	-0	-0	-0	-0	300	0	200	-0
504	-0	-0	-0	1506	0	-203	-0	125.5	789.19	50.32	1997.13	0	-86.3	-13958.2	-0	-0	-0	903	0	-403	-0	0	0	0	300	0	-203	0	0	0	0	300	0	200	0
505	-0	-0	-0	1506	0	-203	-0	120.87	777.89	49.69	2007.28	0	-84.16	-14181.7	-0	-0	-0	903	0	-403	-0	-0	-0	-0	300	0	-203	-0	-0	-0	-0	300	0	200	-0
506	-0	-0	-0	1506	0	-203	-0	116.07	763.47	46.83	2015.87	0	-82.69	-13944.5	-0	-0	-0	903	0	-403	-0	-0	-0	-0	300	0	-203	-0	-0	-0	-0	300	0	200	-0
507	-0	-0	-0	1506	0	-203	-0	116.39	743.11	43.8	2022.35	0	-81.77	-13887.9	-0	-0	-0	903	0	-403	-0	-0	-0	-0	300	0	-203	-0	-0	-0	-0	300	0	200	-0
508	-0	-0	-0	1506	0	-203	-0	117.68	719.01	40.44	2029.89	0	-80.8	-12887.8	-0	-0	-0	903	0	-403	-0	-0	-0	-0	300	0	-203	-0	-0	-0	-0	300	0	200	-0
509	-0	-0	-0	1506	0	-203	-0	121.83	691.77	34.84	2037.47	0	-78.93	-12102.4	-0	-0	-0	903	0	-403	-0	-0	-0	-0	300	0	-203	-0	-0	-0	-0	300	0	200	-0
510	-0	-0	-0	1506	0	-203	-0	122	668.9	30.84	2046.73	0	-76.95	-11356.9	-0	-0	-0	903	0	-403	-0	-0	-0	-0	300	0	-203	-0	-0	-0	-0	300	0	200	-0
511	-0	-0	-0	1506	0	-203	-0	119.6	643.54	25.73	2058.2	0	-75.34	-10382.2	-0	-0	-0	903	0	-403	-0	-0	-0	-0	300	0	-203	-0	-0	-0	-0	300	0	200	-0
512	-0	-0	-0	1506	0	-203	-0	113.53	618.48	23.02	2071.45	0	-73.66	-9820.55	-0	-0	-0	903	0	-403	-0	-0	-0	-0	300	0	-203	-0	0	0	0	300	0	200	0
513	-0	-0	-0	1506	0	-203	-0	104.1	590.92	19.68	2085.24	0	-70.96	-9507.66	-0	-0	-0	903	0	-403	-0	-0	-0	-0	300	0	-203	-0	-0	-0	-0	300	0	200	-0
514	-0	-0	-0	1506	0	-203	-0	92.74	562.12	18.09	2098.87	0	-68.61	-9650.25	-0	-0	-0	903	0	-403	-0	-0	-0	-0	300	0	-203	-0	0	0	0	300	0	200	0
515	-0	-0	-0	1506	0	-203	-0	81.55	529.88	14.91	2113.66	0	-66.46	-9397.89	-0	-0	-0	903	0	-403	-0	-0	-0	-0	300	0	-203	-0	-0	-0	-0	300	0	200	-0
516	-0	-0	-0	1506	0	-203	-0	68.12	499.51	13.48	2130.57	0	-64.39	-8500.98	-0	-0	-0	903	0	-403	-0	-0	-0	-0	300	0	-203	-0	0	0	0	300	0	200	0
517	-0	-0	-0	1506	0	-203	-0	54.86	467.58	10.13	2149.69	0	-61.54	-7374.29	-0	-0	-0	903	0	-403	-0	-0	-0	-0	300	0	-203	-0	-0	-0	-0	300	0	200	-0
518	-0	-0	-0	1506	0	-203	-0	43.67	437.52	9.66	2173	0	-57.2	-6229.57	-0	-0	-0	903	0	-403	-0	-0	-0	-0	300	0	-203	-0	-0	-0	-0	300	0	200	-0
519	-0	-0	-0	1506	0	-203	-0	34.4	409.03	8.87	2200.09	0	-54.03	-5392.3	-0	-0	-0	903	0	-403	-0	-0	-0	-0	300	0	-203	-0	0	0	0	300	0	200	0
520	-0	-0	-0	1506	0	-203	-0	23.69	384.28	9.35	2231.81	0	-51.13	-3755.71	-0	-0	-0	903	0	-403	-0	-0	-0	-0	300	0	-203	-0	-0	-0	-0	300	0	200	-0
521	-0	-0	-0	1506	0	-203	-0	16.5	360.16	9.52	2264.97	0	-46.26	-2638.3	-0	-0	-0	903	0	-403	-0	-0	-0	-0	300	0	-203	-0	-0	-0	-0	300	0	200	-0
522	-0	-0	-0	1506	0	-203	-0	9.46	339.18	8.89	2295.57	0	-41.64	-1611.39	-0	-0	-0	903	0	-403	-0	0	0	0	300	0	-203	0	-0	-0	-0	300	0	200	-0
523	-0	-0	-0	1506	0	-203	-0	-1.57	328.21	7.3	2315.64	0	-38.66	-1350.88	-0	-0	-0	903	0	-403	-0	-0	-0	-0	300	0	-203	-0	-0	-0	-0	300	0	200	-0
524	-0	-0	-0	1506	0	-203	-0	-8.76	323.19	9.07	2331.72	0	-38.17	-320.11	-0	-0	-0	903	0	-403	-0	0	0	0	300	0	-203	0	-0	-0	-0	300	0	200	-0
525	-0	-0	-0	1506	0	-203	-0	-12.12	322.87	7.95	2342.49	0	-36.67	11.94	-0	-0	-0	903	0	-403	-0	-0	-0	-0	300	0	-203	-0	0	0	0	300	0	200	0
526	-0	-0	-0	1506	0	-203	-0	-14.67	323.47	7.48	2350.17	0	-34.73	22.43	-0	-0	-0	903	0	-403	-0	-0	-0	-0	300	0	-203	-0	0	0	0	300	0	200	0
527	-0	-0	-0	1506	0	-203	-0	-15.15	324.71	7.16	2354.96	0	-32.65	-41.9	-0	-0	-0	903	0	-403	-0	0	0	0	300	0	-203	0	-0	-0	-0	300	0	200	-0
528	-0	-0	-0	1506	0	-203	-0	-16.43	330.65	8.28	2355.84	0	-34.98	158.42	-0	-0	-0	903	0	-403	-0	-0	-0	-0	300	0	-203	-0	-0	-0	-0	300	0	200	-0
529	-0	-0	-0	1506	0	-203	-0	-16.27	331.26	8.44	2362.58	0	-33.92	475.07	-0	-0	-0	903	0	-403	-0	-0	-0	-0	300	0	-203	-0	-0	-0	-0	300	0	200	-0
530	-0	-0	-0	1506	0	-203	-0	-16.91	334.07	8.76	2364.66	0	-33.38	730.07	-0	-0	-0	903	0	-403	-0	0	0	0	300	0	-203	0	-0	-0	-0	300	0	200	-0
531	-0	-0	-0	1506	0	-203	-0	-18.03	335	9.89	2366.21	0	-32.01	913.9	-0	-0	-0	903	0	-403	-0	-0	-0	-0	300	0	-203	-0	-0	-0	-0	300	0	200	-0
532	-0	-0	-0	1506	0	-203	-0	-18.03	337.19	11.17	2368.07	0	-32.61	895.11	-0	-0	-0	903	0	-403	-0	-0	-0	-0	300	0	-203	-0	-0	-0	-0	300	0	200	-0
533	-0	-0	-0	1506	0	-203	-0	-18.19	340	12.13	2369.03	0	-33.77	925	-0	-0	-0	903	0	-403	-0	-0	-0	-0	300	0	-203	-0	-0	-0	-0	300	0	200	-0
534	-0	-0	-0	1506	0	-203	-0	-19.47	344.68	12.45	2369.13	0	-33.52	1383.72	-0	-0	-0	903	0	-403	-0	-0	-0	-0	300	0	-203	-0	-0	-0	-0	300	0	200	-0
535	-0	-0	-0	1506	0	-203	-0	-18.51	344.36	11.82	2370.41	0	-32.04	549.26	-0	-0	-0	903	0	-403	-0	-0	-0	-0	300	0	-203	-0	-0	-0	-0	300	0	200	-0
536	-0	-0	-0	1506	0	-203	-0	-18.03	348.43	12.77	2368.68	0	-34.44	633.04	0	0	0	903	0	-403	0	-0	-0	-0	300	0	-203	-0	-0	-0	-0	300	0	200	-0
537	-0	-0	-0	1506	0	-203	-0	-16.11	347.8	13.25	2370.85	0	-32.99	658.66	-0	-0	-0	903	0	-403	-0	-0	-0	-0	300	0	-203	-0	-0	-0	-0	300	0	200	-0
538	-0	-0	-0	1506	0	-203	-0	-16.91	348.42	13.09	2372.43	0	-32.46	973.88	-0	-0	-0	903	0	-403	-0	-0	-0	-0	300	0	-203	-0	-0	-0	-0	300	0	200	-0
539	-0	-0	-0	1506	0	-203	-0	-15.63	348.73	12.29	2369.68	0	-32.83	487.02	-0	-0	-0	903	0	-403	-0	0	0	0	300	0	-203	0	-0	-0	-0	300	0	200	-0
540	-0	-0	-0	1506	0	-203	-0	-15.15	348.42	12.61	2370.16	0	-33.39	530.81	-0	-0	-0	903	0	-403	-0	-0	-0	-0	300	0	-203	-0	-0	-0	-0	300	0	200	-0
541	-0	-0	-0	1506	0	-203	-0	-13.55	346.86	13.09	2371.01	0	-33.31	799	-0	-0	-0	903	0	-403	-0	0	0	0	300	0	-203	0	-0	-0	-0	300	0	200	-0
542	-0	-0	-0	1506	0	-203	-0	-12.59	344.67	12.29	2372.27	0	-33.55	752.09	-0	-0	-0	903	0	-403	-0	-0	-0	-0	300	0	-203	-0	-0	-0	-0	300	0	200	-0
543	-0	-0	-0	1506	0	-203	-0	-12.11	340.61	11.65	2371.62	0	-31.94	661.35	-0	-0	-0	903	0	-403	-0	-0	-0	-0	300	0	-203	-0	-0	-0	-0	300	0	200	-0
544	-0	-0	-0	1506	0	-203	-0	-11.63	340	12.12	2368.49	0	-33.33	612.43	-0	-0	-0	903	0	-403	-0	-0	-0	-0	300	0	-203	-0	-0	-0	-0	300	0	200	-0
545	-0	-0	-0	1506	0	-203	-0	-9.72	334.38	11.32	2370.88	0	-33.73	606.93	-0	-0	-0	903	0	-403	-0	-0	-0	-0	300	0	-203	-0	-0	-0	-0	300	0	200	-0
546	-0	-0	-0	1506	0	-203	-0	-8.76	329.69	10.84	2370.76	0	-33.56	772.3	-0	-0	-0	903	0	-403	-0	-0	-0	-0	300	0	-203	-0	-0	-0	-0	300	0	200	-0
547	-0	-0	-0	1506	0	-203	-0	-8.6	320.94	9.07	2371.69	0	-32.24	432.75	-0	-0	-0	903	0	-403	-0	-0	-0	-0	300	0	-203	-0	-0	-0	-0	300	0	200	-0
548	-0	-0	-0	1506	0	-203	-0	-7.96	314.08	9.71	2370.37	0	-32.95	791.3	-0	-0	-0	903	0	-403	-0	-0	-0	-0	300	0	-203	-0	0	0	0	300	0	200	0
549	-0	-0	-0	1506	0	-203	-0	-6.2	305.34	8.26	2371.17	0	-33.47	528.23	-0	-0	-0	903	0	-403	-0	-0	-0	-0	300	0	-203	-0	-0	-0	-0	300	0	200	-0
550	-0	-0	-0	1506	0	-203	-0	-6.2	295.97	7.3	2372.29	0	-33.33	847.25	-0	-0	-0	903	0	-403	-0	-0	-0	-0	300	0	-203	-0	-0	-0	-0	300	0	200	-0
551	-0	-0	-0	1506	0	-203	-0	-5.56	286.29	5.54	2370.6	0	-32.2	457.89	-0	-0	-0	903	0	-403	-0	-0	-0	-0	300	0	-203	-0	-0	-0	-0	300	0	200	-0
552	-0	-0	-0	1506	0	-203	-0	-5.88	274.11	5.21	2371.91	0	-31.92	398.73	-0	-0	-0	903	0	-403	-0	-0	-0	-0	300	0	-203	-0	-0	-0	-0	300	0	200	-0
553	-0	-0	-0	1506	0	-203	-0	-4.12	264.44	4.57	2371.22	0	-33.58	410.75	-0	-0	-0	903	0	-403	-0	-0	-0	-0	300	0	-203	-0	-0	-0	-0	300	0	200	-0
554	-0	-0	-0	1506	0	-203	-0	-3.97	255.39	3.6	2371.5	0	-33.78	559.61	-0	-0	-0	903	0	-403	-0	-0	-0	-0	300	0	-203	-0	-0	-0	-0	300	0	200	-0
555	-0	-0	-0	1506	0	-203	-0	-4.61	241.02	2.16	2374.06	0	-30.5	470.35	-0	-0	-0	903	0	-403	-0	-0	-0	-0	300	0	-203	-0	-0	-0	-0	300	0	200	-0
556	-0	-0	-0	1506	0	-203	-0	-4.29	230.71	2.32	2371.6	0	-31.06	314.7	-0	-0	-0	903	0	-403	-0	-0	-0	-0	300	0	-203	-0	-0	-0	-0	300	0	200	-0
557	-0	-0	-0	1506	0	-203	-0	-3.33	221.66	1.67	2370.97	0	-33.15	381.85	-0	-0	-0	903	0	-403	-0	0	0	0	300	0	-203	0	-0	-0	-0	300	0	200	-0
558	-0	-0	-0	1506	0	-203	-0	-3.49	213.24	1.18	2371.04	0	-33.4	703.51	-0	-0	-0	903	0	-403	-0	-0	-0	-0	300	0	-203	-0	-0	-0	-0	300	0	200	-0
559	-0	-0	-0	1506	0	-203	-0	-3.01	201.68	-0.09	2374.09	0	-30.12	111.79	-0	-0	-0	903	0	-403	-0	-0	-0	-0	300	0	-203	-0	-0	-0	-0	300	0	200	-0
560	-0	-0	-0	1506	0	-203	-0	-3.49	195.13	0.38	2369.1	0	-34	203.45	-0	-0	-0	903	0	-403	-0	-0	-0	-0	300	0	-203	-0	-0	-0	-0	300	0	200	-0
561	-0	-0	-0	1506	0	-203	-0	-3.01	185.45	0.06	2369.65	0	-33.15	239.2	-0	-0	-0	903	0	-403	-0	0	0	0	300	0	-203	0	-0	-0	-0	300	0	200	-0
562	-0	-0	-0	1506	0	-203	-0	-2.7	176.39	-0.11	2372.86	0	-31.91	471.23	-0	-0	-0	903	0	-403	-0	-0	-0	-0	300	0	-203	-0	-0	-0	-0	300	0	200	-0
563	-0	-0	-0	1506	0	-203	-0	-3.5	167.34	-0.75	2373.09	0	-30.23	298.1	-0	-0	-0	903	0	-403	-0	-0	-0	-0	300	0	-203	-0	-0	-0	-0	300	0	200	-0
564	-0	-0	-0	1506	0	-203	-0	-3.18	161.72	-0.59	2370.76	0	-32.53	4.26	-0	-0	-0	903	0	-403	-0	-0	-0	-0	300	0	-203	-0	0	0	0	300	0	200	0
565	-0	-0	-0	1506	0	-203	-0	-2.86	153.29	-0.11	2375.08	0	-33.53	103.29	0	0	0	903	0	-403	0	-0	-0	-0	300	0	-203	-0	-0	-0	-0	300	0	200	-0
566	-0	-0	-0	1506	0	-203	-0	-2.7	147.67	0.37	2373.4	0	-33.53	266.58	-0	-0	-0	903	0	-403	-0	-0	-0	-0	300	0	-203	-0	-0	-0	-0	300	0	200	-0
567	-0	-0	-0	1506	0	-203	-0	-2.86	140.49	0.05	2374.86	0	-31.1	132.92	-0	-0	-0	903	0	-403	-0	-0	-0	-0	300	0	-203	-0	-0	-0	-0	300	0	200	-0
568	-0	-0	-0	1506	0	-203	-0	-3.5	136.75	1.17	2367.28	0	-34.24	258.12	-0	-0	-0	903	0	-403	-0	-0	-0	-0	300	0	-203	-0	-0	-0	-0	300	0	200	-0
569	-0	-0	-0	1506	0	-203	-0	-2.86	129.57	1.96	2372.68	0	-34.14	296.65	-0	-0	-0	903	0	-403	-0	0	0	0	300	0	-203	0	-0	-0	-0	300	0	200	-0
570	-0	-0	-0	1506	0	-203	-0	-3.02	123.94	1.64	2379.55	0	-33.87	321.59	-0	-0	-0	903	0	-403	-0	-0	-0	-0	300	0	-203	-0	0	0	0	300	0	200	0
571	-0	-0	-0	1506	0	-203	-0	-2.38	118.32	1.64	2376.81	0	-30.26	64.22	-0	-0	-0	903	0	-403	-0	-0	-0	-0	300	0	-203	-0	-0	-0	-0	300	0	200	-0
572	-0	-0	-0	1506	0	-203	-0	-3.18	114.58	2.44	2372.13	0	-32.79	89.97	-0	-0	-0	903	0	-403	-0	-0	-0	-0	300	0	-203	-0	-0	-0	-0	300	0	200	-0
573	-0	-0	-0	1506	0	-203	-0	-2.06	109.9	3.4	2375.31	0	-35.03	87.36	-0	-0	-0	903	0	-403	-0	-0	-0	-0	300	0	-203	-0	0	0	0	300	0	200	0
574	-0	-0	-0	1506	0	-203	-0	-3.02	106.15	3.88	2376.04	0	-35.24	550.04	-0	-0	-0	903	0	-403	-0	-0	-0	-0	300	0	-203	-0	-0	-0	-0	300	0	200	-0
575	-0	-0	-0	1506	0	-203	-0	-3.34	99.59	3.4	2376.53	0	-30.06	156.6	-0	-0	-0	903	0	-403	-0	-0	-0	-0	300	0	-203	-0	-0	-0	-0	300	0	200	-0
576	-0	-0	-0	1506	0	-203	-0	-1.91	97.41	4.52	2369.75	0	-35.26	-89.44	-0	-0	-0	903	0	-403	-0	-0	-0	-0	300	0	-203	-0	-0	-0	-0	300	0	200	-0
577	-0	-0	-0	1506	0	-203	-0	-1.75	92.42	5	2378.54	0	-34.06	284.06	-0	-0	-0	903	0	-403	-0	-0	-0	-0	300	0	-203	-0	-0	-0	-0	300	0	200	-0
578	-0	-0	-0	1506	0	-203	-0	-3.03	91.48	5.48	2371.74	0	-34.13	585.18	-0	-0	-0	903	0	-403	-0	-0	-0	-0	300	0	-203	-0	-0	-0	-0	300	0	200	-0
579	-0	-0	-0	1506	0	-203	-0	-2.39	85.24	4.84	2370.82	0	-32.67	40.56	-0	-0	-0	903	0	-403	-0	-0	-0	-0	300	0	-203	-0	-0	-0	-0	300	0	200	-0
580	-0	-0	-0	1506	0	-203	-0	-2.39	83.37	6.11	2367.7	0	-38.02	265.94	-0	-0	-0	903	0	-403	-0	-0	-0	-0	300	0	-203	-0	-0	-0	-0	300	0	200	-0
581	-0	-0	-0	1506	0	-203	-0	-1.59	75.86	6.27	2388.86	0	-29.51	423.63	-0	-0	-0	903	0	-403	-0	-0	-0	-0	300	0	-203	-0	-0	-0	-0	300	0	200	-0
582	-0	-0	-0	1506	0	-203	-0	-2.55	74.93	5.15	2377.54	0	-33.57	202.13	-0	-0	-0	903	0	-403	-0	-0	-0	-0	300	0	-203	-0	-0	-0	-0	300	0	200	-0
583	-0	-0	-0	1506	0	-203	-0	-2.23	71.81	6.11	2366.79	0	-32.88	21.73	-0	-0	-0	903	0	-403	-0	-0	-0	-0	300	0	-203	-0	0	0	0	300	0	200	0
584	-0	-0	-0	1506	0	-203	-0	-1.91	69.94	6.75	2368.55	0	-40.77	205.04	-0	-0	-0	903	0	-403	-0	0	0	0	300	0	-203	0	0	0	0	300	0	200	0
585	-0	-0	-0	1506	0	-203	-0	-1.59	65.25	5.63	2376.9	0	-35.11	53.26	-0	-0	-0	903	0	-403	-0	-0	-0	-0	300	0	-203	-0	-0	-0	-0	300	0	200	-0
586	-0	-0	-0	1506	0	-203	-0	-1.91	61.19	5.95	2381.16	0	-26.76	118.7	-0	-0	-0	903	0	-403	-0	-0	-0	-0	300	0	-203	-0	-0	-0	-0	300	0	200	-0
587	-0	-0	-0	1506	0	-203	-0	-2.39	60.26	5.79	2367.34	0	-38.49	-203.58	-0	-0	-0	903	0	-403	-0	-0	-0	-0	300	0	-203	-0	0	0	0	300	0	200	0
588	-0	-0	-0	1506	0	-203	-0	-1.75	56.83	7.55	2375.82	0	-42.25	246.62	-0	-0	-0	903	0	-403	-0	-0	-0	-0	300	0	-203	-0	0	0	0	300	0	200	0
589	-0	-0	-0	1506	0	-203	-0	-1.75	53.08	6.75	2378.18	0	-35.85	169	-0	-0	-0	903	0	-403	-0	-0	-0	-0	300	0	-203	-0	-0	-0	-0	300	0	200	-0
590	-0	-0	-0	1506	0	-203	-0	-2.39	50.58	6.59	2368.61	0	-32.19	172.15	-0	-0	-0	903	0	-403	-0	-0	-0	-0	300	0	-203	-0	-0	-0	-0	300	0	200	-0
591	-0	-0	-0	1506	0	-203	-0	-2.23	46.21	7.07	2379.83	0	-36.64	108.69	-0	-0	-0	903	0	-403	-0	-0	-0	-0	300	0	-203	-0	-0	-0	-0	300	0	200	-0
592	-0	-0	-0	1506	0	-203	-0	-2.39	44.97	7.39	2376.05	0	-45.05	103.28	-0	-0	-0	903	0	-403	-0	-0	-0	-0	300	0	-203	-0	-0	-0	-0	300	0	200	-0
593	-0	-0	-0	1506	0	-203	-0	-2.23	41.84	7.55	2387.23	0	-47.42	416.65	-0	-0	-0	903	0	-403	-0	-0	-0	-0	300	0	-203	-0	-0	-0	-0	300	0	200	-0
594	-0	-0	-0	1506	0	-203	-0	-3.35	40.28	7.39	2370.28	0	-36.9	188.12	-0	-0	-0	903	0	-403	-0	-0	-0	-0	300	0	-203	-0	-0	-0	-0	300	0	200	-0
595	-0	-0	-0	1506	0	-203	-0	-2.55	34.97	7.23	2373.51	0	-36.56	-166.45	-0	-0	-0	903	0	-403	-0	-0	-0	-0	300	0	-203	-0	-0	-0	-0	300	0	200	-0
596	-0	-0	-0	1506	0	-203	-0	-3.19	33.41	8.51	2383.1	0	-46.06	290.54	-0	-0	-0	903	0	-403	-0	-0	-0	-0	300	0	-203	-0	-0	-0	-0	300	0	200	-0
597	-0	-0	-0	1506	0	-203	-0	-2.24	29.35	8.18	2394.92	0	-33.79	291.4	-0	-0	-0	903	0	-403	-0	-0	-0	-0	300	0	-203	-0	-0	-0	-0	300	0	200	-0
598	-0	-0	-0	1506	0	-203	-0	-3.51	29.67	8.66	2375.06	0	-33.54	364.85	-0	-0	-0	903	0	-403	-0	-0	-0	-0	300	0	-203	-0	0	0	0	300	0	200	0
599	-0	-0	-0	1506	0	-203	-0	-3.52	23.73	8.99	2386.31	0	-26.84	89.31	-0	-0	-0	903	0	-403	-0	-0	-0	-0	300	0	-203	-0	0	0	0	300	0	200	0
600	-0	-0	-0	1506	0	-203	-0	-3.04	25.3	9.46	2372.52	0	-59.13	10.99	-0	-0	-0	903	0	-403	-0	-0	-0	-0	300	0	-203	-0	-0	-0	-0	300	0	200	-0
601	-0	-0	-0	1506	0	-203	-0	-3.36	21.24	9.47	2383.95	0	-40.4	138.84	-0	-0	-0	903	0	-403	-0	-0	-0	-0	300	0	-203	-0	-0	-0	-0	300	0	200	-0
602	-0	-0	-0	1506	0	-203	-0	-0	-0	-0	2109	0	-203	-0	-0	-0	-0	903	0	-403	-0	-0	-0	-0	300	0	-203	-0	-0	-0	-0	300	0	200	-0
603	-0	-0	-0	1506	0	-203	-0	-4	15.3	10.27	2402.84	0	-26.25	259.52	-0	-0	-0	903	0	-403	-0	-0	-0	-0	300	0	-203	-0	-0	-0	-0	300	0	200	-0
604	-0	-0	-0	1506	0	-203	-0	-4.16	15.62	11.55	2376.38	0	-57.18	18.05	-0	-0	-0	903	0	-403	-0	-0	-0	-0	300	0	-203	-0	-0	-0	-0	300	0	200	-0
605	-0	-0	-0	1506	0	-203	-0	-0	-0	-0	2109	0	-203	-0	-0	-0	-0	903	0	-403	-0	-0	-0	-0	300	0	-203	-0	-0	-0	-0	300	0	200	-0
606	-0	-0	-0	1506	0	-203	-0	-0	-0	-0	2109	0	-203	-0	-0	-0	-0	903	0	-403	-0	0	0	0	300	0	-203	0	-0	-0	-0	300	0	200	-0
607	-0	-0	-0	1506	0	-203	-0	-0	-0	-0	2109	0	-203	-0	-0	-0	-0	903	0	-403	-0	-0	-0	-0	300	0	-203	-0	-0	-0	-0	300	0	200	-0
608	-0	-0	-0	1506	0	-203	-0	-0	-0	-0	2109	0	-203	-0	-0	-0	-0	903	0	-403	-0	-0	-0	-0	300	0	-203	-0	-0	-0	-0	300	0	200	-0
609	-0	-0	-0	1506	0	-203	-0	-0	-0	-0	2109	0	-203	-0	0	0	0	903	0	-403	0	-0	-0	-0	300	0	-203	-0	-0	-0	-0	300	0	200	-0
610	-0	-0	-0	1506	0	-203	-0	-0	-0	-0	2109	0	-203	-0	-0	-0	-0	903	0	-403	-0	-0	-0	-0	300	0	-203	-0	-0	-0	-0	300	0	200	-0
611	-0	-0	-0	1506	0	-203	-0	-0	-0	-0	2109	0	-203	-0	-0	-0	-0	903	0	-403	-0	-0	-0	-0	300	0	-203	-0	-0	-0	-0	300	0	200	-0
612	-0	-0	-0	1506	0	-203	-0	-0	-0	-0	2109	0	-203	-0	-0	-0	-0	903	0	-403	-0	-0	-0	-0	300	0	-203	-0	-0	-0	-0	300	0	200	-0
613	-0	-0	-0	1506	0	-203	-0	-0	-0	-0	2109	0	-203	-0	-0	-0	-0	903	0	-403	-0	-0	-0	-0	300	0	-203	-0	-0	-0	-0	300	0	200	-0
614	-0	-0	-0	1506	0	-203	-0	-0	-0	-0	2109	0	-203	-0	-0	-0	-0	903	0	-403	-0	-0	-0	-0	300	0	-203	-0	-0	-0	-0	300	0	200	-0
615	-0	-0	-0	1506	0	-203	-0	-0	-0	-0	2109	0	-203	-0	-0	-0	-0	903	0	-403	-0	-0	-0	-0	300	0	-203	-0	-0	-0	-0	300	0	200	-0
616	-0	-0	-0	1506	0	-203	-0	-0	-0	-0	2109	0	-203	-0	-0	-0	-0	903	0	-403	-0	-0	-0	-0	300	0	-203	-0	-0	-0	-0	300	0	200	-0
617	-0	-0	-0	1506	0	-203	-0	-0	-0	-0	2109	0	-203	-0	-0	-0	-0	903	0	-403	-0	-0	-0	-0	300	0	-203	-0	-0	-0	-0	300	0	200	-0
618	-0	-0	-0	1506	0	-203	-0	-0	-0	-0	2109	0	-203	-0	-0	-0	-0	903	0	-403	-0	-0	-0	-0	300	0	-203	-0	-0	-0	-0	300	0	200	-0
619	-0	-0	-0	1506	0	-203	-0	-0	-0	-0	2109	0	-203	-0	-0	-0	-0	903	0	-403	-0	-0	-0	-0	300	0	-203	-0	-0	-0	-0	300	0	200	-0
620	-0	-0	-0	1506	0	-203	-0	-0	-0	-0	2109	0	-203	-0	-0	-0	-0	903	0	-403	-0	-0	-0	-0	300	0	-203	-0	-0	-0	-0	300	0	200	-0
621	-0	-0	-0	1506	0	-203	-0	-0	-0	-0	2109	0	-203	-0	-0	-0	-0	903	0	-403	-0	-0	-0	-0	300	0	-203	-0	0	0	0	300	0	200	0
622	-0	-0	-0	1506	0	-203	-0	-0	-0	-0	2109	0	-203	-0	-0	-0	-0	903	0	-403	-0	-0	-0	-0	300	0	-203	-0	-0	-0	-0	300	0	200	-0
623	-0	-0	-0	1506	0	-203	-0	-0	-0	-0	2109	0	-203	-0	-0	-0	-0	903	0	-403	-0	-0	-0	-0	300	0	-203	-0	-0	-0	-0	300	0	200	-0
624	-0	-0	-0	1506	0	-203	-0	-0	-0	-0	2109	0	-203	-0	-0	-0	-0	903	0	-403	-0	-0	-0	-0	300	0	-203	-0	-0	-0	-0	300	0	200	-0
625	-0	-0	-0	1506	0	-203	-0	-0	-0	-0	2109	0	-203	-0	-0	-0	-0	903	0	-403	-0	-0	-0	-0	300	0	-203	-0	-0	-0	-0	300	0	200	-0
626	-0	-0	-0	1506	0	-203	-0	-0	-0	-0	2109	0	-203	-0	-0	-0	-0	903	0	-403	-0	0	0	0	300	0	-203	0	0	0	0	300	0	200	0
627	-0	-0	-0	1506	0	-203	-0	-0	-0	-0	2109	0	-203	-0	-0	-0	-0	903	0	-403	-0	-0	-0	-0	300	0	-203	-0	-0	-0	-0	300	0	200	-0
628	-0	-0	-0	1506	0	-203	-0	-0	-0	-0	2109	0	-203	-0	-0	-0	-0	903	0	-403	-0	-0	-0	-0	300	0	-203	-0	-0	-0	-0	300	0	200	-0
629	-0	-0	-0	1506	0	-203	-0	-0	-0	-0	2109	0	-203	-0	-0	-0	-0	903	0	-403	-0	-0	-0	-0	300	0	-203	-0	-0	-0	-0	300	0	200	-0
630	-0	-0	-0	1506	0	-203	-0	-0	-0	-0	2109	0	-203	-0	-0	-0	-0	903	0	-403	-0	-0	-0	-0	300	0	-203	-0	-0	-0	-0	300	0	200	-0
631	-0	-0	-0	1506	0	-203	-0	-0	-0	-0	2109	0	-203	-0	-0	-0	-0	903	0	-403	-0	-0	-0	-0	300	0	-203	-0	-0	-0	-0	300	0	200	-0
632	-0	-0	-0	1506	0	-203	-0	-0	-0	-0	2109	0	-203	-0	-0	-0	-0	903	0	-403	-0	-0	-0	-0	300	0	-203	-0	-0	-0	-0	300	0	200	-0
633	-0	-0	-0	1506	0	-203	-0	-0	-0	-0	2109	0	-203	-0	-0	-0	-0	903	0	-403	-0	-0	-0	-0	300	0	-203	-0	-0	-0	-0	300	0	200	-0
634	-0	-0	-0	1506	0	-203	-0	-0	-0	-0	2109	0	-203	-0	-0	-0	-0	903	0	-403	-0	-0	-0	-0	300	0	-203	-0	0	0	0	300	0	200	0
635	-0	-0	-0	1506	0	-203	-0	-0	-0	-0	2109	0	-203	-0	-0	-0	-0	903	0	-403	-0	0	0	0	300	0	-203	0	-0	-0	-0	300	0	200	-0
636	-0	-0	-0	1506	0	-203	-0	-0	-0	-0	2109	0	-203	-0	-0	-0	-0	903	0	-403	-0	-0	-0	-0	300	0	-203	-0	-0	-0	-0	300	0	200	-0
637	-0	-0	-0	1506	0	-203	-0	-0	-0	-0	2109	0	-203	-0	-0	-0	-0	903	0	-403	-0	-0	-0	-0	300	0	-203	-0	0	0	0	300	0	200	0
638	-0	-0	-0	1506	0	-203	-0	-0	-0	-0	2109	0	-203	-0	-0	-0	-0	903	0	-403	-0	-0	-0	-0	300	0	-203	-0	0	0	0	300	0	200	0
639	-0	-0	-0	1506	0	-203	-0	-0	-0	-0	2109	0	-203	-0	-0	-0	-0	903	0	-403	-0	-0	-0	-0	300	0	-203	-0	-0	-0	-0	300	0	200	-0
640	-0	-0	-0	1506	0	-203	-0	-0	-0	-0	2109	0	-203	-0	-0	-0	-0	903	0	-403	-0	-0	-0	-0	300	0	-203	-0	-0	-0	-0	300	0	200	-0
641	-0	-0	-0	1506	0	-203	-0	-0	-0	-0	2109	0	-203	-0	-0	-0	-0	903	0	-403	-0	-0	-0	-0	300	0	-203	-0	0	0	0	300	0	200	0
642	-0	-0	-0	1506	0	-203	-0	-0	-0	-0	2109	0	-203	-0	-0	-0	-0	903	0	-403	-0	-0	-0	-0	300	0	-203	-0	-0	-0	-0	300	0	200	-0
643	-0	-0	-0	1506	0	-203	-0	-0	-0	-0	2109	0	-203	-0	-0	-0	-0	903	0	-403	-0	-0	-0	-0	300	0	-203	-0	-0	-0	-0	300	0	200	-0
644	-0	-0	-0	1506	0	-203	-0	-0	-0	-0	2109	0	-203	-0	-0	-0	-0	903	0	-403	-0	0	0	0	300	0	-203	0	-0	-0	-0	300	0	200	-0
645	-0	-0	-0	1506	0	-203	-0	-0	-0	-0	2109	0	-203	-0	-0	-0	-0	903	0	-403	-0	-0	-0	-0	300	0	-203	-0	-0	-0	-0	300	0	200	-0
646	-0	-0	-0	1506	0	-203	-0	-0	-0	-0	2109	0	-203	-0	-0	-0	-0	903	0	-403	-0	-0	-0	-0	300	0	-203	-0	-0	-0	-0	300	0	200	-0
647	-0	-0	-0	1506	0	-203	-0	-0	-0	-0	2109	0	-203	-0	-0	-0	-0	903	0	-403	-0	-0	-0	-0	300	0	-203	-0	-0	-0	-0	300	0	200	-0
648	-0	-0	-0	1506	0	-203	-0	-0	-0	-0	2109	0	-203	-0	-0	-0	-0	903	0	-403	-0	-0	-0	-0	300	0	-203	-0	-0	-0	-0	300	0	200	-0
649	-0	-0	-0	1506	0	-203	-0	-0	-0	-0	2109	0	-203	-0	-0	-0	-0	903	0	-403	-0	-0	-0	-0	300	0	-203	-0	-0	-0	-0	300	0	200	-0
650	-0	-0	-0	1506	0	-203	-0	-0	-0	-0	2109	0	-203	-0	0	0	0	903	0	-403	0	-0	-0	-0	300	0	-203	-0	-0	-0	-0	300	0	200	-0
651	-0	-0	-0	1506	0	-203	-0	-0	-0	-0	2109	0	-203	-0	-0	-0	-0	903	0	-403	-0	-0	-0	-0	300	0	-203	-0	-0	-0	-0	300	0	200	-0
652	-0	-0	-0	1506	0	-203	-0	-0	-0	-0	2109	0	-203	-0	-0	-0	-0	903	0	-403	-0	-0	-0	-0	300	0	-203	-0	-0	-0	-0	300	0	200	-0
653	-0	-0	-0	1506	0	-203	-0	-0	-0	-0	2109	0	-203	-0	-0	-0	-0	903	0	-403	-0	-0	-0	-0	300	0	-203	-0	-0	-0	-0	300	0	200	-0
654	-0	-0	-0	1506	0	-203	-0	-0	-0	-0	2109	0	-203	-0	-0	-0	-0	903	0	-403	-0	-0	-0	-0	300	0	-203	-0	-0	-0	-0	300	0	200	-0
655	-0	-0	-0	1506	0	-203	-0	-0	-0	-0	2109	0	-203	-0	-0	-0	-0	903	0	-403	-0	-0	-0	-0	300	0	-203	-0	-0	-0	-0	300	0	200	-0
656	-0	-0	-0	1506	0	-203	-0	-0	-0	-0	2109	0	-203	-0	-0	-0	-0	903	0	-403	-0	-0	-0	-0	300	0	-203	-0	-0	-0	-0	300	0	200	-0
657	-0	-0	-0	1506	0	-203	-0	-0	-0	-0	2109	0	-203	-0	-0	-0	-0	903	0	-403	-0	-0	-0	-0	300	0	-203	-0	-0	-0	-0	300	0	200	-0
658	-0	-0	-0	1506	0	-203	-0	-0	-0	-0	2109	0	-203	-0	-0	-0	-0	903	0	-403	-0	-0	-0	-0	300	0	-203	-0	-0	-0	-0	300	0	200	-0
659	-0	-0	-0	1506	0	-203	-0	-0	-0	-0	2109	0	-203	-0	-0	-0	-0	903	0	-403	-0	-0	-0	-0	300	0	-203	-0	-0	-0	-0	300	0	200	-0
660	-0	-0	-0	1506	0	-203	-0	-0	-0	-0	2109	0	-203	-0	-0	-0	-0	903	0	-403	-0	-0	-0	-0	300	0	-203	-0	-0	-0	-0	300	0	200	-0
661	-0	-0	-0	1506	0	-203	-0	-0	-0	-0	2109	0	-203	-0	-0	-0	-0	903	0	-403	-0	0	0	0	300	0	-203	0	-0	-0	-0	300	0	200	-0
662	-0	-0	-0	1506	0	-203	-0	-0	-0	-0	2109	0	-203	-0	-0	-0	-0	903	0	-403	-0	-0	-0	-0	300	0	-203	-0	0	0	0	300	0	200	0
663	-0	-0	-0	1506	0	-203	-0	-0	-0	-0	2109	0	-203	-0	-0	-0	-0	903	0	-403	-0	-0	-0	-0	300	0	-203	-0	0	0	0	300	0	200	0
664	-0	-0	-0	1506	0	-203	-0	-0	-0	-0	2109	0	-203	-0	-0	-0	-0	903	0	-403	-0	-0	-0	-0	300	0	-203	-0	-0	-0	-0	300	0	200	-0
665	-0	-0	-0	1506	0	-203	-0	-0	-0	-0	2109	0	-203	-0	-0	-0	-0	903	0	-403	-0	-0	-0	-0	300	0	-203	-0	-0	-0	-0	300	0	200	-0
666	-0	-0	-0	1506	0	-203	-0	-0	-0	-0	2109	0	-203	-0	-0	-0	-0	903	0	-403	-0	-0	-0	-0	300	0	-203	-0	-0	-0	-0	300	0	200	-0
667	-0	-0	-0	1506	0	-203	-0	-0	-0	-0	2109	0	-203	-0	-0	-0	-0	903	0	-403	-0	0	0	0	300	0	-203	0	-0	-0	-0	300	0	200	-0
668	-0	-0	-0	1506	0	-203	-0	-0	-0	-0	2109	0	-203	-0	0	0	0	903	0	-403	0	-0	-0	-0	300	0	-203	-0	-0	-0	-0	300	0	200	-0
669	-0	-0	-0	1506	0	-203	-0	-0	-0	-0	2109	0	-203	-0	-0	-0	-0	903	0	-403	-0	-0	-0	-0	300	0	-203	-0	0	0	0	300	0	200	0
670	-0	-0	-0	1506	0	-203	-0	-0	-0	-0	2109	0	-203	-0	-0	-0	-0	903	0	-403	-0	-0	-0	-0	300	0	-203	-0	-0	-0	-0	300	0	200	-0
671	-0	-0	-0	1506	0	-203	-0	-0	-0	-0	2109	0	-203	-0	-0	-0	-0	903	0	-403	-0	-0	-0	-0	300	0	-203	-0	-0	-0	-0	300	0	200	-0
672	-0	-0	-0	1506	0	-203	-0	-0	-0	-0	2109	0	-203	-0	-0	-0	-0	903	0	-403	-0	-0	-0	-0	300	0	-203	-0	-0	-0	-0	300	0	200	-0
673	-0	-0	-0	1506	0	-203	-0	-0	-0	-0	2109	0	-203	-0	-0	-0	-0	903	0	-403	-0	-0	-0	-0	300	0	-203	-0	-0	-0	-0	300	0	200	-0
674	-0	-0	-0	1506	0	-203	-0	-0	-0	-0	2109	0	-203	-0	-0	-0	-0	903	0	-403	-0	0	0	0	300	0	-203	0	-0	-0	-0	300	0	200	-0
675	-0	-0	-0	1506	0	-203	-0	-0	-0	-0	2109	0	-203	-0	-0	-0	-0	903	0	-403	-0	-0	-0	-0	300	0	-203	-0	-0	-0	-0	300	0	200	-0
676	-0	-0	-0	1506	0	-203	-0	-0	-0	-0	2109	0	-203	-0	0	0	0	903	0	-403	0	-0	-0	-0	300	0	-203	-0	-0	-0	-0	300	0	200	-0
677	-0	-0	-0	1506	0	-203	-0	-0	-0	-0	2109	0	-203	-0	-0	-0	-0	903	0	-403	-0	-0	-0	-0	300	0	-203	-0	-0	-0	-0	300	0	200	-0
678	-0	-0	-0	1506	0	-203	-0	-0	-0	-0	2109	0	-203	-0	-0	-0	-0	903	0	-403	-0	-0	-0	-0	300	0	-203	-0	-0	-0	-0	300	0	200	-0
679	-0	-0	-0	1506	0	-203	-0	-0	-0	-0	2109	0	-203	-0	-0	-0	-0	903	0	-403	-0	-0	-0	-0	300	0	-203	-0	-0	-0	-0	300	0	200	-0
680	-0	-0	-0	1506	0	-203	-0	-0	-0	-0	2109	0	-203	-0	-0	-0	-0	903	0	-403	-0	-0	-0	-0	300	0	-203	-0	-0	-0	-0	300	0	200	-0
681	-0	-0	-0	1506	0	-203	-0	-0	-0	-0	2109	0	-203	-0	-0	-0	-0	903	0	-403	-0	0	0	0	300	0	-203	0	-0	-0	-0	300	0	200	-0
682	-0	-0	-0	1506	0	-203	-0	-0	-0	-0	2109	0	-203	-0	-0	-0	-0	903	0	-403	-0	0	0	0	300	0	-203	0	0	0	0	300	0	200	0
683	-0	-0	-0	1506	0	-203	-0	-0	-0	-0	2109	0	-203	-0	-0	-0	-0	903	0	-403	-0	-0	-0	-0	300	0	-203	-0	0	0	0	300	0	200	0
684	-0	-0	-0	1506	0	-203	-0	-0	-0	-0	2109	0	-203	-0	-0	-0	-0	903	0	-403	-0	-0	-0	-0	300	0	-203	-0	-0	-0	-0	300	0	200	-0
685	-0	-0	-0	1506	0	-203	-0	-0	-0	-0	2109	0	-203	-0	-0	-0	-0	903	0	-403	-0	-0	-0	-0	300	0	-203	-0	0	0	0	300	0	200	0
686	-0	-0	-0	1506	0	-203	-0	-0	-0	-0	2109	0	-203	-0	-0	-0	-0	903	0	-403	-0	-0	-0	-0	300	0	-203	-0	0	0	0	300	0	200	0
687	-0	-0	-0	1506	0	-203	-0	-0	-0	-0	2109	0	-203	-0	-0	-0	-0	903	0	-403	-0	-0	-0	-0	300	0	-203	-0	0	0	0	300	0	200	0
688	-0	-0	-0	1506	0	-203	-0	-0	-0	-0	2109	0	-203	-0	-0	-0	-0	903	0	-403	-0	0	0	0	300	0	-203	0	-0	-0	-0	300	0	200	-0
689	-0	-0	-0	1506	0	-203	-0	-0	-0	-0	2109	0	-203	-0	-0	-0	-0	903	0	-403	-0	-0	-0	-0	300	0	-203	-0	0	0	0	300	0	200	0
690	-0	-0	-0	1506	0	-203	-0	-0	-0	-0	2109	0	-203	-0	-0	-0	-0	903	0	-403	-0	-0	-0	-0	300	0	-203	-0	-0	-0	-0	300	0	200	-0
691	-0	-0	-0	1506	0	-203	-0	-0	-0	-0	2109	0	-203	-0	-0	-0	-0	903	0	-403	-0	0	0	0	300	0	-203	0	-0	-0	-0	300	0	200	-0
692	-0	-0	-0	1506	0	-203	-0	-0	-0	-0	2109	0	-203	-0	-0	-0	-0	903	0	-403	-0	-0	-0	-0	300	0	-203	-0	-0	-0	-0	300	0	200	-0
693	-0	-0	-0	1506	0	-203	-0	-0	-0	-0	2109	0	-203	-0	-0	-0	-0	903	0	-403	-0	-0	-0	-0	300	0	-203	-0	0	0	0	300	0	200	0
694	-0	-0	-0	1506	0	-203	-0	-0	-0	-0	2109	0	-203	-0	-0	-0	-0	903	0	-403	-0	-0	-0	-0	300	0	-203	-0	-0	-0	-0	300	0	200	-0
695	-0	-0	-0	1506	0	-203	-0	-0	-0	-0	2109	0	-203	-0	-0	-0	-0	903	0	-403	-0	-0	-0	-0	300	0	-203	-0	-0	-0	-0	300	0	200	-0
696	-0	-0	-0	1506	0	-203	-0	-0	-0	-0	2109	0	-203	-0	-0	-0	-0	903	0	-403	-0	-0	-0	-0	300	0	-203	-0	0	0	0	300	0	200	0
697	-0	-0	-0	1506	0	-203	-0	-0	-0	-0	2109	0	-203	-0	-0	-0	-0	903	0	-403	-0	-0	-0	-0	300	0	-203	-0	-0	-0	-0	300	0	200	-0
698	-0	-0	-0	1506	0	-203	-0	-0	-0	-0	2109	0	-203	-0	-0	-0	-0	903	0	-403	-0	-0	-0	-0	300	0	-203	-0	-0	-0	-0	300	0	200	-0
