Time	Fx1	Fy1	Fz1	COPx1	COPy1	COPz1	Ty1	Fx2	Fy2	Fz2	COPx2	COPy2	COPz2	Ty2	Fx3	Fy3	Fz3	COPx3	COPy3	COPz3	Ty3	Fx4	Fy4	Fz4	COPx4	COPy4	COPz4	Ty4	Fx5	Fy5	Fz5	COPx5	COPy5	COPz5	Ty5
1	0	0	0	1506	0	-203	0	0	0	0	2109	0	-203	0	0	0	0	903	0	-403	0	0	0	0	300	0	-203	0	0	0	0	300	0	200	0
2	-0	-0	-0	1506	0	-203	-0	-0	-0	-0	2109	0	-203	-0	-0	-0	-0	903	0	-403	-0	-0	-0	-0	300	0	-203	-0	-0	-0	-0	300	0	200	-0
3	-0	-0	-0	1506	0	-203	-0	-0	-0	-0	2109	0	-203	-0	-0	-0	-0	903	0	-403	-0	-0	-0	-0	300	0	-203	-0	-0	-0	-0	300	0	200	-0
4	-0	-0	-0	1506	0	-203	-0	-0	-0	-0	2109	0	-203	-0	-0	-0	-0	903	0	-403	-0	-0	-0	-0	300	0	-203	-0	-0	-0	-0	300	0	200	-0
5	-0	-0	-0	1506	0	-203	-0	-0	-0	-0	2109	0	-203	-0	-0	-0	-0	903	0	-403	-0	-0	-0	-0	300	0	-203	-0	-0	-0	-0	300	0	200	-0
6	-0	-0	-0	1506	0	-203	-0	-0	-0	-0	2109	0	-203	-0	-0	-0	-0	903	0	-403	-0	-0	-0	-0	300	0	-203	-0	-0	-0	-0	300	0	200	-0
7	-0	-0	-0	1506	0	-203	-0	-0	-0	-0	2109	0	-203	-0	-0	-0	-0	903	0	-403	-0	-0	-0	-0	300	0	-203	-0	-0	-0	-0	300	0	200	-0
8	-0	-0	-0	1506	0	-203	-0	-0	-0	-0	2109	0	-203	-0	0	0	0	903	0	-403	0	-0	-0	-0	300	0	-203	-0	-0	-0	-0	300	0	200	-0
9	-0	-0	-0	1506	0	-203	-0	-0	-0	-0	2109	0	-203	-0	0	0	0	903	0	-403	0	-0	-0	-0	300	0	-203	-0	-0	-0	-0	300	0	200	-0
10	-0	-0	-0	1506	0	-203	-0	-0	-0	-0	2109	0	-203	-0	-0	-0	-0	903	0	-403	-0	-0	-0	-0	300	0	-203	-0	-0	-0	-0	300	0	200	-0
11	-0	-0	-0	1506	0	-203	-0	-0	-0	-0	2109	0	-203	-0	-0	-0	-0	903	0	-403	-0	-0	-0	-0	300	0	-203	-0	-0	-0	-0	300	0	200	-0
12	-0	-0	-0	1506	0	-203	-0	-0	-0	-0	2109	0	-203	-0	-0	-0	-0	903	0	-403	-0	-0	-0	-0	300	0	-203	-0	-0	-0	-0	300	0	200	-0
13	-0	-0	-0	1506	0	-203	-0	-0	-0	-0	2109	0	-203	-0	-0	-0	-0	903	0	-403	-0	-0	-0	-0	300	0	-203	-0	-0	-0	-0	300	0	200	-0
14	-0	-0	-0	1506	0	-203	-0	-0	-0	-0	2109	0	-203	-0	-0	-0	-0	903	0	-403	-0	-0	-0	-0	300	0	-203	-0	-0	-0	-0	300	0	200	-0
15	-0	-0	-0	1506	0	-203	-0	-0	-0	-0	2109	0	-203	-0	-0	-0	-0	903	0	-403	-0	-0	-0	-0	300	0	-203	-0	-0	-0	-0	300	0	200	-0
16	-0	-0	-0	1506	0	-203	-0	-0	-0	-0	2109	0	-203	-0	-0	-0	-0	903	0	-403	-0	0	0	0	300	0	-203	0	-0	-0	-0	300	0	200	-0
17	-0	-0	-0	1506	0	-203	-0	-0	-0	-0	2109	0	-203	-0	-0	-0	-0	903	0	-403	-0	-0	-0	-0	300	0	-203	-0	-0	-0	-0	300	0	200	-0
18	-0	-0	-0	1506	0	-203	-0	-0	-0	-0	2109	0	-203	-0	-0	-0	-0	903	0	-403	-0	-0	-0	-0	300	0	-203	-0	-0	-0	-0	300	0	200	-0
19	-0	-0	-0	1506	0	-203	-0	-0	-0	-0	2109	0	-203	-0	-0	-0	-0	903	0	-403	-0	-0	-0	-0	300	0	-203	-0	-0	-0	-0	300	0	200	-0
20	-0	-0	-0	1506	0	-203	-0	-0	-0	-0	2109	0	-203	-0	-0	-0	-0	903	0	-403	-0	-0	-0	-0	300	0	-203	-0	-0	-0	-0	300	0	200	-0
21	-0	-0	-0	1506	0	-203	-0	-0	-0	-0	2109	0	-203	-0	-0	-0	-0	903	0	-403	-0	-0	-0	-0	300	0	-203	-0	-0	-0	-0	300	0	200	-0
22	-0	-0	-0	1506	0	-203	-0	-0	-0	-0	2109	0	-203	-0	-0	-0	-0	903	0	-403	-0	-0	-0	-0	300	0	-203	-0	-0	-0	-0	300	0	200	-0
23	-0	-0	-0	1506	0	-203	-0	-0	-0	-0	2109	0	-203	-0	-0	-0	-0	903	0	-403	-0	-0	-0	-0	300	0	-203	-0	-3.17	31.26	-0	76.82	0	5.78	-768.2
24	-0	-0	-0	1506	0	-203	-0	-0	-0	-0	2109	0	-203	-0	-0	-0	-0	903	0	-403	-0	-0	-0	-0	300	0	-203	-0	-4.07	36.62	-1.58	81.9	0	12	-601.22
25	-0	-0	-0	1506	0	-203	-0	-0	-0	-0	2109	0	-203	-0	-0	-0	-0	903	0	-403	-0	-2.24	31.77	0.07	94.19	0	-17.6	-140.02	-4.52	39.83	-2.26	79.41	0	6.93	-501.71
26	-0	-0	-0	1506	0	-203	-0	-0	-0	-0	2109	0	-203	-0	-0	-0	-0	903	0	-403	-0	-3.05	43.71	-0.34	97.75	0	-16.52	-116.88	-5.2	43.94	-2.94	82.8	0	10.83	-397.29
27	-0	-0	-0	1506	0	-203	-0	-0	-0	-0	2109	0	-203	-0	-0	-0	-0	903	0	-403	-0	-3.94	54.03	-0.48	101.14	0	-21.75	-128.1	-6.56	47.69	-3.17	84.78	0	12.02	-411.59
28	-0	-0	-0	1506	0	-203	-0	-0	-0	-0	2109	0	-203	-0	-0	-0	-0	903	0	-403	-0	-5.36	61.9	0.61	96.13	0	-17.18	-153.9	-6.56	49.3	-2.94	87.55	0	11.78	-338.56
29	-0	-0	-0	1506	0	-203	-0	-0	-0	-0	2109	0	-203	-0	-0	-0	-0	903	0	-403	-0	-6.31	70.86	1.29	98.16	0	-19.07	-187.07	-7.47	49.66	-2.04	86.35	0	10.9	-528.56
30	-0	-0	-0	1506	0	-203	-0	-0	-0	-0	2109	0	-203	-0	-0	-0	-0	903	0	-403	-0	-6.65	76.83	1.7	96.08	0	-17.57	-69.39	-7.01	50.37	-2.26	90.11	0	13.83	-236.11
31	-0	-0	-0	1506	0	-203	-0	-0	-0	-0	2109	0	-203	-0	-0	-0	-0	903	0	-403	-0	-6.38	84.71	2.51	100.54	0	-19.66	-101.79	-7.24	50.37	-1.36	88.65	0	12.48	-439.28
32	-0	-0	-0	1506	0	-203	-0	-0	-0	-0	2109	0	-203	-0	-0	-0	-0	903	0	-403	-0	-6.38	92.85	2.85	101.11	0	-21.34	-169.93	-7.01	51.44	-0.9	93.65	0	15.19	-413.36
33	-0	-0	-0	1506	0	-203	-0	-0	-0	-0	2109	0	-203	-0	-0	-0	-0	903	0	-403	-0	-6.31	97.47	2.71	102.32	0	-22.16	-281.27	-7.24	50.55	-1.58	86.59	0	8.64	-476.38
34	-0	-0	-0	1506	0	-203	-0	-0	-0	-0	2109	0	-203	-0	-0	-0	-0	903	0	-403	-0	-6.38	101.27	2.65	101.16	0	-22.14	-275.75	-7.01	51.62	-1.36	89.59	0	9.99	-564.34
35	-0	-0	-0	1506	0	-203	-0	-0	-0	-0	2109	0	-203	-0	-0	-0	-0	903	0	-403	-0	-6.38	107.51	2.44	104.63	0	-24.82	-304.22	-7.24	51.8	-2.26	90.2	0	9.81	-432.49
36	-0	-0	-0	1506	0	-203	-0	-0	-0	-0	2109	0	-203	-0	-0	-0	-0	903	0	-403	-0	-6.04	107.78	2.65	100.38	0	-21.17	-312.66	-6.56	51.62	-2.26	86.61	0	11.06	-416.38
37	-0	-0	-0	1506	0	-203	-0	-0	-0	-0	2109	0	-203	-0	0	0	0	903	0	-403	0	-5.7	110.5	2.71	102.42	0	-22.52	-267.67	-5.66	52.51	-1.81	93.29	0	12.05	-363.55
38	-0	-0	-0	1506	0	-203	-0	-0	-0	-0	2109	0	-203	-0	-0	-0	-0	903	0	-403	-0	-5.02	111.59	3.26	102.36	0	-23.04	-357.17	-5.66	52.51	-1.81	92.35	0	12.16	-393.51
39	-0	-0	-0	1506	0	-203	-0	-0	-0	-0	2109	0	-203	-0	0	0	0	903	0	-403	0	-4.62	111.86	2.78	102.1	0	-22.86	-238.19	-5.43	51.8	-1.81	85.56	0	8.74	-493.08
40	-0	-0	-0	1506	0	-203	-0	-0	-0	-0	2109	0	-203	-0	-0	-0	-0	903	0	-403	-0	-3.73	111.59	2.71	101.87	0	-22.79	-239.28	-4.52	51.08	-1.58	83.41	0	3.42	-527.12
41	-0	-0	-0	1506	0	-203	-0	-0	-0	-0	2109	0	-203	-0	-0	-0	-0	903	0	-403	-0	-2.92	111.31	2.44	103.74	0	-23.96	-224.23	-4.3	52.51	-2.49	89.89	0	9.35	-408.69
42	-0	-0	-0	1506	0	-203	-0	-0	-0	-0	2109	0	-203	-0	0	0	0	903	0	-403	0	-2.1	109.96	2.44	102.82	0	-24.64	-290.97	-3.62	53.23	-3.39	89.12	0	10.06	-200.35
43	-0	-0	-0	1506	0	-203	-0	-0	-0	-0	2109	0	-203	-0	0	0	0	903	0	-403	0	-1.09	109.69	2.38	104.85	0	-25.83	-326.36	-3.17	52.87	-3.17	86.76	0	8.43	-276.19
44	-0	-0	-0	1506	0	-203	-0	-0	-0	-0	2109	0	-203	-0	-0	-0	-0	903	0	-403	-0	-0.27	106.43	2.38	101.72	0	-23	-344.58	-2.71	53.94	-3.17	91.23	0	11.32	-335.86
45	-0	-0	-0	1506	0	-203	-0	-0	-0	-0	2109	0	-203	-0	-0	-0	-0	903	0	-403	-0	0.34	104.26	2.38	100.5	0	-24.01	-324.35	-2.49	53.76	-3.17	87.44	0	10.12	-415.62
46	-0	-0	-0	1506	0	-203	-0	-0	-0	-0	2109	0	-203	-0	-0	-0	-0	903	0	-403	-0	0.68	103.17	2.17	102.15	0	-24.67	-243.91	-2.49	54.84	-3.39	90.7	0	13.83	-513.73
47	-0	-0	-0	1506	0	-203	-0	-0	-0	-0	2109	0	-203	-0	-0	-0	-0	903	0	-403	-0	1.49	100.73	1.83	100.77	0	-23.35	-190.31	-1.13	54.12	-3.62	87.71	0	10.35	-377.01
48	-0	-0	-0	1506	0	-203	-0	-0	-0	-0	2109	0	-203	-0	-0	-0	-0	903	0	-403	-0	2.24	98.01	1.9	99.33	0	-20.91	-239.29	-0.9	54.3	-3.62	89.54	0	12.45	-425.04
49	-0	-0	-0	1506	0	-203	-0	-0	-0	-0	2109	0	-203	-0	-0	-0	-0	903	0	-403	-0	3.19	96.92	2.04	99.36	0	-23.28	-347.46	-0.45	54.84	-3.62	89.58	0	12.82	-499.6
50	-0	-0	-0	1506	0	-203	-0	-0	-0	-0	2109	0	-203	-0	-0	-0	-0	903	0	-403	-0	3.46	93.94	1.56	97.53	0	-21.09	-237.23	-0	54.48	-4.3	83.45	0	9.78	-379.35
51	-0	-0	-0	1506	0	-203	-0	-0	-0	-0	2109	0	-203	-0	-0	-0	-0	903	0	-403	-0	4.34	93.67	1.43	100.19	0	-22.48	-315.63	-0.23	55.19	-4.07	84.13	0	11.02	-566.55
52	-0	-0	-0	1506	0	-203	-0	-0	-0	-0	2109	0	-203	-0	-0	-0	-0	903	0	-403	-0	4.41	92.04	1.22	97.7	0	-21.53	-246.15	0.45	55.55	-4.52	80.98	0	10.35	-483.33
53	-0	-0	-0	1506	0	-203	-0	-0	-0	-0	2109	0	-203	-0	0	0	0	903	0	-403	0	4.68	90.68	1.29	98.17	0	-22.92	-245.14	1.13	55.55	-4.52	83.97	0	9.35	-476.93
54	-0	-0	-0	1506	0	-203	-0	-0	-0	-0	2109	0	-203	-0	-0	-0	-0	903	0	-403	-0	4.75	88.78	1.22	97.11	0	-18.44	-252.43	0.9	56.44	-4.98	82.26	0	11.28	-482.35
55	-0	-0	-0	1506	0	-203	-0	-0	-0	-0	2109	0	-203	-0	-0	-0	-0	903	0	-403	-0	4.89	89.32	0.81	99.42	0	-22.19	-193.63	0.9	57.16	-5.88	84.66	0	10.94	-406.86
56	-0	-0	-0	1506	0	-203	-0	-0	-0	-0	2109	0	-203	-0	-0	-0	-0	903	0	-403	-0	5.43	88.78	0.54	98.35	0	-23.1	-219.18	1.58	57.69	-5.43	86.45	0	11.63	-464.35
57	-0	-0	-0	1506	0	-203	-0	-0	-0	-0	2109	0	-203	-0	-0	-0	-0	903	0	-403	-0	5.84	88.78	0.27	99.44	0	-22.79	-221.98	2.04	56.98	-6.11	80.31	0	8.84	-303.05
58	-0	-0	-0	1506	0	-203	-0	-0	-0	-0	2109	0	-203	-0	-0	-0	-0	903	0	-403	-0	5.77	88.78	0.14	99.75	0	-22.33	-202.41	1.58	57.87	-6.33	83.49	0	9.87	-516.78
59	-0	-0	-0	1506	0	-203	-0	-0	-0	-0	2109	0	-203	-0	-0	-0	-0	903	0	-403	-0	6.11	88.51	-0.34	98.51	0	-22.71	-222.72	2.04	58.94	-6.33	85.44	0	11.45	-506.66
60	-0	-0	-0	1506	0	-203	-0	-0	-0	-0	2109	0	-203	-0	-0	-0	-0	903	0	-403	-0	6.31	88.78	-0.54	98.97	0	-21.39	-263.15	2.04	59.3	-7.01	85.28	0	13.42	-452.26
61	-0	-0	-0	1506	0	-203	-0	-0	-0	-0	2109	0	-203	-0	-0	-0	-0	903	0	-403	-0	6.38	89.87	-0.68	99.41	0	-22.67	-281.73	0.9	59.12	-7.01	84.21	0	10.56	-780.42
62	-0	-0	-0	1506	0	-203	-0	-0	-0	-0	2109	0	-203	-0	-0	-0	-0	903	0	-403	-0	6.52	89.87	-1.36	98.03	0	-21.75	-215.56	2.04	60.19	-8.6	84.88	0	12.09	-267.74
63	-0	-0	-0	1506	0	-203	-0	-0	-0	-0	2109	0	-203	-0	-0	-0	-0	903	0	-403	-0	6.58	91.22	-1.49	99.52	0	-22.33	-248.85	2.26	60.19	-8.14	83.04	0	10.46	-459.02
64	-0	-0	-0	1506	0	-203	-0	-0	-0	-0	2109	0	-203	-0	-0	-0	-0	903	0	-403	-0	6.72	93.12	-1.97	101.69	0	-24.09	-163.65	2.26	61.98	-8.37	87.11	0	13.44	-545.54
65	-0	-0	-0	1506	0	-203	-0	-0	-0	-0	2109	0	-203	-0	-0	-0	-0	903	0	-403	-0	6.72	93.4	-2.1	97.54	0	-21.21	-174.91	1.81	60.19	-8.37	78.85	0	8.72	-563.04
66	-0	-0	-0	1506	0	-203	-0	-0	-0	-0	2109	0	-203	-0	-0	-0	-0	903	0	-403	-0	7.19	94.48	-2.31	97.82	0	-20.67	-283.19	2.49	62.52	-8.37	84.21	0	14.64	-598.4
67	-0	-0	-0	1506	0	-203	-0	-0	-0	-0	2109	0	-203	-0	-0	-0	-0	903	0	-403	-0	6.92	97.2	-2.58	101.48	0	-23.5	-196.29	2.49	63.23	-9.5	85.96	0	14.69	-401.27
68	-0	-0	-0	1506	0	-203	-0	-0	-0	-0	2109	0	-203	-0	-0	-0	-0	903	0	-403	-0	7.06	97.47	-2.71	97.37	0	-21.03	-287.9	3.17	62.34	-9.5	81.91	0	9.96	-293.11
69	-0	-0	-0	1506	0	-203	-0	-0	-0	-0	2109	0	-203	-0	-0	-0	-0	903	0	-403	-0	7.06	100.45	-2.85	100.51	0	-23.96	-267.56	2.49	63.23	-9.28	82.65	0	10.8	-555.83
70	-0	-0	-0	1506	0	-203	-0	-0	-0	-0	2109	0	-203	-0	0	0	0	903	0	-403	0	6.58	102.63	-3.26	100.43	0	-23.45	-147.47	3.39	64.12	-9.73	84.53	0	10.36	-298.7
71	-0	-0	-0	1506	0	-203	-0	-0	-0	-0	2109	0	-203	-0	-0	-0	-0	903	0	-403	-0	6.65	104.26	-3.33	99.31	0	-21.23	-253.72	2.71	63.94	-9.73	80.94	0	8.77	-411.92
72	-0	-0	-0	1506	0	-203	-0	-0	-0	-0	2109	0	-203	-0	0	0	0	903	0	-403	0	6.24	105.88	-3.33	99.67	0	-21.16	-265.77	3.17	65.37	-10.41	84.41	0	10.97	-308.14
73	-0	-0	-0	1506	0	-203	-0	-0	-0	-0	2109	0	-203	-0	0	0	0	903	0	-403	0	6.24	107.24	-3.53	98.73	0	-20.63	-302.54	2.71	66.45	-10.41	88.44	0	12.35	-491.12
74	-0	-0	-0	1506	0	-203	-0	-0	-0	-0	2109	0	-203	-0	-0	-0	-0	903	0	-403	-0	5.91	111.04	-3.8	100.28	0	-22.16	-262.21	3.17	66.45	-10.63	85.29	0	10.68	-354.04
75	-0	-0	-0	1506	0	-203	-0	-0	-0	-0	2109	0	-203	-0	-0	-0	-0	903	0	-403	-0	5.84	114.03	-4.07	100.67	0	-23.75	-260.42	2.49	68.41	-10.86	89.3	0	13.96	-500.71
76	-0	-0	-0	1506	0	-203	-0	-0	-0	-0	2109	0	-203	-0	-0	-0	-0	903	0	-403	-0	5.43	115.93	-4.28	101.92	0	-23	-226.91	2.71	67.87	-11.31	84.01	0	10.22	-323.44
77	-0	-0	-0	1506	0	-203	-0	-0	-0	-0	2109	0	-203	-0	-0	-0	-0	903	0	-403	-0	5.09	119.73	-4.41	101.06	0	-24.57	-187.53	2.71	68.77	-10.86	84.49	0	11.17	-495.72
78	-0	-0	-0	1506	0	-203	-0	-0	-0	-0	2109	0	-203	-0	-0	-0	-0	903	0	-403	-0	4.55	122.17	-4.82	100.64	0	-24.52	-135.35	2.26	70.55	-11.54	88.89	0	12.98	-483.39
79	-0	-0	-0	1506	0	-203	-0	-0	-0	-0	2109	0	-203	-0	-0	-0	-0	903	0	-403	-0	4.07	123.8	-4.68	99.81	0	-22.3	-156.89	2.94	71.63	-11.31	88.61	0	13.72	-467.86
80	-0	-0	-0	1506	0	-203	-0	-0	-0	-0	2109	0	-203	-0	-0	-0	-0	903	0	-403	-0	3.94	128.42	-4.75	101.1	0	-21.6	-241.44	2.94	71.63	-11.99	86.81	0	10.79	-328.62
81	-0	-0	-0	1506	0	-203	-0	-0	-0	-0	2109	0	-203	-0	-0	-0	-0	903	0	-403	-0	3.19	132.22	-5.23	100.87	0	-22.85	-142.51	2.26	72.52	-11.76	87.74	0	10.24	-499.85
82	-0	-0	-0	1506	0	-203	-0	-0	-0	-0	2109	0	-203	-0	-0	-0	-0	903	0	-403	-0	2.78	137.38	-5.43	104.33	0	-24.5	-154.87	2.94	73.41	-12.22	86.46	0	9.36	-267.6
83	-0	-0	-0	1506	0	-203	-0	-0	-0	-0	2109	0	-203	-0	-0	-0	-0	903	0	-403	-0	2.17	141.99	-5.02	103.7	0	-23.4	-228.15	1.81	75.56	-11.99	90.97	0	11.91	-633.38
84	-0	-0	-0	1506	0	-203	-0	-0	-0	-0	2109	0	-203	-0	-0	-0	-0	903	0	-403	-0	1.56	146.88	-5.36	102.81	0	-23.93	-192.77	2.71	76.81	-12.44	88.44	0	12.17	-253.75
85	-0	-0	-0	1506	0	-203	-0	-0	-0	-0	2109	0	-203	-0	-0	-0	-0	903	0	-403	-0	1.09	151.5	-5.5	103.45	0	-23.83	-237.96	2.94	78.59	-12.22	89.96	0	13.85	-286.92
86	-0	-0	-0	1506	0	-203	-0	-0	-0	-0	2109	0	-203	-0	-0	-0	-0	903	0	-403	-0	0.34	159.64	-5.63	105.61	0	-25.03	-222.05	2.26	79.84	-11.76	90.09	0	13.07	-452
87	-0	-0	-0	1506	0	-203	-0	-0	-0	-0	2109	0	-203	-0	0	0	0	903	0	-403	0	-0.48	166.7	-5.77	106.4	0	-25.45	-183.01	2.26	80.91	-12.9	87.31	0	10.9	-160.92
88	-0	-0	-0	1506	0	-203	-0	-0	-0	-0	2109	0	-203	-0	-0	-0	-0	903	0	-403	-0	-1.02	171.86	-5.5	105.55	0	-23.96	-227.79	1.81	83.59	-11.76	87.94	0	10.55	-504.65
89	-0	-0	-0	1506	0	-203	-0	-0	-0	-0	2109	0	-203	-0	-0	-0	-0	903	0	-403	-0	-1.9	182.18	-5.43	106.11	0	-24.71	-123.7	1.81	86.81	-12.9	89.41	0	12.75	-229.5
90	-0	-0	-0	1506	0	-203	-0	-0	-0	-0	2109	0	-203	-0	-0	-0	-0	903	0	-403	-0	-2.44	189.78	-5.63	106.47	0	-24.87	-93.24	2.26	90.2	-12.44	89.69	0	10.71	-251.85
91	-0	-0	-0	1506	0	-203	-0	-0	-0	-0	2109	0	-203	-0	-0	-0	-0	903	0	-403	-0	-2.65	198.74	-5.7	108.74	0	-26.45	-188.53	2.26	94.31	-11.99	90.49	0	12.36	-397.03
92	-0	-0	-0	1506	0	-203	-0	-0	-0	-0	2109	0	-203	-0	-0	-0	-0	903	0	-403	-0	-3.12	207.7	-5.77	106.69	0	-24.64	-113.87	2.49	97.7	-13.57	90.4	0	12.39	-92.66
93	-0	-0	-0	1506	0	-203	-0	-0	-0	-0	2109	0	-203	-0	-0	-0	-0	903	0	-403	-0	-3.12	216.66	-5.63	107.81	0	-25.77	-162.03	2.49	102.88	-13.12	90.48	0	11.84	-329.41
94	-0	-0	-0	1506	0	-203	-0	-0	-0	-0	2109	0	-203	-0	-0	-0	-0	903	0	-403	-0	-3.46	224.26	-5.57	107.81	0	-24.71	-142.25	2.94	107.35	-13.12	89.96	0	13.53	-294.15
95	-0	-0	-0	1506	0	-203	-0	-0	-0	-0	2109	0	-203	-0	-0	-0	-0	903	0	-403	-0	-3.46	234.03	-6.18	107.29	0	-24.43	-62.07	3.39	111.81	-14.03	88.99	0	10.85	-65.88
96	-0	-0	-0	1506	0	-203	-0	-0	-0	-0	2109	0	-203	-0	-0	-0	-0	903	0	-403	-0	-3.6	243.53	-5.91	108.01	0	-25.23	-67.97	4.3	118.42	-14.48	90.1	0	13.03	-20.9
97	-0	-0	-0	1506	0	-203	-0	-0	-0	-0	2109	0	-203	-0	-0	-0	-0	903	0	-403	-0	-3.39	252.49	-5.77	108.93	0	-24.93	-148.27	4.52	123.96	-15.16	90.74	0	12.84	-21.58
98	-0	-0	-0	1506	0	-203	-0	-0	-0	-0	2109	0	-203	-0	-0	-0	-0	903	0	-403	-0	-3.26	262	-6.11	108.28	0	-24.59	-78.4	5.2	128.78	-15.16	90.16	0	13.11	-20.78
99	-0	-0	-0	1506	0	-203	-0	-0	-0	-0	2109	0	-203	-0	-0	-0	-0	903	0	-403	-0	-3.12	272.31	-6.04	109.46	0	-25.78	-97.2	5.88	136.11	-15.38	90.95	0	13.21	-113.59
100	-0	-0	-0	1506	0	-203	-0	-0	-0	-0	2109	0	-203	-0	-0	-0	-0	903	0	-403	-0	-2.85	280.46	-6.04	109.83	0	-25.32	-97.97	7.01	141.82	-16.74	90.52	0	13.79	173.45
101	-0	-0	-0	1506	0	-203	-0	-0	-0	-0	2109	0	-203	-0	-0	-0	-0	903	0	-403	-0	-2.04	291.05	-6.45	109.93	0	-25.34	-167.61	7.47	147.54	-16.74	91.04	0	12.95	-27.02
102	-0	-0	-0	1506	0	-203	-0	-0	-0	-0	2109	0	-203	-0	-0	-0	-0	903	0	-403	-0	-1.56	300.01	-6.45	109.86	0	-25.27	-118.71	9.28	155.75	-17.65	91.87	0	14.64	211.88
103	-0	-0	-0	1506	0	-203	-0	-0	-0	-0	2109	0	-203	-0	-0	-0	-0	903	0	-403	-0	-1.63	308.42	-6.86	110.08	0	-25.16	-40.92	10.41	162.18	-17.42	90.97	0	13.03	141.81
104	-0	-0	-0	1506	0	-203	-0	-0	-0	-0	2109	0	-203	-0	-0	-0	-0	903	0	-403	-0	-1.29	318.74	-6.38	110.69	0	-25.24	-52.41	11.99	169.51	-16.74	92.08	0	13.33	159.56
105	-0	-0	-0	1506	0	-203	-0	-0	-0	-0	2109	0	-203	-0	-0	-0	-0	903	0	-403	-0	-0.88	328.78	-6.24	111.48	0	-25.89	-78.45	13.8	177.37	-16.97	91.33	0	13.65	335.1
106	-0	-0	-0	1506	0	-203	-0	-0	-0	-0	2109	0	-203	-0	-0	-0	-0	903	0	-403	-0	-0.95	336.93	-6.38	111.5	0	-25.47	14.65	16.29	185.05	-17.65	91.87	0	14.43	622.99
107	-0	-0	-0	1506	0	-203	-0	-0	-0	-0	2109	0	-203	-0	-0	-0	-0	903	0	-403	-0	-0.81	348.88	-6.18	111.74	0	-25.54	90.22	18.1	189.51	-16.97	90.64	0	13.38	540.87
108	-0	-0	-0	1506	0	-203	-0	-0	-0	-0	2109	0	-203	-0	-0	-0	-0	903	0	-403	-0	-0.61	358.65	-6.45	112.14	0	-25.91	236.85	20.14	196.66	-16.97	90.2	0	13.18	546.66
109	-0	-0	-0	1506	0	-203	-0	-0	-0	-0	2109	0	-203	-0	0	0	0	903	0	-403	0	0.34	366.79	-5.91	111.77	0	-25.41	141.03	22.62	202.37	-16.97	90.64	0	12.76	612.51
110	-0	-0	-0	1506	0	-203	-0	-0	-0	-0	2109	0	-203	-0	-0	-0	-0	903	0	-403	-0	1.83	378.74	-5.5	112.53	0	-25.62	121.18	24.89	208.98	-16.97	91.64	0	13.59	699.22
111	-0	-0	-0	1506	0	-203	-0	-0	-0	-0	2109	0	-203	-0	-0	-0	-0	903	0	-403	-0	2.78	387.7	-5.23	112.24	0	-25.48	259.74	27.38	215.05	-16.74	90.11	0	12.67	606.53
112	-0	-0	-0	1506	0	-203	-0	-0	-0	-0	2109	0	-203	-0	-0	-0	-0	903	0	-403	-0	4.62	396.66	-5.23	112.69	0	-25.63	201.69	30.32	221.31	-17.19	90.08	0	12.67	748.48
113	-0	-0	-0	1506	0	-203	-0	-0	-0	-0	2109	0	-203	-0	-0	-0	-0	903	0	-403	-0	6.31	407.25	-4.89	112.68	0	-25.5	265.64	31.9	227.02	-16.97	90.7	0	12.89	620.43
114	-0	-0	-0	1506	0	-203	-0	-0	-0	-0	2109	0	-203	-0	-0	-0	-0	903	0	-403	-0	7.74	417.02	-4.68	113.5	0	-26.09	245.88	35.97	233.81	-17.19	90.88	0	12.21	849.88
115	-0	-0	-0	1506	0	-203	-0	-0	-0	-0	2109	0	-203	-0	-0	-0	-0	903	0	-403	-0	9.5	423.54	-4.28	112.98	0	-25.1	178.08	37.78	238.99	-16.52	90.31	0	12.18	661.7
116	-0	-0	-0	1506	0	-203	-0	-0	-0	-0	2109	0	-203	-0	-0	-0	-0	903	0	-403	-0	11.33	434.4	-4.48	113.72	0	-25.64	292.94	40.05	244.71	-18.33	90.1	0	12.42	1096.4
117	-0	-0	-0	1506	0	-203	-0	-0	-0	-0	2109	0	-203	-0	-0	-0	-0	903	0	-403	-0	12.96	440.1	-4.48	113.16	0	-25	308.46	42.76	252.39	-17.65	92.37	0	12.96	840.01
118	-0	-0	-0	1506	0	-203	-0	-0	-0	-0	2109	0	-203	-0	-0	-0	-0	903	0	-403	-0	14.73	447.7	-4.07	113.77	0	-24.85	272.1	44.57	257.21	-18.1	92.57	0	13.49	878.41
119	-0	-0	-0	1506	0	-203	-0	-0	-0	-0	2109	0	-203	-0	-0	-0	-0	903	0	-403	-0	17.38	455.57	-3.94	114	0	-24.75	298.42	45.93	260.42	-18.33	90.99	0	12.23	866.96
120	-0	-0	-0	1506	0	-203	-0	-0	-0	-0	2109	0	-203	-0	0	0	0	903	0	-403	0	19.82	462.09	-3.73	114.29	0	-25.11	246.58	47.96	266.14	-19	91.81	0	12.07	842.29
121	-0	-0	-0	1506	0	-203	-0	-0	-0	-0	2109	0	-203	-0	-0	-0	-0	903	0	-403	-0	22.47	467.25	-4	114.81	0	-24.62	278.59	49.55	271.32	-19.46	92.97	0	13.16	739.39
122	-0	-0	-0	1506	0	-203	-0	-0	-0	-0	2109	0	-203	-0	-0	-0	-0	903	0	-403	-0	26	472.95	-3.73	114.62	0	-24.56	263.17	50.91	274	-20.59	92.27	0	12.65	894.68
123	-0	-0	-0	1506	0	-203	-0	-0	-0	-0	2109	0	-203	-0	-0	-0	-0	903	0	-403	-0	29.25	477.02	-3.39	114.87	0	-24.58	173.73	52.04	278.64	-21.04	93.3	0	13.15	640.37
124	-0	-0	-0	1506	0	-203	-0	-0	-0	-0	2109	0	-203	-0	-0	-0	-0	903	0	-403	-0	32.24	481.64	-3.46	115.81	0	-24.94	298.05	53.17	282.21	-22.85	93.72	0	13.13	781.8
125	-0	-0	-0	1506	0	-203	-0	-0	-0	-0	2109	0	-203	-0	-0	-0	-0	903	0	-403	-0	36.79	484.9	-3.33	116.11	0	-24.89	242.96	53.85	284.18	-23.98	93.65	0	12.26	848.1
126	-0	-0	-0	1506	0	-203	-0	-0	-0	-0	2109	0	-203	-0	0	0	0	903	0	-403	0	40.45	486.25	-2.78	116.57	0	-24.22	75.81	53.17	289.18	-24.89	94.83	0	13.74	473.87
127	-0	-0	-0	1506	0	-203	-0	-0	-0	-0	2109	0	-203	-0	-0	-0	-0	903	0	-403	-0	44.12	488.15	-2.92	116.61	0	-24.32	158.42	53.39	290.97	-26.7	94.29	0	13.19	633.71
128	-0	-0	-0	1506	0	-203	-0	-0	-0	-0	2109	0	-203	-0	-0	-0	-0	903	0	-403	-0	49.34	489.24	-3.05	117.24	0	-24.33	111.35	53.85	293.11	-27.15	95.69	0	13.71	574.78
129	-0	-0	-0	1506	0	-203	-0	-0	-0	-0	2109	0	-203	-0	-0	-0	-0	903	0	-403	-0	53.76	490.6	-3.05	118.03	0	-24.45	34.42	52.49	293.11	-28.73	95.63	0	13.53	461.1
130	-0	-0	-0	1506	0	-203	-0	-0	-0	-0	2109	0	-203	-0	-0	-0	-0	903	0	-403	-0	57.83	488.97	-3.33	117.7	0	-23.92	76.56	52.49	293.83	-29.64	96.15	0	13.85	503.6
131	-0	-0	-0	1506	0	-203	-0	-0	-0	-0	2109	0	-203	-0	-0	-0	-0	903	0	-403	-0	63.39	487.34	-3.33	118.37	0	-23.97	-17.43	51.36	292.22	-28.96	96.12	0	13.02	155.16
132	-0	-0	-0	1506	0	-203	-0	-0	-0	-0	2109	0	-203	-0	-0	-0	-0	903	0	-403	-0	67.6	485.44	-3.39	118.05	0	-23.86	-93.88	50.91	290.79	-30.77	96.81	0	13.48	442.39
133	-0	-0	-0	1506	0	-203	-0	-0	-0	-0	2109	0	-203	-0	-0	-0	-0	903	0	-403	-0	71.88	483.27	-3.6	118.75	0	-23.72	-146.43	49.77	288.11	-30.54	97.57	0	12.77	219.02
134	-0	-0	-0	1506	0	-203	-0	-0	-0	-0	2109	0	-203	-0	-0	-0	-0	903	0	-403	-0	76.49	480.82	-3.67	119.75	0	-24.01	-189.45	49.55	284.18	-31	96.88	0	12.09	418.5
135	-0	-0	-0	1506	0	-203	-0	-0	-0	-0	2109	0	-203	-0	-0	-0	-0	903	0	-403	-0	80.16	477.84	-3.73	120.09	0	-23.87	-302.51	49.1	280.79	-31	98.94	0	13.28	394.13
136	-0	-0	-0	1506	0	-203	-0	-0	-0	-0	2109	0	-203	-0	0	0	0	903	0	-403	0	83.15	473.49	-4.07	120.02	0	-23.48	-272.45	48.64	274	-29.86	98.77	0	12.36	218.15
137	-0	-0	-0	1506	0	-203	-0	-0	-0	-0	2109	0	-203	-0	0	0	0	903	0	-403	0	86.95	469.96	-4.21	121.13	0	-23.75	-289.59	47.96	269.71	-29.41	99.54	0	13.51	163.2
138	-0	-0	-0	1506	0	-203	-0	-0	-0	-0	2109	0	-203	-0	-0	-0	-0	903	0	-403	-0	89.66	465.62	-4.07	121.59	0	-23.62	-264.33	47.51	260.07	-28.51	99.85	0	12.09	167.47
139	-0	-0	-0	1506	0	-203	-0	-0	-0	-0	2109	0	-203	-0	-0	-0	-0	903	0	-403	-0	92.44	461.55	-4.41	122.2	0	-23.89	-244.55	47.96	251.85	-26.92	100.8	0	12.14	90.44
140	-0	-0	-0	1506	0	-203	-0	-0	-0	-0	2109	0	-203	-0	-0	-0	-0	903	0	-403	-0	95.16	455.85	-4.21	122.91	0	-23.94	-217.92	47.29	243.46	-26.24	100.13	0	11.81	104.61
141	-0	-0	-0	1506	0	-203	-0	-0	-0	-0	2109	0	-203	-0	-0	-0	-0	903	0	-403	-0	97.2	449.33	-4.07	122.68	0	-23.25	-328.21	48.19	231.49	-25.11	100.72	0	10.88	267.98
142	-0	-0	-0	1506	0	-203	-0	-0	-0	-0	2109	0	-203	-0	-0	-0	-0	903	0	-403	-0	99.23	443.9	-3.87	123.21	0	-23.51	-258.79	48.19	220.95	-23.3	101.25	0	11.12	92.86
143	-0	-0	-0	1506	0	-203	-0	-0	-0	-0	2109	0	-203	-0	0	0	0	903	0	-403	0	101.34	436.57	-3.73	124.1	0	-23.94	-192.69	47.51	210.05	-22.4	101	0	10.2	84
144	-0	-0	-0	1506	0	-203	-0	-0	-0	-0	2109	0	-203	-0	-0	-0	-0	903	0	-403	-0	102.97	428.97	-3.73	124.06	0	-23.69	-182.2	49.32	198.09	-19.68	102.9	0	11.88	25.44
145	-0	-0	-0	1506	0	-203	-0	-0	-0	-0	2109	0	-203	-0	-0	-0	-0	903	0	-403	-0	104.46	421.37	-3.6	124.52	0	-24.12	-214.97	49.32	186.83	-17.65	105.46	0	11.69	-138.02
146	-0	-0	-0	1506	0	-203	-0	-0	-0	-0	2109	0	-203	-0	-0	-0	-0	903	0	-403	-0	105.2	408.6	-3.33	124.55	0	-24.17	-49.58	50	174.15	-16.74	103.67	0	11.24	109.98
147	-0	-0	-0	1506	0	-203	-0	-0	-0	-0	2109	0	-203	-0	-0	-0	-0	903	0	-403	-0	106.09	395.3	-2.58	124.47	0	-23.59	-150.96	48.87	158.61	-14.03	105.44	0	11.26	-82.8
148	-0	-0	-0	1506	0	-203	-0	-0	-0	-0	2109	0	-203	-0	-0	-0	-0	903	0	-403	-0	105.88	383.36	-2.04	126.3	0	-24.37	-24.27	47.74	142.89	-11.76	104.37	0	9.8	-145.85
149	-0	-0	-0	1506	0	-203	-0	-0	-0	-0	2109	0	-203	-0	-0	-0	-0	903	0	-403	-0	105	362.45	-1.76	126.4	0	-24.57	22.48	46.83	128.6	-10.18	104.23	0	8.87	-175.54
150	-0	-0	-0	1506	0	-203	-0	-0	-0	-0	2109	0	-203	-0	0	0	0	903	0	-403	0	103.64	343.45	-1.49	127	0	-24.86	-34.63	45.93	111.81	-7.47	106.33	0	9.75	-159.93
151	-0	-0	-0	1506	0	-203	-0	-0	-0	-0	2109	0	-203	-0	-0	-0	-0	903	0	-403	-0	100.66	323.63	-0.48	127.74	0	-24.73	-109.12	43.44	94.67	-5.66	103.06	0	6.05	-117.4
152	-0	-0	-0	1506	0	-203	-0	-0	-0	-0	2109	0	-203	-0	-0	-0	-0	903	0	-403	-0	96.65	293.76	0.07	127.83	0	-25.01	2.25	41.86	82.34	-3.62	106.63	0	6.41	-45.35
153	-0	-0	-0	1506	0	-203	-0	-0	-0	-0	2109	0	-203	-0	-0	-0	-0	903	0	-403	-0	91.77	267.97	1.43	129.38	0	-24.51	-66.23	35.07	66.8	-1.36	108.75	0	7.55	-411.06
154	-0	-0	-0	1506	0	-203	-0	-0	-0	-0	2109	0	-203	-0	-0	-0	-0	903	0	-403	-0	88.17	240.82	1.22	129.73	0	-24.08	-57.12	27.83	53.94	0.23	109.15	0	5.73	-239.82
155	-0	-0	-0	1506	0	-203	-0	-0	-0	-0	2109	0	-203	-0	-0	-0	-0	903	0	-403	-0	80.3	206.61	2.24	133.31	0	-25.23	89.07	20.36	44.83	1.81	112.26	0	11.02	-426.84
156	-0	-0	-0	1506	0	-203	-0	-0	-0	-0	2109	0	-203	-0	-0	-0	-0	903	0	-403	-0	70.39	178.37	3.26	137.55	0	-27.09	332.82	15.16	33.4	1.36	111.79	0	10.13	226.32
157	-0	-0	-0	1506	0	-203	-0	-0	-0	-0	2109	0	-203	-0	-0	-0	-0	903	0	-403	-0	59.73	150.68	3.94	137.17	0	-24.79	159.72	-0	-0	-0	300	0	200	-0
158	-0	-0	-0	1506	0	-203	-0	-0	-0	-0	2109	0	-203	-0	-0	-0	-0	903	0	-403	-0	41.27	125.98	4.07	143.33	0	-26.29	511.91	-0	-0	-0	300	0	200	-0
159	-0	-0	-0	1506	0	-203	-0	-0	-0	-0	2109	0	-203	-0	0	0	0	903	0	-403	0	31.83	108.87	4.89	145.19	0	-24.88	152.03	-0	-0	-0	300	0	200	-0
160	-0	-0	-0	1506	0	-203	-0	-0	-0	-0	2109	0	-203	-0	0	0	0	903	0	-403	0	29.05	95.84	5.43	147.17	0	-25.13	-837.33	-0	-0	-0	300	0	200	-0
161	-0	-0	-0	1506	0	-203	-0	-0	-0	-0	2109	0	-203	-0	-0	-0	-0	903	0	-403	-0	20.57	80.63	4.75	145.55	0	-22.21	-705.89	-0	-0	-0	300	0	200	-0
162	-0	-0	-0	1506	0	-203	-0	-0	-0	-0	2109	0	-203	-0	-0	-0	-0	903	0	-403	-0	19.21	70.05	4.21	149.18	0	-23.23	-1327.75	-0	-0	-0	300	0	200	-0
163	-0	-0	-0	1506	0	-203	-0	-0	-0	-0	2109	0	-203	-0	0	0	0	903	0	-403	0	14.46	60	2.85	148.75	0	-22.56	-726.36	-0	-0	-0	300	0	200	-0
164	-0	-0	-0	1506	0	-203	-0	-0	-0	-0	2109	0	-203	-0	-0	-0	-0	903	0	-403	-0	11.54	47.78	2.1	150.2	0	-26.07	-722.48	-0	-0	-0	300	0	200	-0
165	-0	-0	-0	1506	0	-203	-0	-0	-0	-0	2109	0	-203	-0	-0	-0	-0	903	0	-403	-0	6.79	38.01	0.48	154.49	0	-19.03	-202.42	0	0	0	300	0	200	0
166	-0	-0	-0	1506	0	-203	-0	-0	-0	-0	2109	0	-203	-0	0	0	0	903	0	-403	0	-0	-0	-0	300	0	-203	-0	-0	-0	-0	300	0	200	-0
167	-0	-0	-0	1506	0	-203	-0	-0	-0	-0	2109	0	-203	-0	-0	-0	-0	903	0	-403	-0	-0	-0	-0	300	0	-203	-0	-0	-0	-0	300	0	200	-0
168	-0	-0	-0	1506	0	-203	-0	-0	-0	-0	2109	0	-203	-0	-0	-0	-0	903	0	-403	-0	-0	-0	-0	300	0	-203	-0	-0	-0	-0	300	0	200	-0
169	-0	-0	-0	1506	0	-203	-0	-0	-0	-0	2109	0	-203	-0	-0	-0	-0	903	0	-403	-0	-0	-0	-0	300	0	-203	-0	-0	-0	-0	300	0	200	-0
170	-0	-0	-0	1506	0	-203	-0	-0	-0	-0	2109	0	-203	-0	-0	-0	-0	903	0	-403	-0	-0	-0	-0	300	0	-203	-0	-0	-0	-0	300	0	200	-0
171	-0	-0	-0	1506	0	-203	-0	-0	-0	-0	2109	0	-203	-0	-0	-0	-0	903	0	-403	-0	-0	-0	-0	300	0	-203	-0	0	0	0	300	0	200	0
172	-0	-0	-0	1506	0	-203	-0	-0	-0	-0	2109	0	-203	-0	-0	-0	-0	903	0	-403	-0	0	0	0	300	0	-203	0	0	0	0	300	0	200	0
173	-0	-0	-0	1506	0	-203	-0	-0	-0	-0	2109	0	-203	-0	-0	-0	-0	903	0	-403	-0	-0	-0	-0	300	0	-203	-0	-0	-0	-0	300	0	200	-0
174	-0	-0	-0	1506	0	-203	-0	-0	-0	-0	2109	0	-203	-0	-0	-0	-0	903	0	-403	-0	-0	-0	-0	300	0	-203	-0	-0	-0	-0	300	0	200	-0
175	-0	-0	-0	1506	0	-203	-0	-0	-0	-0	2109	0	-203	-0	-0	-0	-0	903	0	-403	-0	-0	-0	-0	300	0	-203	-0	-0	-0	-0	300	0	200	-0
176	-0	-0	-0	1506	0	-203	-0	-0	-0	-0	2109	0	-203	-0	-0	-0	-0	903	0	-403	-0	-0	-0	-0	300	0	-203	-0	-0	-0	-0	300	0	200	-0
177	-0	-0	-0	1506	0	-203	-0	-0	-0	-0	2109	0	-203	-0	-0	-0	-0	903	0	-403	-0	0	0	0	300	0	-203	0	0	0	0	300	0	200	0
178	-0	-0	-0	1506	0	-203	-0	-0	-0	-0	2109	0	-203	-0	-0	-0	-0	903	0	-403	-0	-0	-0	-0	300	0	-203	-0	-0	-0	-0	300	0	200	-0
179	-0	-0	-0	1506	0	-203	-0	-0	-0	-0	2109	0	-203	-0	-0	-0	-0	903	0	-403	-0	-0	-0	-0	300	0	-203	-0	-0	-0	-0	300	0	200	-0
180	-0	-0	-0	1506	0	-203	-0	-0	-0	-0	2109	0	-203	-0	-0	-0	-0	903	0	-403	-0	-0	-0	-0	300	0	-203	-0	-0	-0	-0	300	0	200	-0
181	-0	-0	-0	1506	0	-203	-0	-0	-0	-0	2109	0	-203	-0	-0	-0	-0	903	0	-403	-0	-0	-0	-0	300	0	-203	-0	-0	-0	-0	300	0	200	-0
182	-0	-0	-0	1506	0	-203	-0	-0	-0	-0	2109	0	-203	-0	-0	-0	-0	903	0	-403	-0	-0	-0	-0	300	0	-203	-0	-0	-0	-0	300	0	200	-0
183	-0	-0	-0	1506	0	-203	-0	-0	-0	-0	2109	0	-203	-0	-0	-0	-0	903	0	-403	-0	-0	-0	-0	300	0	-203	-0	-0	-0	-0	300	0	200	-0
184	-0	-0	-0	1506	0	-203	-0	-0	-0	-0	2109	0	-203	-0	-0	-0	-0	903	0	-403	-0	-0	-0	-0	300	0	-203	-0	-0	-0	-0	300	0	200	-0
185	-0	-0	-0	1506	0	-203	-0	-0	-0	-0	2109	0	-203	-0	-0	-0	-0	903	0	-403	-0	-0	-0	-0	300	0	-203	-0	-0	-0	-0	300	0	200	-0
186	-0	-0	-0	1506	0	-203	-0	-0	-0	-0	2109	0	-203	-0	-0	-0	-0	903	0	-403	-0	-0	-0	-0	300	0	-203	-0	-0	-0	-0	300	0	200	-0
187	-0	-0	-0	1506	0	-203	-0	-0	-0	-0	2109	0	-203	-0	-0	-0	-0	903	0	-403	-0	0	0	0	300	0	-203	0	-0	-0	-0	300	0	200	-0
188	-0	-0	-0	1506	0	-203	-0	-0	-0	-0	2109	0	-203	-0	-0	-0	-0	903	0	-403	-0	-0	-0	-0	300	0	-203	-0	0	0	0	300	0	200	0
189	-0	-0	-0	1506	0	-203	-0	-0	-0	-0	2109	0	-203	-0	-0	-0	-0	903	0	-403	-0	0	0	0	300	0	-203	0	-0	-0	-0	300	0	200	-0
190	-0	-0	-0	1506	0	-203	-0	-0	-0	-0	2109	0	-203	-0	-0	-0	-0	903	0	-403	-0	-0	-0	-0	300	0	-203	-0	-0	-0	-0	300	0	200	-0
191	-0	-0	-0	1506	0	-203	-0	-0	-0	-0	2109	0	-203	-0	-0	-0	-0	903	0	-403	-0	-0	-0	-0	300	0	-203	-0	-0	-0	-0	300	0	200	-0
192	-0	-0	-0	1506	0	-203	-0	-0	-0	-0	2109	0	-203	-0	-0	-0	-0	903	0	-403	-0	-0	-0	-0	300	0	-203	-0	0	0	0	300	0	200	0
193	-0	-0	-0	1506	0	-203	-0	-0	-0	-0	2109	0	-203	-0	-0	-0	-0	903	0	-403	-0	-0	-0	-0	300	0	-203	-0	-0	-0	-0	300	0	200	-0
194	-0	-0	-0	1506	0	-203	-0	-0	-0	-0	2109	0	-203	-0	-0	-0	-0	903	0	-403	-0	-0	-0	-0	300	0	-203	-0	0	0	0	300	0	200	0
195	-0	-0	-0	1506	0	-203	-0	-0	-0	-0	2109	0	-203	-0	-0	-0	-0	903	0	-403	-0	-0	-0	-0	300	0	-203	-0	-0	-0	-0	300	0	200	-0
196	-0	-0	-0	1506	0	-203	-0	-0	-0	-0	2109	0	-203	-0	-0	-0	-0	903	0	-403	-0	-0	-0	-0	300	0	-203	-0	0	0	0	300	0	200	0
197	-0	-0	-0	1506	0	-203	-0	-0	-0	-0	2109	0	-203	-0	-0	-0	-0	903	0	-403	-0	-0	-0	-0	300	0	-203	-0	-0	-0	-0	300	0	200	-0
198	-0	-0	-0	1506	0	-203	-0	-0	-0	-0	2109	0	-203	-0	-0	-0	-0	903	0	-403	-0	-0	-0	-0	300	0	-203	-0	-0	-0	-0	300	0	200	-0
199	-0	-0	-0	1506	0	-203	-0	-0	-0	-0	2109	0	-203	-0	-0	-0	-0	903	0	-403	-0	-0	-0	-0	300	0	-203	-0	-0	-0	-0	300	0	200	-0
200	-0	-0	-0	1506	0	-203	-0	-0	-0	-0	2109	0	-203	-0	-0	-0	-0	903	0	-403	-0	-0	-0	-0	300	0	-203	-0	-0	-0	-0	300	0	200	-0
201	-0	-0	-0	1506	0	-203	-0	-0	-0	-0	2109	0	-203	-0	-0	-0	-0	903	0	-403	-0	-0	-0	-0	300	0	-203	-0	-0	-0	-0	300	0	200	-0
202	-0	-0	-0	1506	0	-203	-0	-0	-0	-0	2109	0	-203	-0	-0	-0	-0	903	0	-403	-0	-0	-0	-0	300	0	-203	-0	-0	-0	-0	300	0	200	-0
203	-0	-0	-0	1506	0	-203	-0	-0	-0	-0	2109	0	-203	-0	-0	-0	-0	903	0	-403	-0	0	0	0	300	0	-203	0	-0	-0	-0	300	0	200	-0
204	-0	-0	-0	1506	0	-203	-0	-0	-0	-0	2109	0	-203	-0	-0	-0	-0	903	0	-403	-0	-0	-0	-0	300	0	-203	-0	-0	-0	-0	300	0	200	-0
205	-0	-0	-0	1506	0	-203	-0	-0	-0	-0	2109	0	-203	-0	-0	-0	-0	903	0	-403	-0	-0	-0	-0	300	0	-203	-0	-0	-0	-0	300	0	200	-0
206	-0	-0	-0	1506	0	-203	-0	-0	-0	-0	2109	0	-203	-0	0	0	0	903	0	-403	0	-0	-0	-0	300	0	-203	-0	-0	-0	-0	300	0	200	-0
207	-0	-0	-0	1506	0	-203	-0	-0	-0	-0	2109	0	-203	-0	-0	-0	-0	903	0	-403	-0	-0	-0	-0	300	0	-203	-0	-0	-0	-0	300	0	200	-0
208	-0	-0	-0	1506	0	-203	-0	-0	-0	-0	2109	0	-203	-0	-0	-0	-0	903	0	-403	-0	-0	-0	-0	300	0	-203	-0	-0	-0	-0	300	0	200	-0
209	-0	-0	-0	1506	0	-203	-0	-0	-0	-0	2109	0	-203	-0	0	0	0	903	0	-403	0	-0	-0	-0	300	0	-203	-0	-0	-0	-0	300	0	200	-0
210	-0	-0	-0	1506	0	-203	-0	-0	-0	-0	2109	0	-203	-0	-0	-0	-0	903	0	-403	-0	-0	-0	-0	300	0	-203	-0	-0	-0	-0	300	0	200	-0
211	-0	-0	-0	1506	0	-203	-0	-0	-0	-0	2109	0	-203	-0	-0	-0	-0	903	0	-403	-0	-0	-0	-0	300	0	-203	-0	-0	-0	-0	300	0	200	-0
212	-0	-0	-0	1506	0	-203	-0	-0	-0	-0	2109	0	-203	-0	-0	-0	-0	903	0	-403	-0	-0	-0	-0	300	0	-203	-0	-0	-0	-0	300	0	200	-0
213	-0	-0	-0	1506	0	-203	-0	-0	-0	-0	2109	0	-203	-0	-0	-0	-0	903	0	-403	-0	-0	-0	-0	300	0	-203	-0	-0	-0	-0	300	0	200	-0
214	-0	-0	-0	1506	0	-203	-0	-0	-0	-0	2109	0	-203	-0	-0	-0	-0	903	0	-403	-0	-0	-0	-0	300	0	-203	-0	-0	-0	-0	300	0	200	-0
215	-0	-0	-0	1506	0	-203	-0	-0	-0	-0	2109	0	-203	-0	-0	-0	-0	903	0	-403	-0	-0	-0	-0	300	0	-203	-0	-0	-0	-0	300	0	200	-0
216	-0	-0	-0	1506	0	-203	-0	-0	-0	-0	2109	0	-203	-0	-0	-0	-0	903	0	-403	-0	-0	-0	-0	300	0	-203	-0	-0	-0	-0	300	0	200	-0
217	-0	-0	-0	1506	0	-203	-0	-0	-0	-0	2109	0	-203	-0	-0	-0	-0	903	0	-403	-0	-0	-0	-0	300	0	-203	-0	-0	-0	-0	300	0	200	-0
218	-0	-0	-0	1506	0	-203	-0	-0	-0	-0	2109	0	-203	-0	-0	-0	-0	903	0	-403	-0	-0	-0	-0	300	0	-203	-0	-0	-0	-0	300	0	200	-0
219	-0	-0	-0	1506	0	-203	-0	-0	-0	-0	2109	0	-203	-0	0	0	0	903	0	-403	0	-0	-0	-0	300	0	-203	-0	-0	-0	-0	300	0	200	-0
220	-0	-0	-0	1506	0	-203	-0	-0	-0	-0	2109	0	-203	-0	-0	-0	-0	903	0	-403	-0	-0	-0	-0	300	0	-203	-0	-0	-0	-0	300	0	200	-0
221	-0	-0	-0	1506	0	-203	-0	-0	-0	-0	2109	0	-203	-0	-0	-0	-0	903	0	-403	-0	-0	-0	-0	300	0	-203	-0	-0	-0	-0	300	0	200	-0
222	-0	-0	-0	1506	0	-203	-0	-0	-0	-0	2109	0	-203	-0	-0	-0	-0	903	0	-403	-0	-0	-0	-0	300	0	-203	-0	-0	-0	-0	300	0	200	-0
223	-0	-0	-0	1506	0	-203	-0	-0	-0	-0	2109	0	-203	-0	-0	-0	-0	903	0	-403	-0	0	0	0	300	0	-203	0	-0	-0	-0	300	0	200	-0
224	-0	-0	-0	1506	0	-203	-0	-0	-0	-0	2109	0	-203	-0	-0	-0	-0	903	0	-403	-0	-0	-0	-0	300	0	-203	-0	-0	-0	-0	300	0	200	-0
225	-0	-0	-0	1506	0	-203	-0	-0	-0	-0	2109	0	-203	-0	-0	-0	-0	903	0	-403	-0	-0	-0	-0	300	0	-203	-0	-0	-0	-0	300	0	200	-0
226	-0	-0	-0	1506	0	-203	-0	-0	-0	-0	2109	0	-203	-0	0	0	0	903	0	-403	0	-0	-0	-0	300	0	-203	-0	-0	-0	-0	300	0	200	-0
227	-0	-0	-0	1506	0	-203	-0	-0	-0	-0	2109	0	-203	-0	-0	-0	-0	903	0	-403	-0	-0	-0	-0	300	0	-203	-0	-0	-0	-0	300	0	200	-0
228	-0	-0	-0	1506	0	-203	-0	-0	-0	-0	2109	0	-203	-0	-0	-0	-0	903	0	-403	-0	-0	-0	-0	300	0	-203	-0	-0	-0	-0	300	0	200	-0
229	-0	-0	-0	1506	0	-203	-0	-0	-0	-0	2109	0	-203	-0	-0	-0	-0	903	0	-403	-0	-0	-0	-0	300	0	-203	-0	-0	-0	-0	300	0	200	-0
230	-0	-0	-0	1506	0	-203	-0	-0	-0	-0	2109	0	-203	-0	-0	-0	-0	903	0	-403	-0	0	0	0	300	0	-203	0	-0	-0	-0	300	0	200	-0
231	-0	-0	-0	1506	0	-203	-0	-0	-0	-0	2109	0	-203	-0	-0	-0	-0	903	0	-403	-0	-0	-0	-0	300	0	-203	-0	-0	-0	-0	300	0	200	-0
232	-0	-0	-0	1506	0	-203	-0	-0	-0	-0	2109	0	-203	-0	-0	-0	-0	903	0	-403	-0	0	0	0	300	0	-203	0	0	0	0	300	0	200	0
233	-0	-0	-0	1506	0	-203	-0	-0	-0	-0	2109	0	-203	-0	-0	-0	-0	903	0	-403	-0	-0	-0	-0	300	0	-203	-0	-0	-0	-0	300	0	200	-0
234	-0	-0	-0	1506	0	-203	-0	-0	-0	-0	2109	0	-203	-0	-0	-0	-0	903	0	-403	-0	-0	-0	-0	300	0	-203	-0	-0	-0	-0	300	0	200	-0
235	-0	-0	-0	1506	0	-203	-0	-0	-0	-0	2109	0	-203	-0	-0	-0	-0	903	0	-403	-0	-0	-0	-0	300	0	-203	-0	-0	-0	-0	300	0	200	-0
236	-0	-0	-0	1506	0	-203	-0	-0	-0	-0	2109	0	-203	-0	-0	-0	-0	903	0	-403	-0	0	0	0	300	0	-203	0	-0	-0	-0	300	0	200	-0
237	-0	-0	-0	1506	0	-203	-0	-0	-0	-0	2109	0	-203	-0	-0	-0	-0	903	0	-403	-0	-0	-0	-0	300	0	-203	-0	-0	-0	-0	300	0	200	-0
238	-0	-0	-0	1506	0	-203	-0	-0	-0	-0	2109	0	-203	-0	-0	-0	-0	903	0	-403	-0	-0	-0	-0	300	0	-203	-0	-0	-0	-0	300	0	200	-0
239	-0	-0	-0	1506	0	-203	-0	-0	-0	-0	2109	0	-203	-0	-0	-0	-0	903	0	-403	-0	-0	-0	-0	300	0	-203	-0	0	0	0	300	0	200	0
240	-0	-0	-0	1506	0	-203	-0	-0	-0	-0	2109	0	-203	-0	-0	-0	-0	903	0	-403	-0	0	0	0	300	0	-203	0	-0	-0	-0	300	0	200	-0
241	-0	-0	-0	1506	0	-203	-0	-0	-0	-0	2109	0	-203	-0	-0	-0	-0	903	0	-403	-0	-0	-0	-0	300	0	-203	-0	-0	-0	-0	300	0	200	-0
242	-0	-0	-0	1506	0	-203	-0	-0	-0	-0	2109	0	-203	-0	-0	-0	-0	903	0	-403	-0	-0	-0	-0	300	0	-203	-0	-0	-0	-0	300	0	200	-0
243	-0	-0	-0	1506	0	-203	-0	-0	-0	-0	2109	0	-203	-0	-0	-0	-0	903	0	-403	-0	0	0	0	300	0	-203	0	-0	-0	-0	300	0	200	-0
244	-0	-0	-0	1506	0	-203	-0	-0	-0	-0	2109	0	-203	-0	-0	-0	-0	903	0	-403	-0	-0	-0	-0	300	0	-203	-0	-0	-0	-0	300	0	200	-0
245	-0	-0	-0	1506	0	-203	-0	-0	-0	-0	2109	0	-203	-0	-0	-0	-0	903	0	-403	-0	-0	-0	-0	300	0	-203	-0	-0	-0	-0	300	0	200	-0
246	-0	-0	-0	1506	0	-203	-0	-0	-0	-0	2109	0	-203	-0	-0	-0	-0	903	0	-403	-0	-0	-0	-0	300	0	-203	-0	-0	-0	-0	300	0	200	-0
247	-0	-0	-0	1506	0	-203	-0	-0	-0	-0	2109	0	-203	-0	-0	-0	-0	903	0	-403	-0	-0	-0	-0	300	0	-203	-0	-0	-0	-0	300	0	200	-0
248	-0	-0	-0	1506	0	-203	-0	-0	-0	-0	2109	0	-203	-0	-0	-0	-0	903	0	-403	-0	-0	-0	-0	300	0	-203	-0	-0	-0	-0	300	0	200	-0
249	-0	-0	-0	1506	0	-203	-0	-0	-0	-0	2109	0	-203	-0	-0	-0	-0	903	0	-403	-0	-0	-0	-0	300	0	-203	-0	-0	-0	-0	300	0	200	-0
250	-0	-0	-0	1506	0	-203	-0	-0	-0	-0	2109	0	-203	-0	-0	-0	-0	903	0	-403	-0	-0	-0	-0	300	0	-203	-0	-0	-0	-0	300	0	200	-0
251	-0	-0	-0	1506	0	-203	-0	-0	-0	-0	2109	0	-203	-0	-0	-0	-0	903	0	-403	-0	-0	-0	-0	300	0	-203	-0	-0	-0	-0	300	0	200	-0
252	-0	-0	-0	1506	0	-203	-0	-0	-0	-0	2109	0	-203	-0	-0	-0	-0	903	0	-403	-0	-0	-0	-0	300	0	-203	-0	-0	-0	-0	300	0	200	-0
253	-0	-0	-0	1506	0	-203	-0	-0	-0	-0	2109	0	-203	-0	0	0	0	903	0	-403	0	-0	-0	-0	300	0	-203	-0	-0	-0	-0	300	0	200	-0
254	-0	-0	-0	1506	0	-203	-0	-0	-0	-0	2109	0	-203	-0	-0	-0	-0	903	0	-403	-0	-0	-0	-0	300	0	-203	-0	-0	-0	-0	300	0	200	-0
255	-0	-0	-0	1506	0	-203	-0	-0	-0	-0	2109	0	-203	-0	-0	-0	-0	903	0	-403	-0	-0	-0	-0	300	0	-203	-0	-0	-0	-0	300	0	200	-0
256	-0	-0	-0	1506	0	-203	-0	-0	-0	-0	2109	0	-203	-0	-0	-0	-0	903	0	-403	-0	0	0	0	300	0	-203	0	-0	-0	-0	300	0	200	-0
257	-0	-0	-0	1506	0	-203	-0	-0	-0	-0	2109	0	-203	-0	-0	-0	-0	903	0	-403	-0	-0	-0	-0	300	0	-203	-0	0	0	0	300	0	200	0
258	-0	-0	-0	1506	0	-203	-0	-0	-0	-0	2109	0	-203	-0	-0	-0	-0	903	0	-403	-0	-0	-0	-0	300	0	-203	-0	-0	-0	-0	300	0	200	-0
259	-0	-0	-0	1506	0	-203	-0	-0	-0	-0	2109	0	-203	-0	-0	-0	-0	903	0	-403	-0	-0	-0	-0	300	0	-203	-0	-0	-0	-0	300	0	200	-0
260	-0	-0	-0	1506	0	-203	-0	-0	-0	-0	2109	0	-203	-0	-0	-0	-0	903	0	-403	-0	-0	-0	-0	300	0	-203	-0	-0	-0	-0	300	0	200	-0
261	-0	-0	-0	1506	0	-203	-0	-0	-0	-0	2109	0	-203	-0	-0	-0	-0	903	0	-403	-0	-0	-0	-0	300	0	-203	-0	-0	-0	-0	300	0	200	-0
262	-0	-0	-0	1506	0	-203	-0	-0	-0	-0	2109	0	-203	-0	-0	-0	-0	903	0	-403	-0	-0	-0	-0	300	0	-203	-0	-0	-0	-0	300	0	200	-0
263	-0	-0	-0	1506	0	-203	-0	-0	-0	-0	2109	0	-203	-0	-0	-0	-0	903	0	-403	-0	-0	-0	-0	300	0	-203	-0	-0	-0	-0	300	0	200	-0
264	-0	-0	-0	1506	0	-203	-0	-0	-0	-0	2109	0	-203	-0	-0	-0	-0	903	0	-403	-0	-0	-0	-0	300	0	-203	-0	-0	-0	-0	300	0	200	-0
265	-0	-0	-0	1506	0	-203	-0	-0	-0	-0	2109	0	-203	-0	-0	-0	-0	903	0	-403	-0	-0	-0	-0	300	0	-203	-0	-0	-0	-0	300	0	200	-0
266	-0	-0	-0	1506	0	-203	-0	-0	-0	-0	2109	0	-203	-0	-0	-0	-0	903	0	-403	-0	-0	-0	-0	300	0	-203	-0	-0	-0	-0	300	0	200	-0
267	-0	-0	-0	1506	0	-203	-0	-0	-0	-0	2109	0	-203	-0	-0	-0	-0	903	0	-403	-0	-0	-0	-0	300	0	-203	-0	-0	-0	-0	300	0	200	-0
268	-0	-0	-0	1506	0	-203	-0	-0	-0	-0	2109	0	-203	-0	-0	-0	-0	903	0	-403	-0	-0	-0	-0	300	0	-203	-0	-0	-0	-0	300	0	200	-0
269	-0	-0	-0	1506	0	-203	-0	-0	-0	-0	2109	0	-203	-0	0	0	0	903	0	-403	0	-0	-0	-0	300	0	-203	-0	-0	-0	-0	300	0	200	-0
270	-0	-0	-0	1506	0	-203	-0	-0	-0	-0	2109	0	-203	-0	-0	-0	-0	903	0	-403	-0	-0	-0	-0	300	0	-203	-0	-0	-0	-0	300	0	200	-0
271	-0	-0	-0	1506	0	-203	-0	-0	-0	-0	2109	0	-203	-0	0	0	0	903	0	-403	0	-0	-0	-0	300	0	-203	-0	-0	-0	-0	300	0	200	-0
272	-0	-0	-0	1506	0	-203	-0	-0	-0	-0	2109	0	-203	-0	-0	-0	-0	903	0	-403	-0	-0	-0	-0	300	0	-203	-0	-0	-0	-0	300	0	200	-0
273	-0	-0	-0	1506	0	-203	-0	-0	-0	-0	2109	0	-203	-0	-0	-0	-0	903	0	-403	-0	-0	-0	-0	300	0	-203	-0	-0	-0	-0	300	0	200	-0
274	-0	-0	-0	1506	0	-203	-0	-0	-0	-0	2109	0	-203	-0	-0	-0	-0	903	0	-403	-0	-0	-0	-0	300	0	-203	-0	-0	-0	-0	300	0	200	-0
275	-0	-0	-0	1506	0	-203	-0	-0	-0	-0	2109	0	-203	-0	-0	-0	-0	903	0	-403	-0	-0	-0	-0	300	0	-203	-0	-0	-0	-0	300	0	200	-0
276	-0	-0	-0	1506	0	-203	-0	-0	-0	-0	2109	0	-203	-0	-0	-0	-0	903	0	-403	-0	-0	-0	-0	300	0	-203	-0	-0	-0	-0	300	0	200	-0
277	-0	-0	-0	1506	0	-203	-0	-0	-0	-0	2109	0	-203	-0	-0	-0	-0	903	0	-403	-0	0	0	0	300	0	-203	0	0	0	0	300	0	200	0
278	-0	-0	-0	1506	0	-203	-0	-0	-0	-0	2109	0	-203	-0	0	0	0	903	0	-403	0	-0	-0	-0	300	0	-203	-0	-0	-0	-0	300	0	200	-0
279	-0	-0	-0	1506	0	-203	-0	-0	-0	-0	2109	0	-203	-0	-0	-0	-0	903	0	-403	-0	-0	-0	-0	300	0	-203	-0	-0	-0	-0	300	0	200	-0
280	2.89	39.85	10.05	1469.97	0	-82.19	1478.78	-0	-0	-0	2109	0	-203	-0	-0	-0	-0	903	0	-403	-0	-0	-0	-0	300	0	-203	-0	-0	-0	-0	300	0	200	-0
281	3.22	142.2	12.3	1442.09	0	-64.05	893.64	-0	-0	-0	2109	0	-203	-0	-0	-0	-0	903	0	-403	-0	-0	-0	-0	300	0	-203	-0	-0	-0	-0	300	0	200	-0
282	0.82	424.39	14.37	1447.69	0	-64.37	1867.83	-0	-0	-0	2109	0	-203	-0	-0	-0	-0	903	0	-403	-0	-0	-0	-0	300	0	-203	-0	-0	-0	-0	300	0	200	-0
283	-1.92	471.16	25.83	1449.86	0	-63.29	1211.5	-0	-0	-0	2109	0	-203	-0	-0	-0	-0	903	0	-403	-0	-0	-0	-0	300	0	-203	-0	-0	-0	-0	300	0	200	-0
284	-21.21	427.19	33.89	1453.68	0	-67.4	1137.94	-0	-0	-0	2109	0	-203	-0	0	0	0	903	0	-403	0	-0	-0	-0	300	0	-203	-0	-0	-0	-0	300	0	200	-0
285	-39.06	410.55	35.65	1456.36	0	-67.29	1043.21	-0	-0	-0	2109	0	-203	-0	-0	-0	-0	903	0	-403	-0	-0	-0	-0	300	0	-203	-0	-0	-0	-0	300	0	200	-0
286	-55.94	430	34.33	1460.81	0	-67.28	1315.79	-0	-0	-0	2109	0	-203	-0	-0	-0	-0	903	0	-403	-0	0	0	0	300	0	-203	0	-0	-0	-0	300	0	200	-0
287	-76.03	452.28	30.41	1462.7	0	-67.47	1171.4	-0	-0	-0	2109	0	-203	-0	-0	-0	-0	903	0	-403	-0	-0	-0	-0	300	0	-203	-0	-0	-0	-0	300	0	200	-0
288	-95.64	463.89	29.75	1465.67	0	-66.63	2068.03	-0	-0	-0	2109	0	-203	-0	-0	-0	-0	903	0	-403	-0	-0	-0	-0	300	0	-203	-0	-0	-0	-0	300	0	200	-0
289	-108.02	469.23	25.35	1467.94	0	-65.82	1173.13	-0	-0	-0	2109	0	-203	-0	-0	-0	-0	903	0	-403	-0	-0	-0	-0	300	0	-203	-0	-0	-0	-0	300	0	200	-0
290	-113	488.05	24.36	1471.99	0	-66.74	1236.26	-0	-0	-0	2109	0	-203	-0	-0	-0	-0	903	0	-403	-0	0	0	0	300	0	-203	0	-0	-0	-0	300	0	200	-0
291	-108.82	505.32	17.89	1476.9	0	-64.78	1293.57	-0	-0	-0	2109	0	-203	-0	-0	-0	-0	903	0	-403	-0	-0	-0	-0	300	0	-203	-0	-0	-0	-0	300	0	200	-0
292	-103.68	525.73	13.52	1478.61	0	-63.31	1155.12	-0	-0	-0	2109	0	-203	-0	-0	-0	-0	903	0	-403	-0	-0	-0	-0	300	0	-203	-0	-0	-0	-0	300	0	200	-0
293	-103.03	540.48	13.19	1483.24	0	-63.46	822.33	-0	-0	-0	2109	0	-203	-0	-0	-0	-0	903	0	-403	-0	-0	-0	-0	300	0	-203	-0	-0	-0	-0	300	0	200	-0
294	-109.78	548.32	11.24	1486.06	0	-63.36	1410.21	-0	-0	-0	2109	0	-203	-0	-0	-0	-0	903	0	-403	-0	-0	-0	-0	300	0	-203	-0	-0	-0	-0	300	0	200	-0
295	-115.57	548.01	12.03	1487.27	0	-61.78	1016.47	-0	-0	-0	2109	0	-203	-0	-0	-0	-0	903	0	-403	-0	0	0	0	300	0	-203	0	-0	-0	-0	300	0	200	-0
296	-125.86	566.82	13.14	1491.88	0	-64.64	506.75	-0	-0	-0	2109	0	-203	-0	-0	-0	-0	903	0	-403	-0	-0	-0	-0	300	0	-203	-0	-0	-0	-0	300	0	200	-0
297	-135.67	575.3	8.61	1495.74	0	-62.54	1408.33	-0	-0	-0	2109	0	-203	-0	-0	-0	-0	903	0	-403	-0	-0	-0	-0	300	0	-203	-0	-0	-0	-0	300	0	200	-0
298	-146.44	593.51	8.57	1497.51	0	-61.91	741.17	-0	-0	-0	2109	0	-203	-0	-0	-0	-0	903	0	-403	-0	0	0	0	300	0	-203	0	-0	-0	-0	300	0	200	-0
299	-150.62	606.37	4.69	1502.01	0	-62.04	612.59	-0	-0	-0	2109	0	-203	-0	-0	-0	-0	903	0	-403	-0	-0	-0	-0	300	0	-203	-0	-0	-0	-0	300	0	200	-0
300	-157.85	623.63	4.99	1502.87	0	-62.48	387.59	-0	-0	-0	2109	0	-203	-0	-0	-0	-0	903	0	-403	-0	-0	-0	-0	300	0	-203	-0	-0	-0	-0	300	0	200	-0
301	-160.9	633.03	7.41	1505.66	0	-62.6	722.46	-0	-0	-0	2109	0	-203	-0	-0	-0	-0	903	0	-403	-0	-0	-0	-0	300	0	-203	-0	-0	-0	-0	300	0	200	-0
302	-162.35	644.01	7.25	1507.79	0	-63.31	1005.51	-0	-0	-0	2109	0	-203	-0	-0	-0	-0	903	0	-403	-0	-0	-0	-0	300	0	-203	-0	-0	-0	-0	300	0	200	-0
303	-163.15	653.43	6.75	1508.47	0	-62.48	444.48	-0	-0	-0	2109	0	-203	-0	-0	-0	-0	903	0	-403	-0	-0	-0	-0	300	0	-203	-0	-0	-0	-0	300	0	200	-0
304	-160.1	666.3	7.24	1509.49	0	-62.73	396.86	-0	-0	-0	2109	0	-203	-0	-0	-0	-0	903	0	-403	-0	-0	-0	-0	300	0	-203	-0	-0	-0	-0	300	0	200	-0
305	-156.08	673.84	4.82	1508.99	0	-62.23	-52.5	-0	-0	-0	2109	0	-203	-0	-0	-0	-0	903	0	-403	-0	-0	-0	-0	300	0	-203	-0	-0	-0	-0	300	0	200	-0
306	-152.38	681.05	5.79	1508.95	0	-62.5	-10.38	-0	-0	-0	2109	0	-203	-0	-0	-0	-0	903	0	-403	-0	-0	-0	-0	300	0	-203	-0	-0	-0	-0	300	0	200	-0
307	-149.33	690.46	5.64	1510.39	0	-63.33	409.9	-0	-0	-0	2109	0	-203	-0	-0	-0	-0	903	0	-403	-0	-0	-0	-0	300	0	-203	-0	-0	-0	-0	300	0	200	-0
308	-144.51	686.7	4.82	1509.47	0	-62.29	-491.03	-0	-0	-0	2109	0	-203	-0	-0	-0	-0	903	0	-403	-0	-0	-0	-0	300	0	-203	-0	-0	-0	-0	300	0	200	-0
309	-140.81	689.21	3.23	1510.44	0	-62.7	-21.64	-0	-0	-0	2109	0	-203	-0	-0	-0	-0	903	0	-403	-0	-0	-0	-0	300	0	-203	-0	-0	-0	-0	300	0	200	-0
310	-136.95	686.71	3.07	1508.54	0	-61.87	116.01	-0	-0	-0	2109	0	-203	-0	-0	-0	-0	903	0	-403	-0	-0	-0	-0	300	0	-203	-0	-0	-0	-0	300	0	200	-0
311	-131.97	687.96	2.1	1509.97	0	-62.19	-160.51	-0	-0	-0	2109	0	-203	-0	-0	-0	-0	903	0	-403	-0	-0	-0	-0	300	0	-203	-0	-0	-0	-0	300	0	200	-0
312	-126.5	687.01	1.14	1509.9	0	-63.22	-278.5	-0	-0	-0	2109	0	-203	-0	-0	-0	-0	903	0	-403	-0	-0	-0	-0	300	0	-203	-0	-0	-0	-0	300	0	200	-0
313	-121.35	676.67	0.18	1509.31	0	-61.32	129.59	-0	-0	-0	2109	0	-203	-0	-0	-0	-0	903	0	-403	-0	-0	-0	-0	300	0	-203	-0	-0	-0	-0	300	0	200	-0
314	-114.12	672.9	-2.4	1508.17	0	-61.94	-144.28	-0	-0	-0	2109	0	-203	-0	-0	-0	-0	903	0	-403	-0	-0	-0	-0	300	0	-203	-0	-0	-0	-0	300	0	200	-0
315	-108.17	672.59	-5.12	1508.5	0	-62.12	275.7	-0	-0	-0	2109	0	-203	-0	-0	-0	-0	903	0	-403	-0	-0	-0	-0	300	0	-203	-0	-0	-0	-0	300	0	200	-0
316	-103.03	664.43	-3.67	1508.14	0	-61.87	-128.77	-0	-0	-0	2109	0	-203	-0	0	0	0	903	0	-403	0	0	0	0	300	0	-203	0	-0	-0	-0	300	0	200	-0
317	-96.92	658.16	-5.6	1507.85	0	-61.81	-36.84	-0	-0	-0	2109	0	-203	-0	-0	-0	-0	903	0	-403	-0	-0	-0	-0	300	0	-203	-0	-0	-0	-0	300	0	200	-0
318	-91.13	648.44	-10.12	1507.63	0	-60.9	-188.53	-0	-0	-0	2109	0	-203	-0	-0	-0	-0	903	0	-403	-0	-0	-0	-0	300	0	-203	-0	-0	-0	-0	300	0	200	-0
319	-85.18	640.27	-8.18	1509.47	0	-61.41	-373.33	-0	-0	-0	2109	0	-203	-0	-0	-0	-0	903	0	-403	-0	-0	-0	-0	300	0	-203	-0	-0	-0	-0	300	0	200	-0
320	-80.84	632.12	-10.75	1509.84	0	-60.02	326.27	-0	-0	-0	2109	0	-203	-0	-0	-0	-0	903	0	-403	-0	0	0	0	300	0	-203	0	-0	-0	-0	300	0	200	-0
321	-75.21	624.59	-13	1508.72	0	-59.56	-8.29	-0	-0	-0	2109	0	-203	-0	-0	-0	-0	903	0	-403	-0	-0	-0	-0	300	0	-203	-0	-0	-0	-0	300	0	200	-0
322	-69.59	619.87	-14.3	1511.09	0	-60.93	-416.44	-0	-0	-0	2109	0	-203	-0	-0	-0	-0	903	0	-403	-0	-0	-0	-0	300	0	-203	-0	-0	-0	-0	300	0	200	-0
323	-65.57	607.65	-14.76	1509.56	0	-58.92	182.8	-0	-0	-0	2109	0	-203	-0	-0	-0	-0	903	0	-403	-0	0	0	0	300	0	-203	0	-0	-0	-0	300	0	200	-0
324	-61.23	598.84	-12.99	1512.68	0	-60.05	-171.33	-0	-0	-0	2109	0	-203	-0	-0	-0	-0	903	0	-403	-0	-0	-0	-0	300	0	-203	-0	-0	-0	-0	300	0	200	-0
325	-57.69	581.6	-15.87	1514.79	0	-57.42	798.68	-0	-0	-0	2109	0	-203	-0	-0	-0	-0	903	0	-403	-0	0	0	0	300	0	-203	0	-0	-0	-0	300	0	200	-0
326	-56.08	580.33	-16.37	1513.86	0	-59.73	141.3	-0	-0	-0	2109	0	-203	-0	-0	-0	-0	903	0	-403	-0	-0	-0	-0	300	0	-203	-0	-0	-0	-0	300	0	200	-0
327	-51.26	565.89	-16.83	1517.8	0	-58.78	646.77	-0	-0	-0	2109	0	-203	-0	-0	-0	-0	903	0	-403	-0	-0	-0	-0	300	0	-203	-0	-0	-0	-0	300	0	200	-0
328	-50.13	551.15	-15.06	1517.2	0	-56.75	720.82	-0	-0	-0	2109	0	-203	-0	-0	-0	-0	903	0	-403	-0	-0	-0	-0	300	0	-203	-0	-0	-0	-0	300	0	200	-0
329	-46.11	536.71	-18.77	1518.33	0	-56.8	361.04	-0	-0	-0	2109	0	-203	-0	-0	-0	-0	903	0	-403	-0	0	0	0	300	0	-203	0	0	0	0	300	0	200	0
330	-44.67	526.35	-18.12	1520.25	0	-56.65	315.85	-0	-0	-0	2109	0	-203	-0	-0	-0	-0	903	0	-403	-0	-0	-0	-0	300	0	-203	-0	-0	-0	-0	300	0	200	-0
331	-40	510.98	-18.93	1521.49	0	-54.32	257.85	-0	-0	-0	2109	0	-203	-0	-0	-0	-0	903	0	-403	-0	0	0	0	300	0	-203	0	0	0	0	300	0	200	0
332	-38.24	504.69	-17.79	1522.85	0	-56.38	336.26	-0	-0	-0	2109	0	-203	-0	-0	-0	-0	903	0	-403	-0	0	0	0	300	0	-203	0	-0	-0	-0	300	0	200	-0
333	-40	487.75	-20.36	1525.84	0	-54.17	1214.77	-0	-0	-0	2109	0	-203	-0	-0	-0	-0	903	0	-403	-0	-0	-0	-0	300	0	-203	-0	-0	-0	-0	300	0	200	-0
334	-33.57	476.46	-18.75	1526.17	0	-53.8	375.54	-0	-0	-0	2109	0	-203	-0	-0	-0	-0	903	0	-403	-0	0	0	0	300	0	-203	0	-0	-0	-0	300	0	200	-0
335	-32.61	462.34	-20.2	1527.57	0	-51.92	908.88	-0	-0	-0	2109	0	-203	-0	-0	-0	-0	903	0	-403	-0	-0	-0	-0	300	0	-203	-0	-0	-0	-0	300	0	200	-0
336	-31.8	462.95	-18.58	1527.62	0	-54.88	658.74	-0	-0	-0	2109	0	-203	-0	-0	-0	-0	903	0	-403	-0	-0	-0	-0	300	0	-203	-0	-0	-0	-0	300	0	200	-0
337	-27.46	448.2	-19.05	1531.19	0	-53.33	791.92	-0	-0	-0	2109	0	-203	-0	-0	-0	-0	903	0	-403	-0	0	0	0	300	0	-203	0	-0	-0	-0	300	0	200	-0
338	-26.82	441.92	-19.05	1532.18	0	-53.42	982.81	-0	-0	-0	2109	0	-203	-0	-0	-0	-0	903	0	-403	-0	-0	-0	-0	300	0	-203	-0	-0	-0	-0	300	0	200	-0
339	-24.25	429.68	-17.75	1535.41	0	-52.61	790.82	-0	-0	-0	2109	0	-203	-0	-0	-0	-0	903	0	-403	-0	0	0	0	300	0	-203	0	-0	-0	-0	300	0	200	-0
340	-22.8	424.66	-18.88	1535.63	0	-53.61	962.48	-0	-0	-0	2109	0	-203	-0	0	0	0	903	0	-403	0	-0	-0	-0	300	0	-203	-0	-0	-0	-0	300	0	200	-0
341	-21.03	414.3	-18.4	1537.94	0	-52.1	418.76	-0	-0	-0	2109	0	-203	-0	-0	-0	-0	903	0	-403	-0	-0	-0	-0	300	0	-203	-0	-0	-0	-0	300	0	200	-0
342	-20.87	403.32	-18.05	1542.1	0	-50.65	1463.15	-0	-0	-0	2109	0	-203	-0	-0	-0	-0	903	0	-403	-0	-0	-0	-0	300	0	-203	-0	-0	-0	-0	300	0	200	-0
343	-18.3	403.31	-19.35	1542.09	0	-52.67	1140.92	-0	-0	-0	2109	0	-203	-0	0	0	0	903	0	-403	0	-0	-0	-0	300	0	-203	-0	-0	-0	-0	300	0	200	-0
344	-16.37	394.84	-18.05	1542.95	0	-53.01	802.27	-0	-0	-0	2109	0	-203	-0	-0	-0	-0	903	0	-403	-0	0	0	0	300	0	-203	0	-0	-0	-0	300	0	200	-0
345	-15.73	381.66	-19.5	1547.59	0	-49.2	1231.63	-0	-0	-0	2109	0	-203	-0	-0	-0	-0	903	0	-403	-0	-0	-0	-0	300	0	-203	-0	-0	-0	-0	300	0	200	-0
346	-13.96	381.34	-17.4	1547.69	0	-52.25	1018.03	-0	-0	-0	2109	0	-203	-0	-0	-0	-0	903	0	-403	-0	-0	-0	-0	300	0	-203	-0	-0	-0	-0	300	0	200	-0
347	-13.96	373.19	-17.71	1550.29	0	-49.41	1745.05	-0	-0	-0	2109	0	-203	-0	-0	-0	-0	903	0	-403	-0	-0	-0	-0	300	0	-203	-0	-0	-0	-0	300	0	200	-0
348	-12.67	366.59	-18.52	1552.11	0	-49.73	1325.26	-0	-0	-0	2109	0	-203	-0	-0	-0	-0	903	0	-403	-0	-0	-0	-0	300	0	-203	-0	-0	-0	-0	300	0	200	-0
349	-9.94	363.76	-18.03	1554.38	0	-50.44	1023.89	-0	-0	-0	2109	0	-203	-0	-0	-0	-0	903	0	-403	-0	-0	-0	-0	300	0	-203	-0	-0	-0	-0	300	0	200	-0
350	-12.51	358.11	-17.87	1555.85	0	-49.49	1660.73	-0	-0	-0	2109	0	-203	-0	0	0	0	903	0	-403	0	-0	-0	-0	300	0	-203	-0	-0	-0	-0	300	0	200	-0
351	-8.82	353.09	-15.6	1557.07	0	-48.92	1304.66	-0	-0	-0	2109	0	-203	-0	-0	-0	-0	903	0	-403	-0	-0	-0	-0	300	0	-203	-0	-0	-0	-0	300	0	200	-0
352	-10.91	352.14	-15.6	1562.44	0	-50.1	1587.46	-0	-0	-0	2109	0	-203	-0	-0	-0	-0	903	0	-403	-0	0	0	0	300	0	-203	0	-0	-0	-0	300	0	200	-0
353	-9.14	345.87	-14.79	1561.54	0	-48.53	1701.57	-0	-0	-0	2109	0	-203	-0	-0	-0	-0	903	0	-403	-0	-0	-0	-0	300	0	-203	-0	-0	-0	-0	300	0	200	-0
354	-8.17	348.37	-14.47	1565.6	0	-51.53	1307.49	-0	-0	-0	2109	0	-203	-0	0	0	0	903	0	-403	0	-0	-0	-0	300	0	-203	-0	-0	-0	-0	300	0	200	-0
355	-8.01	344.6	-16.24	1567.73	0	-50.56	1445.13	-0	-0	-0	2109	0	-203	-0	-0	-0	-0	903	0	-403	-0	-0	-0	-0	300	0	-203	-0	-0	-0	-0	300	0	200	-0
356	-8.66	341.78	-14.94	1567.6	0	-50.99	1674.57	-0	-0	-0	2109	0	-203	-0	-0	-0	-0	903	0	-403	-0	-0	-0	-0	300	0	-203	-0	-0	-0	-0	300	0	200	-0
357	-8.66	340.84	-14.45	1571.64	0	-48.85	2136.33	-0	-0	-0	2109	0	-203	-0	-0	-0	-0	903	0	-403	-0	-0	-0	-0	300	0	-203	-0	-0	-0	-0	300	0	200	-0
358	-7.53	342.09	-14.94	1571.93	0	-49.71	1506.5	-0	-0	-0	2109	0	-203	-0	-0	-0	-0	903	0	-403	-0	-0	-0	-0	300	0	-203	-0	-0	-0	-0	300	0	200	-0
359	-6.08	343.03	-12.84	1574.69	0	-49.5	1689.02	-0	-0	-0	2109	0	-203	-0	-0	-0	-0	903	0	-403	-0	-0	-0	-0	300	0	-203	-0	-0	-0	-0	300	0	200	-0
360	-6.89	347.42	-12.36	1576.96	0	-49.86	1699.29	-0	-0	-0	2109	0	-203	-0	-0	-0	-0	903	0	-403	-0	-0	-0	-0	300	0	-203	-0	-0	-0	-0	300	0	200	-0
361	-4.96	354.32	-9.94	1578.32	0	-51.87	1638.25	-0	-0	-0	2109	0	-203	-0	-0	-0	-0	903	0	-403	-0	-0	-0	-0	300	0	-203	-0	-0	-0	-0	300	0	200	-0
362	-6.08	356.82	-9.6	1582.59	0	-53.52	2123.55	-0	-0	-0	2109	0	-203	-0	-0	-0	-0	903	0	-403	-0	-0	-0	-0	300	0	-203	-0	-0	-0	-0	300	0	200	-0
363	-7.05	356.83	-8.16	1583.86	0	-49.12	2162.23	-0	-0	-0	2109	0	-203	-0	-0	-0	-0	903	0	-403	-0	-0	-0	-0	300	0	-203	-0	-0	-0	-0	300	0	200	-0
364	-3.03	367.48	-7.01	1585.54	0	-53.63	2266.57	-0	-0	-0	2109	0	-203	-0	-0	-0	-0	903	0	-403	-0	0	0	0	300	0	-203	0	-0	-0	-0	300	0	200	-0
365	-4.8	368.74	-6.37	1588.44	0	-51.81	2810.91	-0	-0	-0	2109	0	-203	-0	-0	-0	-0	903	0	-403	-0	-0	-0	-0	300	0	-203	-0	-0	-0	-0	300	0	200	-0
366	-3.19	375.64	-2.82	1588.8	0	-53.13	2652.81	-0	-0	-0	2109	0	-203	-0	-0	-0	-0	903	0	-403	-0	-0	-0	-0	300	0	-203	-0	-0	-0	-0	300	0	200	-0
367	-0.94	375.96	-5.07	1594.19	0	-50.24	2822.97	-0	-0	-0	2109	0	-203	-0	-0	-0	-0	903	0	-403	-0	-0	-0	-0	300	0	-203	-0	-0	-0	-0	300	0	200	-0
368	-2.55	385.68	-3.79	1593.56	0	-52.47	2715.01	-0	-0	-0	2109	0	-203	-0	-0	-0	-0	903	0	-403	-0	-0	-0	-0	300	0	-203	-0	-0	-0	-0	300	0	200	-0
369	1.47	393.83	-3.77	1596.69	0	-52.91	3164.85	-0	-0	-0	2109	0	-203	-0	-0	-0	-0	903	0	-403	-0	-0	-0	-0	300	0	-203	-0	-0	-0	-0	300	0	200	-0
370	-0.29	398.86	-2.17	1595.96	0	-51.4	3738.38	-0	-0	-0	2109	0	-203	-0	-0	-0	-0	903	0	-403	-0	-0	-0	-0	300	0	-203	-0	-0	-0	-0	300	0	200	-0
371	3.56	405.45	-6.04	1599.45	0	-50.7	2802.61	-0	-0	-0	2109	0	-203	-0	-0	-0	-0	903	0	-403	-0	-0	-0	-0	300	0	-203	-0	-0	-0	-0	300	0	200	-0
372	5.34	412.67	-9.6	1602.72	0	-50.58	2646.22	-0	-0	-0	2109	0	-203	-0	-0	-0	-0	903	0	-403	-0	0	0	0	300	0	-203	0	-0	-0	-0	300	0	200	-0
373	6.46	419.58	-10.58	1602.16	0	-48.55	1963.96	-0	-0	-0	2109	0	-203	-0	-0	-0	-0	903	0	-403	-0	-0	-0	-0	300	0	-203	-0	-0	-0	-0	300	0	200	-0
374	8.55	431.82	-10.42	1604.75	0	-49.33	2061.5	-0	-0	-0	2109	0	-203	-0	-0	-0	-0	903	0	-403	-0	0	0	0	300	0	-203	0	-0	-0	-0	300	0	200	-0
375	8.55	441.24	-12.68	1606.33	0	-48.42	2013.17	-0	-0	-0	2109	0	-203	-0	-0	-0	-0	903	0	-403	-0	-0	-0	-0	300	0	-203	-0	-0	-0	-0	300	0	200	-0
376	8.23	454.41	-11.4	1606.15	0	-48.96	2030.8	-0	-0	-0	2109	0	-203	-0	-0	-0	-0	903	0	-403	-0	-0	-0	-0	300	0	-203	-0	-0	-0	-0	300	0	200	-0
377	10.64	466.97	-14.77	1607.46	0	-48.93	2122.35	-0	-0	-0	2109	0	-203	-0	0	0	0	903	0	-403	0	-0	-0	-0	300	0	-203	-0	-0	-0	-0	300	0	200	-0
378	11.77	481.71	-13.66	1606.16	0	-49.55	1764.19	-0	-0	-0	2109	0	-203	-0	-0	-0	-0	903	0	-403	-0	-0	-0	-0	300	0	-203	-0	-0	-0	-0	300	0	200	-0
379	14.18	492.38	-15.1	1608.55	0	-49.96	2184.25	-0	-0	-0	2109	0	-203	-0	-0	-0	-0	903	0	-403	-0	-0	-0	-0	300	0	-203	-0	-0	-0	-0	300	0	200	-0
380	17.4	506.81	-15.75	1609.4	0	-50.66	1983.85	-0	-0	-0	2109	0	-203	-0	0	0	0	903	0	-403	0	-0	-0	-0	300	0	-203	-0	-0	-0	-0	300	0	200	-0
381	22.06	517.17	-16.88	1609.82	0	-49.67	1461	-0	-0	-0	2109	0	-203	-0	-0	-0	-0	903	0	-403	-0	-0	-0	-0	300	0	-203	-0	-0	-0	-0	300	0	200	-0
382	24.8	533.48	-16.55	1610.65	0	-50.38	2142.79	-0	-0	-0	2109	0	-203	-0	-0	-0	-0	903	0	-403	-0	-0	-0	-0	300	0	-203	-0	-0	-0	-0	300	0	200	-0
383	29.62	541.02	-16.71	1611.24	0	-49.73	1663.46	-0	-0	-0	2109	0	-203	-0	-0	-0	-0	903	0	-403	-0	0	0	0	300	0	-203	0	-0	-0	-0	300	0	200	-0
384	33	556.71	-14.44	1611.72	0	-49.8	2252.1	-0	-0	-0	2109	0	-203	-0	0	0	0	903	0	-403	0	-0	-0	-0	300	0	-203	-0	-0	-0	-0	300	0	200	-0
385	37.34	566.76	-16.71	1610.44	0	-48.46	1449.8	-0	-0	-0	2109	0	-203	-0	-0	-0	-0	903	0	-403	-0	-0	-0	-0	300	0	-203	-0	-0	-0	-0	300	0	200	-0
386	40.07	585.58	-14.44	1611.37	0	-50.41	1775.45	-0	-0	-0	2109	0	-203	-0	0	0	0	903	0	-403	0	-0	-0	-0	300	0	-203	-0	0	0	0	300	0	200	0
387	44.41	599.39	-15.56	1613.05	0	-49.24	2140.15	-0	-0	-0	2109	0	-203	-0	-0	-0	-0	903	0	-403	-0	-0	-0	-0	300	0	-203	-0	-0	-0	-0	300	0	200	-0
388	46.34	618.21	-16.69	1611.57	0	-51.82	1922.78	-0	-0	-0	2109	0	-203	-0	-0	-0	-0	903	0	-403	-0	-0	-0	-0	300	0	-203	-0	-0	-0	-0	300	0	200	-0
389	51.16	629.2	-15.39	1613.18	0	-50.47	2255.61	-0	-0	-0	2109	0	-203	-0	0	0	0	903	0	-403	0	-0	-0	-0	300	0	-203	-0	-0	-0	-0	300	0	200	-0
390	52.45	645.52	-16.03	1613.09	0	-50.41	2489.02	-0	-0	-0	2109	0	-203	-0	-0	-0	-0	903	0	-403	-0	-0	-0	-0	300	0	-203	-0	-0	-0	-0	300	0	200	-0
391	57.92	659.95	-16.52	1611.71	0	-51.04	2131.42	-0	-0	-0	2109	0	-203	-0	-0	-0	-0	903	0	-403	-0	-0	-0	-0	300	0	-203	-0	-0	-0	-0	300	0	200	-0
392	61.94	676.89	-16.34	1613.98	0	-51.38	2787.24	-0	-0	-0	2109	0	-203	-0	-0	-0	-0	903	0	-403	-0	-0	-0	-0	300	0	-203	-0	-0	-0	-0	300	0	200	-0
393	66.92	693.52	-16.99	1612.73	0	-51.65	2340.57	-0	-0	-0	2109	0	-203	-0	-0	-0	-0	903	0	-403	-0	-0	-0	-0	300	0	-203	-0	-0	-0	-0	300	0	200	-0
394	69.66	704.19	-16.18	1614.15	0	-51.85	2570.64	-0	-0	-0	2109	0	-203	-0	-0	-0	-0	903	0	-403	-0	-0	-0	-0	300	0	-203	-0	-0	-0	-0	300	0	200	-0
395	74.32	711.41	-17.46	1615.22	0	-50.46	2358	-0	-0	-0	2109	0	-203	-0	-0	-0	-0	903	0	-403	-0	-0	-0	-0	300	0	-203	-0	-0	-0	-0	300	0	200	-0
396	78.34	725.53	-17.46	1614.48	0	-51.3	2318.24	-0	-0	-0	2109	0	-203	-0	-0	-0	-0	903	0	-403	-0	-0	-0	-0	300	0	-203	-0	-0	-0	-0	300	0	200	-0
397	82.84	741.22	-17.3	1613.66	0	-51.35	2205.59	-0	-0	-0	2109	0	-203	-0	-0	-0	-0	903	0	-403	-0	-0	-0	-0	300	0	-203	-0	-0	-0	-0	300	0	200	-0
398	86.54	746.87	-19.07	1615.43	0	-50.8	1860.09	-0	-0	-0	2109	0	-203	-0	-0	-0	-0	903	0	-403	-0	-0	-0	-0	300	0	-203	-0	-0	-0	-0	300	0	200	-0
399	93.77	755.03	-20.19	1615.37	0	-51.52	1541.42	-0	-0	-0	2109	0	-203	-0	0	0	0	903	0	-403	0	-0	-0	-0	300	0	-203	-0	-0	-0	-0	300	0	200	-0
400	95.86	765.7	-20.19	1615.78	0	-51.17	1821.01	-0	-0	-0	2109	0	-203	-0	0	0	0	903	0	-403	0	-0	-0	-0	300	0	-203	-0	-0	-0	-0	300	0	200	-0
401	102.78	772.29	-19.37	1614.38	0	-52.27	1671.47	-0	-0	-0	2109	0	-203	-0	-0	-0	-0	903	0	-403	-0	-0	-0	-0	300	0	-203	-0	-0	-0	-0	300	0	200	-0
402	104.87	776.05	-20.18	1616.57	0	-51.59	1989.91	-0	-0	-0	2109	0	-203	-0	-0	-0	-0	903	0	-403	-0	-0	-0	-0	300	0	-203	-0	-0	-0	-0	300	0	200	-0
403	107.92	778.87	-19.37	1616.28	0	-52.33	1613.15	-0	-0	-0	2109	0	-203	-0	-0	-0	-0	903	0	-403	-0	-0	-0	-0	300	0	-203	-0	-0	-0	-0	300	0	200	-0
404	116.44	777.93	-18.54	1619.11	0	-52.05	1638.27	-0	-0	-0	2109	0	-203	-0	-0	-0	-0	903	0	-403	-0	-0	-0	-0	300	0	-203	-0	-0	-0	-0	300	0	200	-0
405	117.73	779.5	-18.72	1616.79	0	-51.74	1075.05	-0	-0	-0	2109	0	-203	-0	-0	-0	-0	903	0	-403	-0	-0	-0	-0	300	0	-203	-0	-0	-0	-0	300	0	200	-0
406	123.35	780.74	-17.4	1618.25	0	-53.15	1713.33	-0	-0	-0	2109	0	-203	-0	-0	-0	-0	903	0	-403	-0	-0	-0	-0	300	0	-203	-0	-0	-0	-0	300	0	200	-0
407	126.57	775.1	-17.41	1617.49	0	-52.45	1167.39	-0	-0	-0	2109	0	-203	-0	-0	-0	-0	903	0	-403	-0	-0	-0	-0	300	0	-203	-0	-0	-0	-0	300	0	200	-0
408	130.75	768.51	-16.44	1618.62	0	-52.52	818.21	-0	-0	-0	2109	0	-203	-0	-0	-0	-0	903	0	-403	-0	-0	-0	-0	300	0	-203	-0	-0	-0	-0	300	0	200	-0
409	136.53	758.79	-17.4	1619.03	0	-51.4	516.46	-0	-0	-0	2109	0	-203	-0	-0	-0	-0	903	0	-403	-0	-0	-0	-0	300	0	-203	-0	-0	-0	-0	300	0	200	-0
410	138.62	757.84	-15.78	1618.22	0	-52.94	578.99	-0	-0	-0	2109	0	-203	-0	0	0	0	903	0	-403	0	-0	-0	-0	300	0	-203	-0	-0	-0	-0	300	0	200	-0
411	144.89	743.72	-14.8	1618.99	0	-52.81	370.11	-0	-0	-0	2109	0	-203	-0	-0	-0	-0	903	0	-403	-0	-0	-0	-0	300	0	-203	-0	-0	-0	-0	300	0	200	-0
412	146.82	737.12	-17.22	1619.87	0	-53.82	-16.48	-0	-0	-0	2109	0	-203	-0	-0	-0	-0	903	0	-403	-0	-0	-0	-0	300	0	-203	-0	-0	-0	-0	300	0	200	-0
413	149.87	721.12	-13.17	1620.95	0	-53.43	552.86	-0	-0	-0	2109	0	-203	-0	-0	-0	-0	903	0	-403	-0	-0	-0	-0	300	0	-203	-0	-0	-0	-0	300	0	200	-0
414	151.96	708.88	-13	1621.22	0	-53.22	689.6	-0	-0	-0	2109	0	-203	-0	-0	-0	-0	903	0	-403	-0	-0	-0	-0	300	0	-203	-0	-0	-0	-0	300	0	200	-0
415	156.62	691.63	-12.04	1619.62	0	-53.39	-422.27	-1.6	31.88	-2.41	2200.57	0	-121.98	197.85	-0	-0	-0	903	0	-403	-0	-0	-0	-0	300	0	-203	-0	-0	-0	-0	300	0	200	-0
416	157.75	679.69	-9.93	1621.14	0	-54.6	343.1	-8.48	146.94	-3.54	2209.1	0	-131.22	-108.56	-0	-0	-0	903	0	-403	-0	0	0	0	300	0	-203	0	-0	-0	-0	300	0	200	-0
417	161.44	665.25	-8.15	1619.57	0	-55.22	113.52	-16.97	357.04	-6.43	2210.29	0	-131.87	-133.99	-0	-0	-0	903	0	-403	-0	-0	-0	-0	300	0	-203	-0	-0	-0	-0	300	0	200	-0
418	161.44	642.97	-6.69	1620.68	0	-55.55	322.87	-22.4	385.79	-17.15	2212.75	0	-129.95	-553.01	-0	-0	-0	903	0	-403	-0	-0	-0	-0	300	0	-203	-0	-0	-0	-0	300	0	200	-0
419	164.17	618.5	-5.88	1621.18	0	-55.01	-180.42	-33.11	357.64	-26.59	2214.24	0	-129.66	-673.62	-0	-0	-0	903	0	-403	-0	-0	-0	-0	300	0	-203	-0	-0	-0	-0	300	0	200	-0
420	164.33	600.29	-2.32	1620.92	0	-56.88	190.34	-45.9	362.32	-28.5	2217.91	0	-128.27	-170.52	0	0	0	903	0	-403	0	-0	-0	-0	300	0	-203	-0	-0	-0	-0	300	0	200	-0
421	164.81	566.4	1.39	1622.09	0	-56.06	175.11	-56.94	383.89	-28.66	2219.04	0	-128.1	-332.53	-0	-0	-0	903	0	-403	-0	0	0	0	300	0	-203	0	-0	-0	-0	300	0	200	-0
422	163.04	540.35	0.91	1621.38	0	-56.89	-115.55	-67.49	411.72	-25.78	2222.07	0	-129.65	-355.72	-0	-0	-0	903	0	-403	-0	-0	-0	-0	300	0	-203	-0	-0	-0	-0	300	0	200	-0
423	163.04	502.7	3.83	1620.55	0	-56.61	-144.9	-81.4	424.84	-23.37	2224.36	0	-127.93	-283.83	-0	-0	-0	903	0	-403	-0	-0	-0	-0	300	0	-203	-0	-0	-0	-0	300	0	200	-0
424	160.46	473.2	6.58	1621.07	0	-58.02	426.83	-94.19	427.34	-20.65	2226.64	0	-129.48	-92.72	-0	-0	-0	903	0	-403	-0	0	0	0	300	0	-203	0	-0	-0	-0	300	0	200	-0
425	155.8	432.41	5.29	1621.26	0	-56.85	-481.35	-98.67	424.21	-18.57	2231.43	0	-128.88	290.49	-0	-0	-0	903	0	-403	-0	-0	-0	-0	300	0	-203	-0	-0	-0	-0	300	0	200	-0
426	151.13	393.18	9.49	1622.47	0	-58.7	-274.09	-97.87	436.72	-16.97	2233.17	0	-130.83	212.24	-0	-0	-0	903	0	-403	-0	-0	-0	-0	300	0	-203	-0	-0	-0	-0	300	0	200	-0
427	138.11	350.81	10.77	1623.86	0	-59.23	487.76	-93.55	450.79	-13.93	2236.83	0	-132.18	99.47	-0	-0	-0	903	0	-403	-0	-0	-0	-0	300	0	-203	-0	-0	-0	-0	300	0	200	-0
428	126.53	312.52	13.18	1619.68	0	-61.96	174.27	-97.23	466.11	-10.09	2239.63	0	-132.11	591.25	-0	-0	-0	903	0	-403	-0	-0	-0	-0	300	0	-203	-0	-0	-0	-0	300	0	200	-0
429	113.99	259.81	13.83	1626.92	0	-58.74	386.23	-102.98	470.8	-9.12	2242.39	0	-132.8	-45.44	-0	-0	-0	903	0	-403	-0	-0	-0	-0	300	0	-203	-0	-0	-0	-0	300	0	200	-0
430	98.87	219.95	12.2	1623.02	0	-64.95	179.11	-112.41	477.05	-5.44	2246.51	0	-133.04	327.73	0	0	0	903	0	-403	0	-0	-0	-0	300	0	-203	-0	-0	-0	-0	300	0	200	-0
431	84.72	167.24	12.83	1625.88	0	-64.93	-88.01	-120.25	482.36	-2.71	2250.83	0	-132.06	561.65	-0	-0	-0	903	0	-403	-0	0	0	0	300	0	-203	0	0	0	0	300	0	200	0
432	62.05	131.77	10.72	1637.05	0	-66.53	611.2	-127.92	498.94	0.65	2252.03	0	-134.18	346.09	-0	-0	-0	903	0	-403	-0	-0	-0	-0	300	0	-203	-0	-0	-0	-0	300	0	200	-0
433	48.23	97.26	9.41	1640.65	0	-64.44	5.69	-134.48	515.5	3.06	2256.4	0	-134.2	458.67	-0	-0	-0	903	0	-403	-0	-0	-0	-0	300	0	-203	-0	-0	-0	-0	300	0	200	-0
434	31.99	80.62	8.76	1645.57	0	-75.9	1127.29	-144.07	537.38	5.62	2258.62	0	-133.71	747.01	-0	-0	-0	903	0	-403	-0	-0	-0	-0	300	0	-203	-0	-0	-0	-0	300	0	200	-0
435	20.09	65.25	7.29	1657.22	0	-70.71	808.72	-151.42	558.64	7.06	2260.8	0	-134.35	833.93	-0	-0	-0	903	0	-403	-0	-0	-0	-0	300	0	-203	-0	-0	-0	-0	300	0	200	-0
436	13.34	52.7	6.47	1660.91	0	-75.65	773.79	-155.58	580.83	5.63	2262.3	0	-133.93	878.96	-0	-0	-0	903	0	-403	-0	-0	-0	-0	300	0	-203	-0	-0	-0	-0	300	0	200	-0
437	6.59	37.64	5.49	1694.32	0	-63.99	645.92	-156.7	596.77	4.66	2263.46	0	-133.78	1112.8	-0	-0	-0	903	0	-403	-0	0	0	0	300	0	-203	0	-0	-0	-0	300	0	200	-0
438	2.09	34.51	3.07	1668.83	0	-70.01	122.32	-157.18	613.34	4.02	2265.47	0	-134.18	1242.52	-0	-0	-0	903	0	-403	-0	-0	-0	-0	300	0	-203	-0	-0	-0	-0	300	0	200	-0
439	-0	-0	-0	1506	0	-203	-0	-157.02	623.03	3.86	2265.35	0	-133.63	1278.49	-0	-0	-0	903	0	-403	-0	-0	-0	-0	300	0	-203	-0	0	0	0	300	0	200	0
440	-0	-0	-0	1506	0	-203	-0	-154.94	634.6	7.86	2265.71	0	-134.07	1450.81	-0	-0	-0	903	0	-403	-0	0	0	0	300	0	-203	0	-0	-0	-0	300	0	200	-0
441	-0	-0	-0	1506	0	-203	-0	-153.98	647.41	9.78	2266.26	0	-134.08	1497.12	-0	-0	-0	903	0	-403	-0	-0	-0	-0	300	0	-203	-0	-0	-0	-0	300	0	200	-0
442	-0	-0	-0	1506	0	-203	-0	-150.94	655.23	12.02	2266.03	0	-134.33	1207.59	-0	-0	-0	903	0	-403	-0	0	0	0	300	0	-203	0	-0	-0	-0	300	0	200	-0
443	-0	-0	-0	1506	0	-203	-0	-147.91	662.11	12.66	2266.13	0	-134.32	1325.93	-0	-0	-0	903	0	-403	-0	-0	-0	-0	300	0	-203	-0	-0	-0	-0	300	0	200	-0
444	-0	-0	-0	1506	0	-203	-0	-145.03	664.92	12.02	2266.33	0	-133.93	1114.01	-0	-0	-0	903	0	-403	-0	-0	-0	-0	300	0	-203	-0	-0	-0	-0	300	0	200	-0
445	-0	-0	-0	1506	0	-203	-0	-140.55	663.98	14.26	2265.65	0	-134.51	1498.11	-0	-0	-0	903	0	-403	-0	-0	-0	-0	300	0	-203	-0	0	0	0	300	0	200	0
446	-0	-0	-0	1506	0	-203	-0	-136.39	668.36	14.74	2266.42	0	-134.48	1540.93	-0	-0	-0	903	0	-403	-0	-0	-0	-0	300	0	-203	-0	-0	-0	-0	300	0	200	-0
447	-0	-0	-0	1506	0	-203	-0	-132.4	666.49	16.18	2266.03	0	-134.52	1162.38	-0	-0	-0	903	0	-403	-0	-0	-0	-0	300	0	-203	-0	-0	-0	-0	300	0	200	-0
448	-0	-0	-0	1506	0	-203	-0	-126.8	666.18	18.26	2266.41	0	-135.19	1181.15	-0	-0	-0	903	0	-403	-0	-0	-0	-0	300	0	-203	-0	-0	-0	-0	300	0	200	-0
449	-0	-0	-0	1506	0	-203	-0	-123.12	664.31	20.66	2265.99	0	-134.59	1283.51	-0	-0	-0	903	0	-403	-0	-0	-0	-0	300	0	-203	-0	-0	-0	-0	300	0	200	-0
450	-0	-0	-0	1506	0	-203	-0	-117.05	663.69	24.17	2265.26	0	-135.63	1011.45	-0	-0	-0	903	0	-403	-0	-0	-0	-0	300	0	-203	-0	-0	-0	-0	300	0	200	-0
451	-0	-0	-0	1506	0	-203	-0	-112.25	658.68	26.09	2266.8	0	-135.21	1305.52	-0	-0	-0	903	0	-403	-0	-0	-0	-0	300	0	-203	-0	-0	-0	-0	300	0	200	-0
452	-0	-0	-0	1506	0	-203	-0	-107.46	654	27.85	2265.89	0	-135.45	1007.94	0	0	0	903	0	-403	0	0	0	0	300	0	-203	0	-0	-0	-0	300	0	200	-0
453	-0	-0	-0	1506	0	-203	-0	-101.54	646.81	30.25	2266.24	0	-136.21	1135.4	0	0	0	903	0	-403	0	-0	-0	-0	300	0	-203	-0	-0	-0	-0	300	0	200	-0
454	-0	-0	-0	1506	0	-203	-0	-97.22	640.87	31.05	2267.14	0	-136.17	1106.59	-0	-0	-0	903	0	-403	-0	-0	-0	-0	300	0	-203	-0	-0	-0	-0	300	0	200	-0
455	-0	-0	-0	1506	0	-203	-0	-92.27	636.5	33.13	2265.85	0	-136.14	667.56	-0	-0	-0	903	0	-403	-0	-0	-0	-0	300	0	-203	-0	0	0	0	300	0	200	0
456	-0	-0	-0	1506	0	-203	-0	-87.47	633.07	35.37	2265.98	0	-136.85	1048.38	-0	-0	-0	903	0	-403	-0	-0	-0	-0	300	0	-203	-0	-0	-0	-0	300	0	200	-0
457	-0	-0	-0	1506	0	-203	-0	-83.96	624	35.37	2266.83	0	-136.91	636.9	-0	-0	-0	903	0	-403	-0	-0	-0	-0	300	0	-203	-0	-0	-0	-0	300	0	200	-0
458	-0	-0	-0	1506	0	-203	-0	-79.48	617.44	36.97	2266.93	0	-137.97	679.11	-0	-0	-0	903	0	-403	-0	-0	-0	-0	300	0	-203	-0	-0	-0	-0	300	0	200	-0
459	-0	-0	-0	1506	0	-203	-0	-74.52	611.19	36.97	2267.71	0	-137.92	728.47	-0	-0	-0	903	0	-403	-0	-0	-0	-0	300	0	-203	-0	-0	-0	-0	300	0	200	-0
460	-0	-0	-0	1506	0	-203	-0	-72.6	600.56	37.45	2267.13	0	-137.97	596.5	-0	-0	-0	903	0	-403	-0	-0	-0	-0	300	0	-203	-0	-0	-0	-0	300	0	200	-0
461	-0	-0	-0	1506	0	-203	-0	-67.81	587.12	38.25	2269.55	0	-138.53	562.05	-0	-0	-0	903	0	-403	-0	-0	-0	-0	300	0	-203	-0	-0	-0	-0	300	0	200	-0
462	-0	-0	-0	1506	0	-203	-0	-65.41	577.43	37.93	2269.74	0	-138.44	554.44	-0	-0	-0	903	0	-403	-0	-0	-0	-0	300	0	-203	-0	-0	-0	-0	300	0	200	-0
463	-0	-0	-0	1506	0	-203	-0	-61.89	566.8	38.41	2269.52	0	-139.05	327.08	-0	-0	-0	903	0	-403	-0	-0	-0	-0	300	0	-203	-0	-0	-0	-0	300	0	200	-0
464	-0	-0	-0	1506	0	-203	-0	-57.73	554.3	37.78	2272.6	0	-139.28	190.24	-0	-0	-0	903	0	-403	-0	-0	-0	-0	300	0	-203	-0	-0	-0	-0	300	0	200	-0
465	-0	-0	-0	1506	0	-203	-0	-55.97	541.79	36.5	2272.15	0	-138.89	73.07	-0	-0	-0	903	0	-403	-0	-0	-0	-0	300	0	-203	-0	0	0	0	300	0	200	0
466	-0	-0	-0	1506	0	-203	-0	-53.1	531.48	38.57	2273.58	0	-139.64	516.64	-0	-0	-0	903	0	-403	-0	-0	-0	-0	300	0	-203	-0	-0	-0	-0	300	0	200	-0
467	-0	-0	-0	1506	0	-203	-0	-49.9	521.16	36.65	2273.89	0	-139.64	279.38	-0	-0	-0	903	0	-403	-0	-0	-0	-0	300	0	-203	-0	-0	-0	-0	300	0	200	-0
468	-0	-0	-0	1506	0	-203	-0	-48.62	513.97	35.85	2274.5	0	-140.07	278.59	-0	-0	-0	903	0	-403	-0	-0	-0	-0	300	0	-203	-0	-0	-0	-0	300	0	200	-0
469	-0	-0	-0	1506	0	-203	-0	-43.98	499.58	32.66	2277.21	0	-140.07	-266.72	0	0	0	903	0	-403	0	0	0	0	300	0	-203	0	-0	-0	-0	300	0	200	-0
470	-0	-0	-0	1506	0	-203	-0	-43.66	490.52	32.33	2277.16	0	-140.08	143.23	0	0	0	903	0	-403	0	-0	-0	-0	300	0	-203	-0	-0	-0	-0	300	0	200	-0
471	-0	-0	-0	1506	0	-203	-0	-41.74	480.52	31.21	2277.73	0	-139.97	93.55	-0	-0	-0	903	0	-403	-0	-0	-0	-0	300	0	-203	-0	-0	-0	-0	300	0	200	-0
472	-0	-0	-0	1506	0	-203	-0	-39.02	471.76	30.09	2279.55	0	-140.51	36.37	-0	-0	-0	903	0	-403	-0	-0	-0	-0	300	0	-203	-0	-0	-0	-0	300	0	200	-0
473	-0	-0	-0	1506	0	-203	-0	-37.1	457.68	26.74	2281.86	0	-139.18	-115.59	0	0	0	903	0	-403	0	-0	-0	-0	300	0	-203	-0	-0	-0	-0	300	0	200	-0
474	-0	-0	-0	1506	0	-203	-0	-35.02	448.31	26.41	2283.47	0	-140.72	-155.07	-0	-0	-0	903	0	-403	-0	-0	-0	-0	300	0	-203	-0	-0	-0	-0	300	0	200	-0
475	-0	-0	-0	1506	0	-203	-0	-32.31	440.81	24.17	2283.9	0	-140.75	-123.01	-0	-0	-0	903	0	-403	-0	-0	-0	-0	300	0	-203	-0	-0	-0	-0	300	0	200	-0
476	-0	-0	-0	1506	0	-203	-0	-32.14	432.36	23.86	2284.58	0	-140.01	-180.05	-0	-0	-0	903	0	-403	-0	-0	-0	-0	300	0	-203	-0	-0	-0	-0	300	0	200	-0
477	-0	-0	-0	1506	0	-203	-0	-28.79	420.17	21.45	2288.13	0	-140.15	-228.49	-0	-0	-0	903	0	-403	-0	-0	-0	-0	300	0	-203	-0	-0	-0	-0	300	0	200	-0
478	-0	-0	-0	1506	0	-203	-0	-28.31	414.54	19.85	2287.6	0	-140.38	-312.14	-0	-0	-0	903	0	-403	-0	-0	-0	-0	300	0	-203	-0	-0	-0	-0	300	0	200	-0
479	-0	-0	-0	1506	0	-203	-0	-27.03	404.85	18.9	2289.71	0	-140.57	-476.95	0	0	0	903	0	-403	0	-0	-0	-0	300	0	-203	-0	-0	-0	-0	300	0	200	-0
480	-0	-0	-0	1506	0	-203	-0	-24.63	397.03	18.09	2291.83	0	-140.47	-52.91	-0	-0	-0	903	0	-403	-0	-0	-0	-0	300	0	-203	-0	-0	-0	-0	300	0	200	-0
481	-0	-0	-0	1506	0	-203	-0	-24.63	392.96	17.62	2291.65	0	-139.98	-175.82	-0	-0	-0	903	0	-403	-0	-0	-0	-0	300	0	-203	-0	-0	-0	-0	300	0	200	-0
482	-0	-0	-0	1506	0	-203	-0	-22.71	387.97	15.7	2292.64	0	-140.95	-678.3	-0	-0	-0	903	0	-403	-0	-0	-0	-0	300	0	-203	-0	-0	-0	-0	300	0	200	-0
483	-0	-0	-0	1506	0	-203	-0	-20.95	380.15	14.9	2295.16	0	-141.25	-327.71	-0	-0	-0	903	0	-403	-0	-0	-0	-0	300	0	-203	-0	-0	-0	-0	300	0	200	-0
484	-0	-0	-0	1506	0	-203	-0	-20.31	373.58	13.14	2297.34	0	-139.89	-771.1	-0	-0	-0	903	0	-403	-0	-0	-0	-0	300	0	-203	-0	-0	-0	-0	300	0	200	-0
485	-0	-0	-0	1506	0	-203	-0	-19.03	371.39	12.66	2298.11	0	-141.9	-670.38	0	0	0	903	0	-403	0	-0	-0	-0	300	0	-203	-0	-0	-0	-0	300	0	200	-0
486	-0	-0	-0	1506	0	-203	-0	-18.55	364.51	12.34	2301.41	0	-140.79	-321.75	-0	-0	-0	903	0	-403	-0	-0	-0	-0	300	0	-203	-0	-0	-0	-0	300	0	200	-0
487	-0	-0	-0	1506	0	-203	-0	-18.39	361.07	10.74	2303.09	0	-140.93	-731.53	-0	-0	-0	903	0	-403	-0	0	0	0	300	0	-203	0	-0	-0	-0	300	0	200	-0
488	-0	-0	-0	1506	0	-203	-0	-16.79	356.07	9.78	2306.39	0	-141.24	-554.91	-0	-0	-0	903	0	-403	-0	-0	-0	-0	300	0	-203	-0	-0	-0	-0	300	0	200	-0
489	-0	-0	-0	1506	0	-203	-0	-16.63	358.26	8.98	2304.68	0	-141.83	-708.85	-0	-0	-0	903	0	-403	-0	-0	-0	-0	300	0	-203	-0	-0	-0	-0	300	0	200	-0
490	-0	-0	-0	1506	0	-203	-0	-15.83	353.57	8.98	2309.68	0	-142.19	-762.98	-0	-0	-0	903	0	-403	-0	0	0	0	300	0	-203	0	-0	-0	-0	300	0	200	-0
491	-0	-0	-0	1506	0	-203	-0	-15.19	350.75	8.34	2311.21	0	-141.25	-289.62	-0	-0	-0	903	0	-403	-0	-0	-0	-0	300	0	-203	-0	-0	-0	-0	300	0	200	-0
492	-0	-0	-0	1506	0	-203	-0	-15.03	348.87	7.54	2314.47	0	-141.03	-598.97	-0	-0	-0	903	0	-403	-0	-0	-0	-0	300	0	-203	-0	-0	-0	-0	300	0	200	-0
493	-0	-0	-0	1506	0	-203	-0	-14.23	350.13	7.7	2314.56	0	-143.16	-389.54	-0	-0	-0	903	0	-403	-0	-0	-0	-0	300	0	-203	-0	-0	-0	-0	300	0	200	-0
494	-0	-0	-0	1506	0	-203	-0	-14.23	347.31	5.46	2319.65	0	-142.23	-641.23	-0	-0	-0	903	0	-403	-0	-0	-0	-0	300	0	-203	-0	-0	-0	-0	300	0	200	-0
495	-0	-0	-0	1506	0	-203	-0	-14.71	347	6.74	2321.04	0	-143.19	-392.64	-0	-0	-0	903	0	-403	-0	-0	-0	-0	300	0	-203	-0	-0	-0	-0	300	0	200	-0
496	-0	-0	-0	1506	0	-203	-0	-13.59	347.94	6.59	2324.76	0	-143.7	-270.86	0	0	0	903	0	-403	0	-0	-0	-0	300	0	-203	-0	0	0	0	300	0	200	0
497	-0	-0	-0	1506	0	-203	-0	-14.23	348.87	5.95	2324.99	0	-143.4	-607.47	-0	-0	-0	903	0	-403	-0	0	0	0	300	0	-203	0	-0	-0	-0	300	0	200	-0
498	-0	-0	-0	1506	0	-203	-0	-13.75	351.38	6.43	2326.72	0	-144.83	-375	-0	-0	-0	903	0	-403	-0	0	0	0	300	0	-203	0	-0	-0	-0	300	0	200	-0
499	-0	-0	-0	1506	0	-203	-0	-14.06	352	6.43	2329.49	0	-144.3	-266.89	-0	-0	-0	903	0	-403	-0	-0	-0	-0	300	0	-203	-0	-0	-0	-0	300	0	200	-0
500	-0	-0	-0	1506	0	-203	-0	-14.7	355.44	7.23	2330.26	0	-145.71	-381.21	-0	-0	-0	903	0	-403	-0	-0	-0	-0	300	0	-203	-0	0	0	0	300	0	200	0
501	-0	-0	-0	1506	0	-203	-0	-11.03	356.69	8.03	2333.49	0	-145.39	-193.58	-0	-0	-0	903	0	-403	-0	-0	-0	-0	300	0	-203	-0	-0	-0	-0	300	0	200	-0
502	-0	-0	-0	1506	0	-203	-0	-12.14	357.94	8.04	2336.05	0	-145.38	-420.81	-0	-0	-0	903	0	-403	-0	-0	-0	-0	300	0	-203	-0	-0	-0	-0	300	0	200	-0
503	-0	-0	-0	1506	0	-203	-0	-9.91	361.38	9.32	2337.13	0	-146.49	-337.01	-0	-0	-0	903	0	-403	-0	0	0	0	300	0	-203	0	-0	-0	-0	300	0	200	-0
504	-0	-0	-0	1506	0	-203	-0	-8.94	363.57	9.16	2341.91	0	-146.95	-304.38	-0	-0	-0	903	0	-403	-0	-0	-0	-0	300	0	-203	-0	-0	-0	-0	300	0	200	-0
505	-0	-0	-0	1506	0	-203	-0	-8.94	369.2	9.17	2341.07	0	-147.4	-698.85	-0	-0	-0	903	0	-403	-0	-0	-0	-0	300	0	-203	-0	-0	-0	-0	300	0	200	-0
506	-0	-0	-0	1506	0	-203	-0	-7.98	377.96	12.36	2341.11	0	-149.09	65.25	-0	-0	-0	903	0	-403	-0	-0	-0	-0	300	0	-203	-0	-0	-0	-0	300	0	200	-0
507	-0	-0	-0	1506	0	-203	-0	-6.55	380.46	11.73	2345.36	0	-148.34	-264.93	-0	-0	-0	903	0	-403	-0	-0	-0	-0	300	0	-203	-0	-0	-0	-0	300	0	200	-0
508	-0	-0	-0	1506	0	-203	-0	-4.15	389.84	13.65	2344.46	0	-149.81	-312.24	-0	-0	-0	903	0	-403	-0	-0	-0	-0	300	0	-203	-0	-0	-0	-0	300	0	200	-0
509	-0	-0	-0	1506	0	-203	-0	-1.91	397.66	13.33	2346.24	0	-150.24	-380.85	-0	-0	-0	903	0	-403	-0	-0	-0	-0	300	0	-203	-0	-0	-0	-0	300	0	200	-0
510	-0	-0	-0	1506	0	-203	-0	-0.63	408.61	14.77	2346	0	-151.03	-360.16	-0	-0	-0	903	0	-403	-0	-0	-0	-0	300	0	-203	-0	-0	-0	-0	300	0	200	-0
511	-0	-0	-0	1506	0	-203	-0	5.29	414.24	17.33	2348.9	0	-151.98	-268.1	-0	-0	-0	903	0	-403	-0	-0	-0	-0	300	0	-203	-0	-0	-0	-0	300	0	200	-0
512	-0	-0	-0	1506	0	-203	-0	7.68	427.37	20.06	2347.36	0	-152.2	-74.52	-0	-0	-0	903	0	-403	-0	0	0	0	300	0	-203	0	-0	-0	-0	300	0	200	-0
513	-0	-0	-0	1506	0	-203	-0	10.88	434.57	21.66	2349.1	0	-153.12	-76.78	-0	-0	-0	903	0	-403	-0	-0	-0	-0	300	0	-203	-0	-0	-0	-0	300	0	200	-0
514	-0	-0	-0	1506	0	-203	-0	13.28	447.39	22.46	2350.16	0	-153.72	117.08	-0	-0	-0	903	0	-403	-0	-0	-0	-0	300	0	-203	-0	-0	-0	-0	300	0	200	-0
515	-0	-0	-0	1506	0	-203	-0	16	457.71	21.98	2349.79	0	-153.65	-358.29	-0	-0	-0	903	0	-403	-0	-0	-0	-0	300	0	-203	-0	-0	-0	-0	300	0	200	-0
516	-0	-0	-0	1506	0	-203	-0	19.68	473.97	24.38	2348.24	0	-154.95	229.03	-0	-0	-0	903	0	-403	-0	-0	-0	-0	300	0	-203	-0	-0	-0	-0	300	0	200	-0
517	-0	-0	-0	1506	0	-203	-0	22.55	484.6	23.26	2349.73	0	-155.04	-31.08	-0	-0	-0	903	0	-403	-0	-0	-0	-0	300	0	-203	-0	-0	-0	-0	300	0	200	-0
518	-0	-0	-0	1506	0	-203	-0	27.19	497.43	25.66	2349.13	0	-155.97	116.05	-0	-0	-0	903	0	-403	-0	-0	-0	-0	300	0	-203	-0	-0	-0	-0	300	0	200	-0
519	-0	-0	-0	1506	0	-203	-0	30.87	510.24	24.38	2348.71	0	-156.62	163.95	-0	-0	-0	903	0	-403	-0	-0	-0	-0	300	0	-203	-0	-0	-0	-0	300	0	200	-0
520	-0	-0	-0	1506	0	-203	-0	34.54	525.89	24.06	2346.91	0	-156.6	-311.74	-0	-0	-0	903	0	-403	-0	-0	-0	-0	300	0	-203	-0	-0	-0	-0	300	0	200	-0
521	-0	-0	-0	1506	0	-203	-0	40.14	538.71	24.38	2346.51	0	-157.75	-260.68	-0	-0	-0	903	0	-403	-0	-0	-0	-0	300	0	-203	-0	-0	-0	-0	300	0	200	-0
522	-0	-0	-0	1506	0	-203	-0	44.14	550.9	24.22	2346.71	0	-157.2	-204.77	-0	-0	-0	903	0	-403	-0	-0	-0	-0	300	0	-203	-0	-0	-0	-0	300	0	200	-0
523	-0	-0	-0	1506	0	-203	-0	48.93	560.59	24.21	2347.81	0	-157.93	-272.61	-0	-0	-0	903	0	-403	-0	-0	-0	-0	300	0	-203	-0	-0	-0	-0	300	0	200	-0
524	-0	-0	-0	1506	0	-203	-0	54.21	572.48	23.73	2347.66	0	-157.86	-312.41	0	0	0	903	0	-403	0	-0	-0	-0	300	0	-203	-0	-0	-0	-0	300	0	200	-0
525	-0	-0	-0	1506	0	-203	-0	58.53	587.8	21.98	2345.94	0	-158.36	-1164.3	-0	-0	-0	903	0	-403	-0	-0	-0	-0	300	0	-203	-0	-0	-0	-0	300	0	200	-0
526	-0	-0	-0	1506	0	-203	-0	63.32	602.19	23.09	2345.03	0	-159.34	-593.55	-0	-0	-0	903	0	-403	-0	-0	-0	-0	300	0	-203	-0	-0	-0	-0	300	0	200	-0
527	-0	-0	-0	1506	0	-203	-0	67.16	611.88	22.61	2345.98	0	-158.66	-495.6	-0	-0	-0	903	0	-403	-0	-0	-0	-0	300	0	-203	-0	-0	-0	-0	300	0	200	-0
528	-0	-0	-0	1506	0	-203	-0	71.32	621.57	21.33	2345.93	0	-158.91	-1156.9	-0	-0	-0	903	0	-403	-0	-0	-0	-0	300	0	-203	-0	-0	-0	-0	300	0	200	-0
529	-0	-0	-0	1506	0	-203	-0	75.47	632.2	22.13	2347.21	0	-159	-713.13	-0	-0	-0	903	0	-403	-0	-0	-0	-0	300	0	-203	-0	-0	-0	-0	300	0	200	-0
530	-0	-0	-0	1506	0	-203	-0	76.43	645.34	22.29	2345.92	0	-159.07	-976.62	-0	-0	-0	903	0	-403	-0	-0	-0	-0	300	0	-203	-0	-0	-0	-0	300	0	200	-0
531	-0	-0	-0	1506	0	-203	-0	80.59	654.72	24.37	2346.65	0	-159.55	-604.42	-0	-0	-0	903	0	-403	-0	-0	-0	-0	300	0	-203	-0	-0	-0	-0	300	0	200	-0
532	-0	-0	-0	1506	0	-203	-0	83.47	664.1	24.85	2346.14	0	-159.34	-536.71	-0	-0	-0	903	0	-403	-0	-0	-0	-0	300	0	-203	-0	-0	-0	-0	300	0	200	-0
533	-0	-0	-0	1506	0	-203	-0	86.98	672.23	25.81	2345.76	0	-159.69	-646.73	-0	-0	-0	903	0	-403	-0	-0	-0	-0	300	0	-203	-0	-0	-0	-0	300	0	200	-0
534	-0	-0	-0	1506	0	-203	-0	91.62	677.85	26.61	2347.07	0	-159	-392.95	-0	-0	-0	903	0	-403	-0	-0	-0	-0	300	0	-203	-0	-0	-0	-0	300	0	200	-0
535	-0	-0	-0	1506	0	-203	-0	95.3	681.29	26.61	2346.59	0	-159.06	-797.88	-0	-0	-0	903	0	-403	-0	-0	-0	-0	300	0	-203	-0	-0	-0	-0	300	0	200	-0
536	-0	-0	-0	1506	0	-203	-0	99.13	686.61	27.25	2346.02	0	-159.85	-445.42	-0	-0	-0	903	0	-403	-0	-0	-0	-0	300	0	-203	-0	-0	-0	-0	300	0	200	-0
537	-0	-0	-0	1506	0	-203	-0	102.81	689.42	27.57	2346.67	0	-159.08	-379.02	-0	-0	-0	903	0	-403	-0	0	0	0	300	0	-203	0	-0	-0	-0	300	0	200	-0
538	-0	-0	-0	1506	0	-203	-0	105.85	688.18	27.73	2346.95	0	-159.53	-532.88	-0	-0	-0	903	0	-403	-0	-0	-0	-0	300	0	-203	-0	-0	-0	-0	300	0	200	-0
539	-0	-0	-0	1506	0	-203	-0	109.37	688.17	27.73	2347.56	0	-159.2	-410.91	-0	-0	-0	903	0	-403	-0	-0	-0	-0	300	0	-203	-0	-0	-0	-0	300	0	200	-0
540	-0	-0	-0	1506	0	-203	-0	112.24	686.61	27.89	2346.57	0	-158.82	-563.02	-0	-0	-0	903	0	-403	-0	-0	-0	-0	300	0	-203	-0	-0	-0	-0	300	0	200	-0
541	-0	-0	-0	1506	0	-203	-0	116.08	680.98	28.05	2348.62	0	-159.32	-329.07	-0	-0	-0	903	0	-403	-0	-0	-0	-0	300	0	-203	-0	-0	-0	-0	300	0	200	-0
542	-0	-0	-0	1506	0	-203	-0	118.8	678.16	27.41	2347.69	0	-158.69	-478.25	-0	-0	-0	903	0	-403	-0	-0	-0	-0	300	0	-203	-0	-0	-0	-0	300	0	200	-0
543	-0	-0	-0	1506	0	-203	-0	121.36	672.85	28.21	2347.06	0	-158.89	-413.23	-0	-0	-0	903	0	-403	-0	-0	-0	-0	300	0	-203	-0	-0	-0	-0	300	0	200	-0
544	-0	-0	-0	1506	0	-203	-0	125.35	664.09	27.88	2348.41	0	-158.33	-129.42	-0	-0	-0	903	0	-403	-0	-0	-0	-0	300	0	-203	-0	-0	-0	-0	300	0	200	-0
545	-0	-0	-0	1506	0	-203	-0	127.91	655.65	27.4	2348.15	0	-157.85	-420.92	-0	-0	-0	903	0	-403	-0	0	0	0	300	0	-203	0	-0	-0	-0	300	0	200	-0
546	-0	-0	-0	1506	0	-203	-0	130.79	649.39	28.2	2347.59	0	-157.93	253.84	-0	-0	-0	903	0	-403	-0	-0	-0	-0	300	0	-203	-0	-0	-0	-0	300	0	200	-0
547	-0	-0	-0	1506	0	-203	-0	132.87	637.2	26.76	2348.29	0	-157.58	-30.5	-0	-0	-0	903	0	-403	-0	-0	-0	-0	300	0	-203	-0	-0	-0	-0	300	0	200	-0
548	-0	-0	-0	1506	0	-203	-0	135.27	626.25	26.75	2347.76	0	-157.93	230.53	-0	-0	-0	903	0	-403	-0	-0	-0	-0	300	0	-203	-0	-0	-0	-0	300	0	200	-0
549	-0	-0	-0	1506	0	-203	-0	136.87	611.55	25.63	2349.02	0	-156.5	309.49	0	0	0	903	0	-403	0	-0	-0	-0	300	0	-203	-0	-0	-0	-0	300	0	200	-0
550	-0	-0	-0	1506	0	-203	-0	138.31	596.23	24.03	2349.11	0	-156.5	-29.83	-0	-0	-0	903	0	-403	-0	-0	-0	-0	300	0	-203	-0	-0	-0	-0	300	0	200	-0
551	-0	-0	-0	1506	0	-203	-0	141.02	581.22	22.59	2349.51	0	-156.18	165.99	-0	-0	-0	903	0	-403	-0	-0	-0	-0	300	0	-203	-0	-0	-0	-0	300	0	200	-0
552	-0	-0	-0	1506	0	-203	-0	140.86	563.08	21.62	2349.25	0	-154.75	-66.84	-0	-0	-0	903	0	-403	-0	-0	-0	-0	300	0	-203	-0	-0	-0	-0	300	0	200	-0
553	-0	-0	-0	1506	0	-203	-0	142.94	542.75	18.9	2350.01	0	-155.04	-213.29	-0	-0	-0	903	0	-403	-0	-0	-0	-0	300	0	-203	-0	0	0	0	300	0	200	0
554	-0	-0	-0	1506	0	-203	-0	143.74	525.87	17.3	2349.98	0	-153.93	140.94	-0	-0	-0	903	0	-403	-0	0	0	0	300	0	-203	0	-0	-0	-0	300	0	200	-0
555	-0	-0	-0	1506	0	-203	-0	144.54	501.16	15.38	2352.32	0	-152.66	-450.16	-0	-0	-0	903	0	-403	-0	-0	-0	-0	300	0	-203	-0	-0	-0	-0	300	0	200	-0
556	-0	-0	-0	1506	0	-203	-0	142.78	486.78	13.93	2350.86	0	-153.01	96.23	-0	-0	-0	903	0	-403	-0	-0	-0	-0	300	0	-203	-0	-0	-0	-0	300	0	200	-0
557	-0	-0	-0	1506	0	-203	-0	142.3	461.13	10.89	2351.51	0	-151.83	-390	-0	-0	-0	903	0	-403	-0	-0	-0	-0	300	0	-203	-0	-0	-0	-0	300	0	200	-0
558	-0	-0	-0	1506	0	-203	-0	140.7	440.19	10.08	2348.8	0	-152.46	-64.95	-0	-0	-0	903	0	-403	-0	-0	-0	-0	300	0	-203	-0	-0	-0	-0	300	0	200	-0
559	-0	-0	-0	1506	0	-203	-0	137.99	410.48	7.84	2351.37	0	-149.69	-257.78	-0	-0	-0	903	0	-403	-0	-0	-0	-0	300	0	-203	-0	-0	-0	-0	300	0	200	-0
560	-0	-0	-0	1506	0	-203	-0	133.67	379.84	6.56	2351.6	0	-150.28	29.9	0	0	0	903	0	-403	0	0	0	0	300	0	-203	0	-0	-0	-0	300	0	200	-0
561	-0	-0	-0	1506	0	-203	-0	129.99	349.82	4.79	2350.46	0	-149.2	59.68	-0	-0	-0	903	0	-403	-0	-0	-0	-0	300	0	-203	-0	-0	-0	-0	300	0	200	-0
562	-0	-0	-0	1506	0	-203	-0	122.48	317.31	2.71	2348.83	0	-148.24	-236.87	-0	-0	-0	903	0	-403	-0	-0	-0	-0	300	0	-203	-0	-0	-0	-0	300	0	200	-0
563	-0	-0	-0	1506	0	-203	-0	116.56	284.17	0.47	2346.31	0	-149.61	59.69	-0	-0	-0	903	0	-403	-0	-0	-0	-0	300	0	-203	-0	-0	-0	-0	300	0	200	-0
564	-0	-0	-0	1506	0	-203	-0	106.33	244.77	-1.3	2350.82	0	-145.93	154.83	0	0	0	903	0	-403	0	-0	-0	-0	300	0	-203	-0	-0	-0	-0	300	0	200	-0
565	-0	-0	-0	1506	0	-203	-0	95.62	204.44	-2.89	2351.66	0	-145.85	42.76	-0	-0	-0	903	0	-403	-0	-0	-0	-0	300	0	-203	-0	-0	-0	-0	300	0	200	-0
566	-0	-0	-0	1506	0	-203	-0	80.59	170.37	-4.82	2354.49	0	-146.16	267.66	-0	-0	-0	903	0	-403	-0	-0	-0	-0	300	0	-203	-0	-0	-0	-0	300	0	200	-0
567	-0	-0	-0	1506	0	-203	-0	67.32	133.16	-5.77	2353.01	0	-143.25	-263.32	-0	-0	-0	903	0	-403	-0	-0	-0	-0	300	0	-203	-0	-0	-0	-0	300	0	200	-0
568	-0	-0	-0	1506	0	-203	-0	53.73	100.97	-4.65	2348.18	0	-146.29	506.94	-0	-0	-0	903	0	-403	-0	-0	-0	-0	300	0	-203	-0	-0	-0	-0	300	0	200	-0
569	-0	-0	-0	1506	0	-203	-0	39.98	68.46	-6.41	2353.49	0	-139.13	-163.03	0	0	0	903	0	-403	0	-0	-0	-0	300	0	-203	-0	-0	-0	-0	300	0	200	-0
570	-0	-0	-0	1506	0	-203	-0	28.46	42.82	-4.49	2367.22	0	-140.72	141.85	-0	-0	-0	903	0	-403	-0	-0	-0	-0	300	0	-203	-0	-0	-0	-0	300	0	200	-0
571	-0	-0	-0	1506	0	-203	-0	-0	-0	-0	2109	0	-203	-0	-0	-0	-0	903	0	-403	-0	-0	-0	-0	300	0	-203	-0	-0	-0	-0	300	0	200	-0
572	-0	-0	-0	1506	0	-203	-0	-0	-0	-0	2109	0	-203	-0	-0	-0	-0	903	0	-403	-0	0	0	0	300	0	-203	0	-0	-0	-0	300	0	200	-0
573	-0	-0	-0	1506	0	-203	-0	-0	-0	-0	2109	0	-203	-0	-0	-0	-0	903	0	-403	-0	-0	-0	-0	300	0	-203	-0	-0	-0	-0	300	0	200	-0
574	-0	-0	-0	1506	0	-203	-0	-0	-0	-0	2109	0	-203	-0	-0	-0	-0	903	0	-403	-0	-0	-0	-0	300	0	-203	-0	-0	-0	-0	300	0	200	-0
575	-0	-0	-0	1506	0	-203	-0	-0	-0	-0	2109	0	-203	-0	-0	-0	-0	903	0	-403	-0	-0	-0	-0	300	0	-203	-0	-0	-0	-0	300	0	200	-0
576	-0	-0	-0	1506	0	-203	-0	-0	-0	-0	2109	0	-203	-0	0	0	0	903	0	-403	0	-0	-0	-0	300	0	-203	-0	-0	-0	-0	300	0	200	-0
577	-0	-0	-0	1506	0	-203	-0	-0	-0	-0	2109	0	-203	-0	-0	-0	-0	903	0	-403	-0	0	0	0	300	0	-203	0	-0	-0	-0	300	0	200	-0
578	-0	-0	-0	1506	0	-203	-0	-0	-0	-0	2109	0	-203	-0	0	0	0	903	0	-403	0	-0	-0	-0	300	0	-203	-0	-0	-0	-0	300	0	200	-0
579	-0	-0	-0	1506	0	-203	-0	-0	-0	-0	2109	0	-203	-0	-0	-0	-0	903	0	-403	-0	-0	-0	-0	300	0	-203	-0	-0	-0	-0	300	0	200	-0
580	-0	-0	-0	1506	0	-203	-0	-0	-0	-0	2109	0	-203	-0	-0	-0	-0	903	0	-403	-0	0	0	0	300	0	-203	0	-0	-0	-0	300	0	200	-0
581	-0	-0	-0	1506	0	-203	-0	-0	-0	-0	2109	0	-203	-0	-0	-0	-0	903	0	-403	-0	-0	-0	-0	300	0	-203	-0	-0	-0	-0	300	0	200	-0
582	-0	-0	-0	1506	0	-203	-0	-0	-0	-0	2109	0	-203	-0	-0	-0	-0	903	0	-403	-0	-0	-0	-0	300	0	-203	-0	-0	-0	-0	300	0	200	-0
583	-0	-0	-0	1506	0	-203	-0	-0	-0	-0	2109	0	-203	-0	-0	-0	-0	903	0	-403	-0	-0	-0	-0	300	0	-203	-0	-0	-0	-0	300	0	200	-0
584	-0	-0	-0	1506	0	-203	-0	-0	-0	-0	2109	0	-203	-0	-0	-0	-0	903	0	-403	-0	-0	-0	-0	300	0	-203	-0	-0	-0	-0	300	0	200	-0
585	-0	-0	-0	1506	0	-203	-0	-0	-0	-0	2109	0	-203	-0	-0	-0	-0	903	0	-403	-0	-0	-0	-0	300	0	-203	-0	-0	-0	-0	300	0	200	-0
586	-0	-0	-0	1506	0	-203	-0	-0	-0	-0	2109	0	-203	-0	-0	-0	-0	903	0	-403	-0	-0	-0	-0	300	0	-203	-0	-0	-0	-0	300	0	200	-0
587	-0	-0	-0	1506	0	-203	-0	-0	-0	-0	2109	0	-203	-0	-0	-0	-0	903	0	-403	-0	-0	-0	-0	300	0	-203	-0	-0	-0	-0	300	0	200	-0
588	-0	-0	-0	1506	0	-203	-0	-0	-0	-0	2109	0	-203	-0	0	0	0	903	0	-403	0	0	0	0	300	0	-203	0	-0	-0	-0	300	0	200	-0
589	-0	-0	-0	1506	0	-203	-0	-0	-0	-0	2109	0	-203	-0	-0	-0	-0	903	0	-403	-0	-0	-0	-0	300	0	-203	-0	-0	-0	-0	300	0	200	-0
590	-0	-0	-0	1506	0	-203	-0	-0	-0	-0	2109	0	-203	-0	-0	-0	-0	903	0	-403	-0	0	0	0	300	0	-203	0	-0	-0	-0	300	0	200	-0
591	-0	-0	-0	1506	0	-203	-0	-0	-0	-0	2109	0	-203	-0	-0	-0	-0	903	0	-403	-0	0	0	0	300	0	-203	0	-0	-0	-0	300	0	200	-0
592	-0	-0	-0	1506	0	-203	-0	-0	-0	-0	2109	0	-203	-0	-0	-0	-0	903	0	-403	-0	-0	-0	-0	300	0	-203	-0	-0	-0	-0	300	0	200	-0
593	-0	-0	-0	1506	0	-203	-0	-0	-0	-0	2109	0	-203	-0	-0	-0	-0	903	0	-403	-0	-0	-0	-0	300	0	-203	-0	-0	-0	-0	300	0	200	-0
594	-0	-0	-0	1506	0	-203	-0	-0	-0	-0	2109	0	-203	-0	-0	-0	-0	903	0	-403	-0	-0	-0	-0	300	0	-203	-0	-0	-0	-0	300	0	200	-0
595	-0	-0	-0	1506	0	-203	-0	-0	-0	-0	2109	0	-203	-0	-0	-0	-0	903	0	-403	-0	-0	-0	-0	300	0	-203	-0	-0	-0	-0	300	0	200	-0
596	-0	-0	-0	1506	0	-203	-0	-0	-0	-0	2109	0	-203	-0	-0	-0	-0	903	0	-403	-0	-0	-0	-0	300	0	-203	-0	-0	-0	-0	300	0	200	-0
597	-0	-0	-0	1506	0	-203	-0	-0	-0	-0	2109	0	-203	-0	-0	-0	-0	903	0	-403	-0	-0	-0	-0	300	0	-203	-0	-0	-0	-0	300	0	200	-0
598	-0	-0	-0	1506	0	-203	-0	-0	-0	-0	2109	0	-203	-0	-0	-0	-0	903	0	-403	-0	-0	-0	-0	300	0	-203	-0	-0	-0	-0	300	0	200	-0
599	-0	-0	-0	1506	0	-203	-0	-0	-0	-0	2109	0	-203	-0	-0	-0	-0	903	0	-403	-0	-0	-0	-0	300	0	-203	-0	-0	-0	-0	300	0	200	-0
600	-0	-0	-0	1506	0	-203	-0	-0	-0	-0	2109	0	-203	-0	-0	-0	-0	903	0	-403	-0	-0	-0	-0	300	0	-203	-0	-0	-0	-0	300	0	200	-0
601	-0	-0	-0	1506	0	-203	-0	-0	-0	-0	2109	0	-203	-0	0	0	0	903	0	-403	0	-0	-0	-0	300	0	-203	-0	-0	-0	-0	300	0	200	-0
602	-0	-0	-0	1506	0	-203	-0	-0	-0	-0	2109	0	-203	-0	-0	-0	-0	903	0	-403	-0	-0	-0	-0	300	0	-203	-0	-0	-0	-0	300	0	200	-0
603	-0	-0	-0	1506	0	-203	-0	-0	-0	-0	2109	0	-203	-0	-0	-0	-0	903	0	-403	-0	-0	-0	-0	300	0	-203	-0	-0	-0	-0	300	0	200	-0
604	-0	-0	-0	1506	0	-203	-0	-0	-0	-0	2109	0	-203	-0	-0	-0	-0	903	0	-403	-0	0	0	0	300	0	-203	0	-0	-0	-0	300	0	200	-0
605	-0	-0	-0	1506	0	-203	-0	-0	-0	-0	2109	0	-203	-0	-0	-0	-0	903	0	-403	-0	-0	-0	-0	300	0	-203	-0	-0	-0	-0	300	0	200	-0
606	-0	-0	-0	1506	0	-203	-0	-0	-0	-0	2109	0	-203	-0	-0	-0	-0	903	0	-403	-0	-0	-0	-0	300	0	-203	-0	-0	-0	-0	300	0	200	-0
607	-0	-0	-0	1506	0	-203	-0	-0	-0	-0	2109	0	-203	-0	-0	-0	-0	903	0	-403	-0	-0	-0	-0	300	0	-203	-0	-0	-0	-0	300	0	200	-0
608	-0	-0	-0	1506	0	-203	-0	-0	-0	-0	2109	0	-203	-0	-0	-0	-0	903	0	-403	-0	-0	-0	-0	300	0	-203	-0	-0	-0	-0	300	0	200	-0
609	-0	-0	-0	1506	0	-203	-0	-0	-0	-0	2109	0	-203	-0	-0	-0	-0	903	0	-403	-0	-0	-0	-0	300	0	-203	-0	-0	-0	-0	300	0	200	-0
610	-0	-0	-0	1506	0	-203	-0	-0	-0	-0	2109	0	-203	-0	-0	-0	-0	903	0	-403	-0	-0	-0	-0	300	0	-203	-0	-0	-0	-0	300	0	200	-0
611	-0	-0	-0	1506	0	-203	-0	-0	-0	-0	2109	0	-203	-0	-0	-0	-0	903	0	-403	-0	0	0	0	300	0	-203	0	-0	-0	-0	300	0	200	-0
612	-0	-0	-0	1506	0	-203	-0	-0	-0	-0	2109	0	-203	-0	-0	-0	-0	903	0	-403	-0	-0	-0	-0	300	0	-203	-0	-0	-0	-0	300	0	200	-0
613	-0	-0	-0	1506	0	-203	-0	-0	-0	-0	2109	0	-203	-0	-0	-0	-0	903	0	-403	-0	-0	-0	-0	300	0	-203	-0	-0	-0	-0	300	0	200	-0
614	-0	-0	-0	1506	0	-203	-0	-0	-0	-0	2109	0	-203	-0	-0	-0	-0	903	0	-403	-0	-0	-0	-0	300	0	-203	-0	-0	-0	-0	300	0	200	-0
615	-0	-0	-0	1506	0	-203	-0	-0	-0	-0	2109	0	-203	-0	-0	-0	-0	903	0	-403	-0	-0	-0	-0	300	0	-203	-0	-0	-0	-0	300	0	200	-0
616	-0	-0	-0	1506	0	-203	-0	-0	-0	-0	2109	0	-203	-0	0	0	0	903	0	-403	0	0	0	0	300	0	-203	0	0	0	0	300	0	200	0
617	-0	-0	-0	1506	0	-203	-0	-0	-0	-0	2109	0	-203	-0	-0	-0	-0	903	0	-403	-0	-0	-0	-0	300	0	-203	-0	-0	-0	-0	300	0	200	-0
618	-0	-0	-0	1506	0	-203	-0	-0	-0	-0	2109	0	-203	-0	-0	-0	-0	903	0	-403	-0	-0	-0	-0	300	0	-203	-0	-0	-0	-0	300	0	200	-0
619	-0	-0	-0	1506	0	-203	-0	-0	-0	-0	2109	0	-203	-0	-0	-0	-0	903	0	-403	-0	-0	-0	-0	300	0	-203	-0	-0	-0	-0	300	0	200	-0
620	-0	-0	-0	1506	0	-203	-0	-0	-0	-0	2109	0	-203	-0	-0	-0	-0	903	0	-403	-0	-0	-0	-0	300	0	-203	-0	-0	-0	-0	300	0	200	-0
621	-0	-0	-0	1506	0	-203	-0	-0	-0	-0	2109	0	-203	-0	-0	-0	-0	903	0	-403	-0	-0	-0	-0	300	0	-203	-0	-0	-0	-0	300	0	200	-0
622	-0	-0	-0	1506	0	-203	-0	-0	-0	-0	2109	0	-203	-0	-0	-0	-0	903	0	-403	-0	-0	-0	-0	300	0	-203	-0	-0	-0	-0	300	0	200	-0
623	-0	-0	-0	1506	0	-203	-0	-0	-0	-0	2109	0	-203	-0	-0	-0	-0	903	0	-403	-0	-0	-0	-0	300	0	-203	-0	-0	-0	-0	300	0	200	-0
624	-0	-0	-0	1506	0	-203	-0	-0	-0	-0	2109	0	-203	-0	-0	-0	-0	903	0	-403	-0	-0	-0	-0	300	0	-203	-0	-0	-0	-0	300	0	200	-0
625	-0	-0	-0	1506	0	-203	-0	-0	-0	-0	2109	0	-203	-0	-0	-0	-0	903	0	-403	-0	-0	-0	-0	300	0	-203	-0	-0	-0	-0	300	0	200	-0
626	-0	-0	-0	1506	0	-203	-0	-0	-0	-0	2109	0	-203	-0	-0	-0	-0	903	0	-403	-0	-0	-0	-0	300	0	-203	-0	-0	-0	-0	300	0	200	-0
627	-0	-0	-0	1506	0	-203	-0	-0	-0	-0	2109	0	-203	-0	-0	-0	-0	903	0	-403	-0	-0	-0	-0	300	0	-203	-0	-0	-0	-0	300	0	200	-0
628	-0	-0	-0	1506	0	-203	-0	-0	-0	-0	2109	0	-203	-0	-0	-0	-0	903	0	-403	-0	-0	-0	-0	300	0	-203	-0	-0	-0	-0	300	0	200	-0
629	-0	-0	-0	1506	0	-203	-0	-0	-0	-0	2109	0	-203	-0	-0	-0	-0	903	0	-403	-0	0	0	0	300	0	-203	0	-0	-0	-0	300	0	200	-0
630	-0	-0	-0	1506	0	-203	-0	-0	-0	-0	2109	0	-203	-0	0	0	0	903	0	-403	0	-0	-0	-0	300	0	-203	-0	-0	-0	-0	300	0	200	-0
631	-0	-0	-0	1506	0	-203	-0	-0	-0	-0	2109	0	-203	-0	-0	-0	-0	903	0	-403	-0	-0	-0	-0	300	0	-203	-0	-0	-0	-0	300	0	200	-0
632	-0	-0	-0	1506	0	-203	-0	-0	-0	-0	2109	0	-203	-0	-0	-0	-0	903	0	-403	-0	-0	-0	-0	300	0	-203	-0	-0	-0	-0	300	0	200	-0
633	-0	-0	-0	1506	0	-203	-0	-0	-0	-0	2109	0	-203	-0	-0	-0	-0	903	0	-403	-0	-0	-0	-0	300	0	-203	-0	-0	-0	-0	300	0	200	-0
634	-0	-0	-0	1506	0	-203	-0	-0	-0	-0	2109	0	-203	-0	-0	-0	-0	903	0	-403	-0	-0	-0	-0	300	0	-203	-0	-0	-0	-0	300	0	200	-0
635	-0	-0	-0	1506	0	-203	-0	-0	-0	-0	2109	0	-203	-0	-0	-0	-0	903	0	-403	-0	-0	-0	-0	300	0	-203	-0	-0	-0	-0	300	0	200	-0
636	-0	-0	-0	1506	0	-203	-0	-0	-0	-0	2109	0	-203	-0	0	0	0	903	0	-403	0	0	0	0	300	0	-203	0	-0	-0	-0	300	0	200	-0
637	-0	-0	-0	1506	0	-203	-0	-0	-0	-0	2109	0	-203	-0	-0	-0	-0	903	0	-403	-0	0	0	0	300	0	-203	0	-0	-0	-0	300	0	200	-0
638	-0	-0	-0	1506	0	-203	-0	-0	-0	-0	2109	0	-203	-0	-0	-0	-0	903	0	-403	-0	-0	-0	-0	300	0	-203	-0	-0	-0	-0	300	0	200	-0
639	-0	-0	-0	1506	0	-203	-0	-0	-0	-0	2109	0	-203	-0	-0	-0	-0	903	0	-403	-0	-0	-0	-0	300	0	-203	-0	-0	-0	-0	300	0	200	-0
640	-0	-0	-0	1506	0	-203	-0	-0	-0	-0	2109	0	-203	-0	-0	-0	-0	903	0	-403	-0	-0	-0	-0	300	0	-203	-0	-0	-0	-0	300	0	200	-0
641	-0	-0	-0	1506	0	-203	-0	-0	-0	-0	2109	0	-203	-0	-0	-0	-0	903	0	-403	-0	-0	-0	-0	300	0	-203	-0	-0	-0	-0	300	0	200	-0
642	-0	-0	-0	1506	0	-203	-0	-0	-0	-0	2109	0	-203	-0	-0	-0	-0	903	0	-403	-0	-0	-0	-0	300	0	-203	-0	-0	-0	-0	300	0	200	-0
643	-0	-0	-0	1506	0	-203	-0	-0	-0	-0	2109	0	-203	-0	-0	-0	-0	903	0	-403	-0	-0	-0	-0	300	0	-203	-0	-0	-0	-0	300	0	200	-0
644	-0	-0	-0	1506	0	-203	-0	-0	-0	-0	2109	0	-203	-0	-0	-0	-0	903	0	-403	-0	-0	-0	-0	300	0	-203	-0	-0	-0	-0	300	0	200	-0
645	-0	-0	-0	1506	0	-203	-0	-0	-0	-0	2109	0	-203	-0	-0	-0	-0	903	0	-403	-0	-0	-0	-0	300	0	-203	-0	-0	-0	-0	300	0	200	-0
646	-0	-0	-0	1506	0	-203	-0	-0	-0	-0	2109	0	-203	-0	-0	-0	-0	903	0	-403	-0	-0	-0	-0	300	0	-203	-0	-0	-0	-0	300	0	200	-0
647	-0	-0	-0	1506	0	-203	-0	-0	-0	-0	2109	0	-203	-0	-0	-0	-0	903	0	-403	-0	-0	-0	-0	300	0	-203	-0	-0	-0	-0	300	0	200	-0
648	-0	-0	-0	1506	0	-203	-0	-0	-0	-0	2109	0	-203	-0	-0	-0	-0	903	0	-403	-0	-0	-0	-0	300	0	-203	-0	-0	-0	-0	300	0	200	-0
649	-0	-0	-0	1506	0	-203	-0	-0	-0	-0	2109	0	-203	-0	-0	-0	-0	903	0	-403	-0	-0	-0	-0	300	0	-203	-0	-0	-0	-0	300	0	200	-0
650	-0	-0	-0	1506	0	-203	-0	-0	-0	-0	2109	0	-203	-0	-0	-0	-0	903	0	-403	-0	-0	-0	-0	300	0	-203	-0	-0	-0	-0	300	0	200	-0
651	-0	-0	-0	1506	0	-203	-0	-0	-0	-0	2109	0	-203	-0	-0	-0	-0	903	0	-403	-0	-0	-0	-0	300	0	-203	-0	-0	-0	-0	300	0	200	-0
652	-0	-0	-0	1506	0	-203	-0	-0	-0	-0	2109	0	-203	-0	0	0	0	903	0	-403	0	-0	-0	-0	300	0	-203	-0	-0	-0	-0	300	0	200	-0
653	-0	-0	-0	1506	0	-203	-0	-0	-0	-0	2109	0	-203	-0	-0	-0	-0	903	0	-403	-0	-0	-0	-0	300	0	-203	-0	-0	-0	-0	300	0	200	-0
654	-0	-0	-0	1506	0	-203	-0	-0	-0	-0	2109	0	-203	-0	-0	-0	-0	903	0	-403	-0	-0	-0	-0	300	0	-203	-0	-0	-0	-0	300	0	200	-0
655	-0	-0	-0	1506	0	-203	-0	-0	-0	-0	2109	0	-203	-0	-0	-0	-0	903	0	-403	-0	-0	-0	-0	300	0	-203	-0	-0	-0	-0	300	0	200	-0
656	-0	-0	-0	1506	0	-203	-0	-0	-0	-0	2109	0	-203	-0	0	0	0	903	0	-403	0	-0	-0	-0	300	0	-203	-0	-0	-0	-0	300	0	200	-0
657	-0	-0	-0	1506	0	-203	-0	-0	-0	-0	2109	0	-203	-0	0	0	0	903	0	-403	0	-0	-0	-0	300	0	-203	-0	-0	-0	-0	300	0	200	-0
658	-0	-0	-0	1506	0	-203	-0	-0	-0	-0	2109	0	-203	-0	-0	-0	-0	903	0	-403	-0	-0	-0	-0	300	0	-203	-0	-0	-0	-0	300	0	200	-0
659	-0	-0	-0	1506	0	-203	-0	-0	-0	-0	2109	0	-203	-0	-0	-0	-0	903	0	-403	-0	-0	-0	-0	300	0	-203	-0	-0	-0	-0	300	0	200	-0
660	-0	-0	-0	1506	0	-203	-0	-0	-0	-0	2109	0	-203	-0	-0	-0	-0	903	0	-403	-0	-0	-0	-0	300	0	-203	-0	-0	-0	-0	300	0	200	-0
661	-0	-0	-0	1506	0	-203	-0	-0	-0	-0	2109	0	-203	-0	-0	-0	-0	903	0	-403	-0	-0	-0	-0	300	0	-203	-0	-0	-0	-0	300	0	200	-0
662	-0	-0	-0	1506	0	-203	-0	-0	-0	-0	2109	0	-203	-0	-0	-0	-0	903	0	-403	-0	-0	-0	-0	300	0	-203	-0	-0	-0	-0	300	0	200	-0
663	-0	-0	-0	1506	0	-203	-0	-0	-0	-0	2109	0	-203	-0	-0	-0	-0	903	0	-403	-0	-0	-0	-0	300	0	-203	-0	-0	-0	-0	300	0	200	-0
664	-0	-0	-0	1506	0	-203	-0	-0	-0	-0	2109	0	-203	-0	-0	-0	-0	903	0	-403	-0	-0	-0	-0	300	0	-203	-0	-0	-0	-0	300	0	200	-0
665	-0	-0	-0	1506	0	-203	-0	-0	-0	-0	2109	0	-203	-0	-0	-0	-0	903	0	-403	-0	-0	-0	-0	300	0	-203	-0	-0	-0	-0	300	0	200	-0
666	-0	-0	-0	1506	0	-203	-0	-0	-0	-0	2109	0	-203	-0	0	0	0	903	0	-403	0	-0	-0	-0	300	0	-203	-0	-0	-0	-0	300	0	200	-0
667	-0	-0	-0	1506	0	-203	-0	-0	-0	-0	2109	0	-203	-0	-0	-0	-0	903	0	-403	-0	-0	-0	-0	300	0	-203	-0	-0	-0	-0	300	0	200	-0
668	-0	-0	-0	1506	0	-203	-0	-0	-0	-0	2109	0	-203	-0	-0	-0	-0	903	0	-403	-0	-0	-0	-0	300	0	-203	-0	-0	-0	-0	300	0	200	-0
669	-0	-0	-0	1506	0	-203	-0	-0	-0	-0	2109	0	-203	-0	-0	-0	-0	903	0	-403	-0	-0	-0	-0	300	0	-203	-0	-0	-0	-0	300	0	200	-0
670	-0	-0	-0	1506	0	-203	-0	-0	-0	-0	2109	0	-203	-0	-0	-0	-0	903	0	-403	-0	-0	-0	-0	300	0	-203	-0	-0	-0	-0	300	0	200	-0
671	-0	-0	-0	1506	0	-203	-0	-0	-0	-0	2109	0	-203	-0	-0	-0	-0	903	0	-403	-0	-0	-0	-0	300	0	-203	-0	-0	-0	-0	300	0	200	-0
672	-0	-0	-0	1506	0	-203	-0	-0	-0	-0	2109	0	-203	-0	-0	-0	-0	903	0	-403	-0	-0	-0	-0	300	0	-203	-0	-0	-0	-0	300	0	200	-0
673	-0	-0	-0	1506	0	-203	-0	-0	-0	-0	2109	0	-203	-0	-0	-0	-0	903	0	-403	-0	-0	-0	-0	300	0	-203	-0	-0	-0	-0	300	0	200	-0
674	-0	-0	-0	1506	0	-203	-0	-0	-0	-0	2109	0	-203	-0	-0	-0	-0	903	0	-403	-0	-0	-0	-0	300	0	-203	-0	-0	-0	-0	300	0	200	-0
675	-0	-0	-0	1506	0	-203	-0	-0	-0	-0	2109	0	-203	-0	-0	-0	-0	903	0	-403	-0	-0	-0	-0	300	0	-203	-0	-0	-0	-0	300	0	200	-0
676	-0	-0	-0	1506	0	-203	-0	-0	-0	-0	2109	0	-203	-0	-0	-0	-0	903	0	-403	-0	-0	-0	-0	300	0	-203	-0	-0	-0	-0	300	0	200	-0
677	-0	-0	-0	1506	0	-203	-0	-0	-0	-0	2109	0	-203	-0	-0	-0	-0	903	0	-403	-0	-0	-0	-0	300	0	-203	-0	-0	-0	-0	300	0	200	-0
678	-0	-0	-0	1506	0	-203	-0	-0	-0	-0	2109	0	-203	-0	-0	-0	-0	903	0	-403	-0	-0	-0	-0	300	0	-203	-0	0	0	0	300	0	200	0
679	-0	-0	-0	1506	0	-203	-0	-0	-0	-0	2109	0	-203	-0	-0	-0	-0	903	0	-403	-0	-0	-0	-0	300	0	-203	-0	-0	-0	-0	300	0	200	-0
680	-0	-0	-0	1506	0	-203	-0	-0	-0	-0	2109	0	-203	-0	-0	-0	-0	903	0	-403	-0	-0	-0	-0	300	0	-203	-0	-0	-0	-0	300	0	200	-0
681	-0	-0	-0	1506	0	-203	-0	-0	-0	-0	2109	0	-203	-0	0	0	0	903	0	-403	0	-0	-0	-0	300	0	-203	-0	-0	-0	-0	300	0	200	-0
682	-0	-0	-0	1506	0	-203	-0	-0	-0	-0	2109	0	-203	-0	-0	-0	-0	903	0	-403	-0	-0	-0	-0	300	0	-203	-0	-0	-0	-0	300	0	200	-0
683	-0	-0	-0	1506	0	-203	-0	-0	-0	-0	2109	0	-203	-0	0	0	0	903	0	-403	0	-0	-0	-0	300	0	-203	-0	-0	-0	-0	300	0	200	-0
684	-0	-0	-0	1506	0	-203	-0	-0	-0	-0	2109	0	-203	-0	-0	-0	-0	903	0	-403	-0	-0	-0	-0	300	0	-203	-0	-0	-0	-0	300	0	200	-0
685	-0	-0	-0	1506	0	-203	-0	-0	-0	-0	2109	0	-203	-0	-0	-0	-0	903	0	-403	-0	-0	-0	-0	300	0	-203	-0	-0	-0	-0	300	0	200	-0
686	-0	-0	-0	1506	0	-203	-0	-0	-0	-0	2109	0	-203	-0	-0	-0	-0	903	0	-403	-0	-0	-0	-0	300	0	-203	-0	-0	-0	-0	300	0	200	-0
687	-0	-0	-0	1506	0	-203	-0	-0	-0	-0	2109	0	-203	-0	-0	-0	-0	903	0	-403	-0	-0	-0	-0	300	0	-203	-0	-0	-0	-0	300	0	200	-0
688	-0	-0	-0	1506	0	-203	-0	-0	-0	-0	2109	0	-203	-0	-0	-0	-0	903	0	-403	-0	-0	-0	-0	300	0	-203	-0	-0	-0	-0	300	0	200	-0
689	-0	-0	-0	1506	0	-203	-0	-0	-0	-0	2109	0	-203	-0	-0	-0	-0	903	0	-403	-0	-0	-0	-0	300	0	-203	-0	-0	-0	-0	300	0	200	-0
690	-0	-0	-0	1506	0	-203	-0	-0	-0	-0	2109	0	-203	-0	0	0	0	903	0	-403	0	-0	-0	-0	300	0	-203	-0	0	0	0	300	0	200	0
691	-0	-0	-0	1506	0	-203	-0	-0	-0	-0	2109	0	-203	-0	0	0	0	903	0	-403	0	0	0	0	300	0	-203	0	-0	-0	-0	300	0	200	-0
692	-0	-0	-0	1506	0	-203	-0	-0	-0	-0	2109	0	-203	-0	-0	-0	-0	903	0	-403	-0	-0	-0	-0	300	0	-203	-0	-0	-0	-0	300	0	200	-0
693	-0	-0	-0	1506	0	-203	-0	-0	-0	-0	2109	0	-203	-0	-0	-0	-0	903	0	-403	-0	-0	-0	-0	300	0	-203	-0	-0	-0	-0	300	0	200	-0
694	-0	-0	-0	1506	0	-203	-0	-0	-0	-0	2109	0	-203	-0	-0	-0	-0	903	0	-403	-0	0	0	0	300	0	-203	0	-0	-0	-0	300	0	200	-0
695	-0	-0	-0	1506	0	-203	-0	-0	-0	-0	2109	0	-203	-0	-0	-0	-0	903	0	-403	-0	0	0	0	300	0	-203	0	-0	-0	-0	300	0	200	-0
696	-0	-0	-0	1506	0	-203	-0	-0	-0	-0	2109	0	-203	-0	-0	-0	-0	903	0	-403	-0	-0	-0	-0	300	0	-203	-0	0	0	0	300	0	200	0
697	-0	-0	-0	1506	0	-203	-0	-0	-0	-0	2109	0	-203	-0	-0	-0	-0	903	0	-403	-0	-0	-0	-0	300	0	-203	-0	-0	-0	-0	300	0	200	-0
698	-0	-0	-0	1506	0	-203	-0	-0	-0	-0	2109	0	-203	-0	-0	-0	-0	903	0	-403	-0	-0	-0	-0	300	0	-203	-0	0	0	0	300	0	200	0
699	-0	-0	-0	1506	0	-203	-0	-0	-0	-0	2109	0	-203	-0	-0	-0	-0	903	0	-403	-0	-0	-0	-0	300	0	-203	-0	-0	-0	-0	300	0	200	-0
700	-0	-0	-0	1506	0	-203	-0	-0	-0	-0	2109	0	-203	-0	-0	-0	-0	903	0	-403	-0	-0	-0	-0	300	0	-203	-0	-0	-0	-0	300	0	200	-0
701	-0	-0	-0	1506	0	-203	-0	-0	-0	-0	2109	0	-203	-0	-0	-0	-0	903	0	-403	-0	-0	-0	-0	300	0	-203	-0	-0	-0	-0	300	0	200	-0
702	-0	-0	-0	1506	0	-203	-0	-0	-0	-0	2109	0	-203	-0	-0	-0	-0	903	0	-403	-0	-0	-0	-0	300	0	-203	-0	-0	-0	-0	300	0	200	-0
703	-0	-0	-0	1506	0	-203	-0	-0	-0	-0	2109	0	-203	-0	-0	-0	-0	903	0	-403	-0	-0	-0	-0	300	0	-203	-0	-0	-0	-0	300	0	200	-0
704	-0	-0	-0	1506	0	-203	-0	-0	-0	-0	2109	0	-203	-0	-0	-0	-0	903	0	-403	-0	-0	-0	-0	300	0	-203	-0	-0	-0	-0	300	0	200	-0
705	-0	-0	-0	1506	0	-203	-0	-0	-0	-0	2109	0	-203	-0	-0	-0	-0	903	0	-403	-0	-0	-0	-0	300	0	-203	-0	-0	-0	-0	300	0	200	-0
706	-0	-0	-0	1506	0	-203	-0	-0	-0	-0	2109	0	-203	-0	-0	-0	-0	903	0	-403	-0	-0	-0	-0	300	0	-203	-0	-0	-0	-0	300	0	200	-0
707	-0	-0	-0	1506	0	-203	-0	-0	-0	-0	2109	0	-203	-0	0	0	0	903	0	-403	0	-0	-0	-0	300	0	-203	-0	-0	-0	-0	300	0	200	-0
708	-0	-0	-0	1506	0	-203	-0	-0	-0	-0	2109	0	-203	-0	-0	-0	-0	903	0	-403	-0	-0	-0	-0	300	0	-203	-0	-0	-0	-0	300	0	200	-0
709	-0	-0	-0	1506	0	-203	-0	-0	-0	-0	2109	0	-203	-0	0	0	0	903	0	-403	0	-0	-0	-0	300	0	-203	-0	-0	-0	-0	300	0	200	-0
710	-0	-0	-0	1506	0	-203	-0	-0	-0	-0	2109	0	-203	-0	-0	-0	-0	903	0	-403	-0	0	0	0	300	0	-203	0	0	0	0	300	0	200	0
