Time	RPelvisAngleX	RPelvisAngleY	RPelvisAngleZ	LPelvisAngleX	LPelvisAngleY	LPelvisAngleZ	RHipAngleX	RHipAngleY	RHipAngleZ	LHipAngleX	LHipAngleY	LHipAngleZ	RKneeAngleX	RKneeAngleY	RKneeAngleZ	LKneeAngleX	LKneeAngleY	LKneeAngleZ	RAnkleAngleX	RAnkleAngleY	RAnkleAngleZ	LAnkleAngleX	LAnkleAngleY	LAnkleAngleZ	RFootAngleX	RFootAngleY	RFootAngleZ	LFootAngleX	LFootAngleY	LFootAngleZ
0	-0.646802	0.184771	7.66608	-0.28853	-2.35855	7.33607	-1.43921	-9.03	16.8207	-1.59978	-9.79198	18.1717	3.70643	-28.9337	-7.10262	4.38386	-21.9059	-2.74951	16.044	14.1857	-5.43698	5.85983	16.7025	-1.01383	17.5842	25.4901	22.6995	7.04434	17.5127	16.7726
1	-0.621086	0.372587	7.52172	-0.336832	-2.06548	7.27121	-1.33844	-9.11592	16.6605	-1.595	-9.91993	17.9452	3.79178	-28.3639	-6.02701	4.34116	-21.408	-1.98545	14.4851	13.9059	-5.78832	5.91571	16.7676	-1.44165	17.0561	24.8632	20.1758	7.64746	16.8631	15.4767
2	-0.474506	0.534358	7.28288	-0.309322	-1.82732	7.14735	-1.12549	-9.06495	16.227	-1.53916	-9.91714	17.5494	3.86382	-27.6151	-5.23027	4.31309	-21.0713	-1.27798	10.9991	13.1523	-6.26885	4.93745	16.6448	-2.56762	14.9904	24.0183	16.3531	7.71425	16.3446	12.9668
3	-0.186815	0.652862	6.98349	-0.161845	-1.64293	6.96658	-0.778498	-8.83062	15.5784	-1.40171	-9.73776	16.9454	3.95124	-26.6694	-4.81245	4.3384	-20.8818	-0.941219	6.1807	11.8669	-6.72098	3.07405	16.0543	-4.09707	11.6574	23.2053	12.0177	7.13962	16.1582	9.85356
4	0.250225	0.705788	6.6766	0.134684	-1.51221	6.75387	-0.287763	-8.52687	14.9144	-1.15725	-9.49334	16.246	4.10178	-24.9598	-4.32515	4.45814	-20.4574	-0.710991	1.19936	9.95806	-6.78186	0.668453	14.9676	-5.22898	7.76198	22.4006	8.02799	5.82659	16.1549	6.86162
5	0.8098	0.692244	6.43852	0.569126	-1.4344	6.575	0.321374	-8.28314	14.4101	-0.791191	-9.28761	15.6295	4.30718	-22.3979	-3.45711	4.66704	-19.6363	-0.212027	-2.84917	7.71206	-6.41077	-1.90147	13.7916	-5.47222	4.19596	21.4925	4.9755	3.90734	15.9836	4.4188
6	1.41061	0.644093	6.33524	1.08716	-1.39099	6.49145	0.965348	-8.12892	14.0628	-0.316032	-9.13265	15.1609	4.50921	-20.0319	-2.39904	4.88485	-18.7517	0.562367	-5.33639	5.86921	-5.72105	-4.06657	12.9967	-4.90693	1.74073	20.7137	3.14148	1.96222	15.5539	2.75679
7	1.94245	0.612794	6.37508	1.60154	-1.34079	6.51108	1.52344	-8.04823	13.7391	0.201422	-9.02228	14.7569	4.70279	-19.0544	-1.49122	5.04575	-18.2006	1.36409	-6.33286	5.1686	-4.74435	-5.39937	12.6801	-3.89274	0.612635	20.349	2.36476	0.565805	15.1059	1.84836
8	2.31791	0.650319	6.50575	2.01411	-1.24224	6.59167	1.90616	-8.03145	13.3087	0.656385	-8.96202	14.2897	4.90958	-19.6967	-0.931247	5.15294	-18.1654	1.95962	-6.43844	5.82302	-3.60672	-5.95163	12.7729	-2.77422	0.37842	20.3115	2.19068	-0.169723	14.8269	1.44558
9	2.50383	0.792766	6.65525	2.25666	-1.07497	6.67249	2.09988	-8.06321	12.7131	0.968679	-8.96182	13.6791	5.11615	-21.239	-0.724066	5.23459	-18.6134	2.25796	-6.25552	7.28441	-2.50239	-6.04739	13.2316	-1.74303	0.452176	20.3618	2.2013	-0.459789	14.7015	1.2867
10	2.51804	1.04976	6.77125	2.32021	-0.844992	6.70516	2.14695	-8.11545	11.9773	1.12223	-9.03561	12.9214	5.28583	-22.601	-0.743528	5.30451	-19.2758	2.3218	-6.1145	8.55574	-1.55386	-5.98138	13.884	-0.840024	0.474856	20.3626	2.16616	-0.563866	14.6448	1.2016
11	2.412	1.40874	6.82636	2.24683	-0.576282	6.67112	2.10756	-8.17587	11.1676	1.15437	-9.19356	12.067	5.39945	-23.0512	-0.837345	5.36364	-19.7583	2.28269	-6.12773	8.91901	-0.779296	-5.90093	14.4105	-0.0399325	0.33053	20.2824	2.02248	-0.634897	14.6037	1.11758
12	2.25506	1.84706	6.80493	2.10943	-0.291775	6.58162	2.04373	-8.26706	10.3242	1.13247	-9.43255	11.1796	5.46473	-22.6188	-0.92291	5.41247	-19.8272	2.2354	-6.2633	8.39763	-0.136544	-5.85456	14.5992	0.684209	0.0688876	20.1559	1.8109	-0.726518	14.5584	1.01891
13	2.12112	2.34222	6.69755	1.99103	0.003239	6.46142	2.01753	-8.42928	9.4343	1.13148	-9.69555	10.2943	5.50422	-21.8928	-1.01367	5.46028	-19.5806	2.18785	-6.42211	7.57765	0.433248	-5.8443	14.4841	1.34627	-0.196606	20.0366	1.60052	-0.837085	14.5035	0.914448
14	2.0728	2.8785	6.50827	1.95758	0.321589	6.32627	2.08129	-8.67354	8.47333	1.20649	-9.89428	9.40532	5.54382	-21.4686	-1.15361	5.52501	-19.309	2.09934	-6.53703	7.04743	0.984794	-5.85034	14.2397	1.95771	-0.397643	19.9523	1.42577	-0.943146	14.4445	0.816927
15	2.13891	3.44356	6.25708	2.03724	0.684714	6.17586	2.25698	-8.9314	7.45149	1.37658	-10.0183	8.49928	5.60053	-21.5551	-1.34964	5.6198	-19.2141	1.95325	-6.59748	6.96857	1.5468	-5.85391	14.0295	2.53561	-0.534898	19.8959	1.28312	-1.02703	14.3896	0.731667
16	2.3032	4.0196	5.97475	2.2124	1.10865	5.9999	2.52466	-9.13023	6.41907	1.62079	-10.1001	7.56934	5.67983	-21.9234	-1.55884	5.75006	-19.3198	1.76666	-6.61955	7.08623	2.11599	-5.85474	13.9037	3.09828	-0.63455	19.8453	1.16059	-1.09177	14.3385	0.655283
17	2.51421	4.57952	5.68771	2.43503	1.59192	5.7894	2.83136	-9.28556	5.43327	1.89586	-10.145	6.61609	5.77856	-22.1703	-1.71744	5.90995	-19.5414	1.56718	-6.61761	7.06515	2.67656	-5.86004	13.8029	3.65502	-0.712082	19.7834	1.05339	-1.14917	14.2843	0.580603
18	2.71223	5.09519	5.40799	2.65159	2.11103	5.54528	3.12168	-9.41216	4.5124	2.16029	-10.1743	5.65669	5.88532	-22.1246	-1.80265	6.07754	-19.7465	1.38995	-6.6081	6.79118	3.21625	-5.86661	13.6509	4.20474	-0.77873	19.7017	0.953234	-1.20386	14.2218	0.501942
19	2.84805	5.54095	5.13871	2.81269	2.62429	5.27499	3.35842	-9.51081	3.63876	2.38091	-10.2342	4.71222	5.98333	-21.8954	-1.8394	6.22275	-19.8307	1.26375	-6.59151	6.39554	3.7282	-5.85865	13.4312	4.7406	-0.833999	19.6068	0.850159	-1.25035	14.1526	0.417035
20	2.8941	5.89969	4.8843	2.88173	3.0855	4.99127	3.52865	-9.59184	2.79192	2.53651	-10.3124	3.78963	6.05235	-21.656	-1.86756	6.32261	-19.8137	1.18047	-6.55528	6.06266	4.20476	-5.82212	13.1848	5.25181	-0.871321	19.5128	0.736796	-1.28274	14.0864	0.324927
21	2.84076	6.16623	4.65312	2.83937	3.45569	4.71076	3.63109	-9.64794	1.96223	2.61719	-10.3768	2.89094	6.07763	-21.5036	-1.91836	6.36151	-19.7652	1.11702	-6.49009	5.8708	4.64395	-5.7501	12.9711	5.72783	-0.890198	19.433	0.615418	-1.3013	14.0344	0.221752
22	2.69304	6.34759	4.45669	2.68533	3.71131	4.45169	3.66804	-9.68942	1.15702	2.624	-10.4241	2.02493	6.0565	-21.4175	-1.99719	6.33307	-19.7096	1.05864	-6.39479	5.78628	5.04596	-5.64256	12.8209	6.15814	-0.893178	19.3789	0.49027	-1.30667	14.0037	0.101264
23	2.47249	6.45842	4.30687	2.43796	3.84798	4.23086	3.65076	-9.75922	0.394543	2.5678	-10.4575	1.20262	5.9958	-21.3183	-2.09057	6.24345	-19.641	0.994355	-6.27333	5.75408	5.40606	-5.49995	12.7276	6.53181	-0.880656	19.3491	0.356704	-1.2929	13.9958	-0.040639
24	2.20966	6.51739	4.20913	2.12661	3.87792	4.06032	3.59683	-9.8911	-0.314073	2.46489	-10.484	0.432128	5.90866	-21.1729	-2.18948	6.1073	-19.5535	0.914183	-6.12598	5.75776	5.72451	-5.32031	12.6776	6.83952	-0.850129	19.3393	0.212769	-1.24967	14.0092	-0.205214
25	1.93322	6.54633	4.16051	1.77912	3.82071	3.94739	3.52424	-10.0866	-0.97014	2.32894	-10.5272	-0.279169	5.80997	-21.0042	-2.29598	5.94382	-19.4395	0.814785	-5.94567	5.79721	6.00574	-5.10475	12.6668	7.07698	-0.792841	19.3516	0.0634248	-1.16947	14.0434	-0.392935
26	1.66483	6.56643	4.15616	1.4149	3.69782	3.89627	3.44735	-10.3341	-1.57623	2.1653	-10.5965	-0.926058	5.71195	-20.8245	-2.41057	5.77441	-19.3162	0.697528	-5.73065	5.85487	6.25328	-4.85632	12.6976	7.24633	-0.703202	19.3848	-0.0882705	-1.0486	14.1026	-0.604863
27	1.4124	6.58789	4.19499	1.04297	3.52565	3.90995	3.36928	-10.6072	-2.12997	1.97141	-10.6677	-1.50197	5.62117	-20.6448	-2.52831	5.61657	-19.2312	0.569058	-5.49204	5.91473	6.47486	-4.57835	12.7744	7.35704	-0.589957	19.4311	-0.24251	-0.888074	14.1917	-0.840738
28	1.16898	6.60625	4.27711	0.679418	3.32501	3.9764	3.28031	-10.8566	-2.63055	1.76031	-10.7388	-2.0152	5.5382	-20.5047	-2.64633	5.48072	-19.1908	0.436744	-5.23911	5.97819	6.68176	-4.27914	12.8849	7.42117	-0.465088	19.4848	-0.396904	-0.692747	14.3102	-1.09728
29	0.930486	6.61587	4.39561	0.348725	3.12372	4.07133	3.17719	-11.0504	-3.08783	1.56024	-10.8433	-2.4895	5.46168	-20.4293	-2.76814	5.36841	-19.1583	0.30566	-4.97373	6.04312	6.88408	-3.96263	13.0104	7.44944	-0.334834	19.5485	-0.543743	-0.465064	14.4496	-1.36861
30	0.701998	6.61682	4.53416	0.060294	2.93451	4.18262	3.06962	-11.1938	-3.52411	1.38236	-10.9755	-2.9375	5.39145	-20.4063	-2.90191	5.27871	-19.1244	0.177742	-4.68852	6.10015	7.08364	-3.63047	13.1385	7.45658	-0.192308	19.6264	-0.67581	-0.21092	14.598	-1.64356
31	0.493493	6.61145	4.67733	-0.190458	2.75342	4.31158	2.97182	-11.3092	-3.9597	1.22273	-11.1019	-3.35746	5.32833	-20.4027	-3.05427	5.20654	-19.0961	0.0563295	-4.37898	6.14201	7.26993	-3.29222	13.2565	7.45655	-0.0266343	19.7144	-0.797545	0.052864	14.7467	-1.91683
32	0.309954	6.59709	4.81865	-0.407728	2.57492	4.4602	2.89022	-11.4095	-4.40178	1.07932	-11.1986	-3.7467	5.27277	-20.3921	-3.22382	5.1453	-19.077	-0.0557805	-4.06123	6.17185	7.42825	-2.96323	13.3558	7.45559	0.155539	19.7987	-0.92814	0.307145	14.8905	-2.19231
33	0.1509	6.56556	4.96099	-0.591123	2.40363	4.62535	2.82411	-11.4908	-4.84346	0.954866	-11.2595	-4.11063	5.22276	-20.3681	-3.40034	5.09217	-19.0697	-0.160741	-3.75336	6.19881	7.55246	-2.64642	13.4327	7.45294	0.34096	19.8678	-1.08503	0.549122	15.0256	-2.47274
34	0.0131171	6.50726	5.11255	-0.740656	2.25018	4.80176	2.76868	-11.5414	-5.2697	0.851198	-11.2908	-4.45947	5.17498	-20.3465	-3.56907	5.0463	-19.0789	-0.263421	-3.46548	6.24124	7.64489	-2.33566	13.4949	7.44255	0.5189	19.9165	-1.27962	0.786421	15.1447	-2.76131
35	-0.103453	6.42129	5.27768	-0.857598	2.1251	4.98453	2.72292	-11.5705	-5.66999	0.768621	-11.3001	-4.80331	5.1291	-20.3311	-3.71708	5.00689	-19.1071	-0.366679	-3.20825	6.30607	7.71983	-2.02039	13.5516	7.41939	0.673824	19.9525	-1.512	1.0303	15.2383	-3.06046
36	-0.198769	6.30981	5.45447	-0.942661	2.03323	5.16997	2.68705	-11.5961	-6.0428	0.707872	-11.2908	-5.14798	5.0866	-20.3104	-3.8354	4.97241	-19.152	-0.468769	-2.99283	6.38256	7.7999	-1.69574	13.6048	7.38438	0.787038	19.9924	-1.77245	1.28477	15.301	-3.3718
37	-0.274455	6.1709	5.63831	-0.994896	1.97184	5.3564	2.66029	-11.625	-6.39176	0.671109	-11.2643	-5.49433	5.04646	-20.2731	-3.91849	4.94103	-19.2116	-0.566688	-2.80505	6.45758	7.89906	-1.36589	13.6547	7.34197	0.86465	20.0479	-2.04574	1.54361	15.3355	-3.6961
38	-0.329796	6.00115	5.82491	-1.01146	1.93428	5.54506	2.6445	-11.6572	-6.72418	0.661489	-11.2245	-5.84064	5.00661	-20.2149	-3.96829	4.9121	-19.286	-0.65834	-2.59602	6.52527	8.01393	-1.02908	13.7044	7.29509	0.950114	20.1246	-2.31354	1.80581	15.3503	-4.03114
39	-0.362851	5.79768	6.01179	-0.990688	1.9113	5.7398	2.64272	-11.6904	-7.04962	0.678986	-11.1794	-6.18407	4.96554	-20.1401	-3.9938	4.88707	-19.3649	-0.742181	-2.31637	6.59177	8.12921	-0.680662	13.7583	7.24386	1.09208	20.2218	-2.56607	2.0749	15.3491	-4.37532
40	-0.373162	5.55797	6.20004	-0.934233	1.88964	5.94606	2.65532	-11.7141	-7.37499	0.718903	-11.135	-6.52067	4.92157	-20.0629	-4.00535	4.86851	-19.4303	-0.818013	-1.96493	6.66688	8.23121	-0.31753	13.8177	7.18698	1.29497	20.335	-2.81313	2.35464	15.3323	-4.72793
41	-0.361459	5.28206	6.39067	-0.845043	1.85392	6.16486	2.68085	-11.7204	-7.70579	0.776486	-11.0985	-6.85114	4.87324	-19.9913	-4.00902	4.85721	-19.4669	-0.884983	-1.57379	6.75602	8.31412	0.063711	13.8879	7.12276	1.53046	20.4589	-3.07459	2.64854	15.3023	-5.08955
42	-0.328786	4.97579	6.57786	-0.727526	1.78547	6.39073	2.71716	-11.719	-8.05229	0.846909	-11.0696	-7.18248	4.82253	-19.9189	-4.00521	4.85106	-19.4738	-0.940614	-1.1609	6.86098	8.37597	0.465909	13.9814	7.04976	1.78291	20.5891	-3.36283	2.95776	15.264	-5.46315
43	-0.279874	4.64625	6.75028	-0.587332	1.66612	6.61524	2.75751	-11.7217	-8.42611	0.924485	-11.0368	-7.52426	4.77288	-19.8417	-3.98578	4.84755	-19.4559	-0.982241	-0.723834	6.98563	8.41785	0.892352	14.1022	6.96678	2.05439	20.7221	-3.68203	3.28495	15.2247	-5.85133
44	-0.222004	4.29583	6.89902	-0.429255	1.48945	6.83035	2.79121	-11.7235	-8.83117	1.00461	-10.9907	-7.88378	4.72468	-19.7607	-3.93474	4.84383	-19.4107	-1.00414	-0.251759	7.1266	8.44361	1.34575	14.239	6.87337	2.35355	20.8545	-4.03305	3.63379	15.19	-6.25758
45	-0.157084	3.92274	7.02299	-0.255541	1.26234	7.03258	2.81196	-11.7025	-9.25972	1.08542	-10.9264	-8.2621	4.67538	-19.6748	-3.83487	4.8379	-19.345	-0.996704	0.265875	7.26603	8.45789	1.82443	14.387	6.77005	2.68979	20.9827	-4.4147	4.00433	15.1604	-6.68978
46	-0.0782229	3.53164	7.12634	-0.0668445	0.998557	7.22375	2.82406	-11.6463	-9.69766	1.16549	-10.8358	-8.65152	4.62278	-19.5726	-3.66936	4.82991	-19.2789	-0.946423	0.83395	7.38293	8.46464	2.32289	14.5497	6.65896	3.07008	21.1013	-4.82826	4.39304	15.1307	-7.15725
47	0.0204152	3.13759	7.21036	0.134034	0.719329	7.40344	2.83236	-11.5593	-10.1348	1.24076	-10.7191	-9.04245	4.5671	-19.453	-3.42128	4.82079	-19.2144	-0.836472	1.44312	7.47895	8.46678	2.83477	14.7191	6.54365	3.4892	21.199	-5.28424	4.79631	15.0901	-7.66763
48	0.132664	2.7635	7.26913	0.334182	0.449663	7.55865	2.83016	-11.4594	-10.5709	1.29825	-10.5916	-9.43874	4.50983	-19.3215	-3.07705	4.8087	-19.1294	-0.65149	2.0784	7.57389	8.46453	3.36294	14.8804	6.42633	3.93538	21.2559	-5.79806	5.21762	15.0209	-8.22521
49	0.23652	2.43465	7.28747	0.505203	0.210688	7.6586	2.79674	-11.3841	-11.0183	1.31111	-10.4811	-9.86949	4.44905	-19.1641	-2.62806	4.78707	-18.9926	-0.38495	2.74146	7.68756	8.45126	3.92187	15.0247	6.30407	4.40955	21.2465	-6.38085	5.6676	14.9033	-8.83275
50	0.299344	2.16975	7.24741	0.612159	0.0108255	7.66476	2.7047	-11.373	-11.494	1.24796	-10.4115	-10.3805	4.37509	-18.9394	-2.07112	4.74708	-18.7892	-0.043828	3.44412	7.81531	8.40794	4.52186	15.1563	6.16335	4.92544	21.1484	-7.04636	6.15425	14.728	-9.50047
51	0.28463	1.96952	7.14074	0.629689	-0.158655	7.55514	2.52516	-11.426	-12.0055	1.08891	-10.3823	-11.0013	4.27434	-18.6225	-1.41144	4.67732	-18.5426	0.360076	4.18917	7.9287	8.29731	5.1625	15.2934	5.97762	5.50132	20.9569	-7.82404	6.67993	14.5017	-10.2521
52	0.160043	1.8226	6.97455	0.545973	-0.312019	7.3373	2.23348	-11.5074	-12.5432	0.827403	-10.3706	-11.7234	4.13935	-18.2573	-0.657693	4.56661	-18.3059	0.821822	4.97111	8.02041	8.07137	5.8363	15.461	5.70872	6.15553	20.6909	-8.75381	7.24641	14.2377	-11.1227
53	-0.093121	1.71454	6.77637	0.350205	-0.447935	7.04705	1.8122	-11.577	-13.073	0.456905	-10.3576	-12.4982	3.97708	-17.941	0.189458	4.40856	-18.1328	1.34904	5.78197	8.12311	7.68835	6.53059	15.6765	5.31563	6.89922	20.3847	-9.87183	7.85533	13.9443	-12.151
54	-0.46885	1.62967	6.59711	0.0261245	-0.551779	6.73995	1.25875	-11.6088	-13.5267	-0.036528	-10.3381	-13.247	3.80339	-17.7708	1.14801	4.20705	-18.0483	1.9638	6.59533	8.29685	7.123	7.22058	15.9381	4.76593	7.71608	20.0653	-11.2099	8.50287	13.621	-13.3754
55	-0.929583	1.55102	6.48867	-0.425986	-0.615258	6.48034	0.596635	-11.5983	-13.8214	-0.656402	-10.3147	-13.8756	3.6325	-17.7847	2.25484	3.97947	-18.0581	2.70358	7.35643	8.59088	6.36346	7.86634	16.2391	4.04229	8.56264	19.7417	-12.7997	9.1742	13.2736	-14.8308
56	-1.40908	1.45828	6.47034	-0.961103	-0.646604	6.32337	-0.126025	-11.564	-13.8982	-1.37188	-10.2975	-14.2952	3.47895	-17.9456	3.55805	3.75523	-18.1688	3.61502	7.9866	9.01485	5.4085	8.41813	16.5956	3.13544	9.3829	19.4208	-14.6749	9.84765	12.9242	-16.5469
57	-1.82663	1.33068	6.51998	-1.49542	-0.66956	6.28851	-0.847133	-11.5386	-13.7403	-2.12347	-10.3125	-14.4525	3.36035	-18.1976	5.10656	3.56728	-18.3695	4.74517	8.39695	9.56096	4.26671	8.81961	17.0333	2.04021	10.1207	19.1261	-16.8673	10.4998	12.6114	-18.5473
58	-2.1153	1.15358	6.59076	-1.94544	-0.718078	6.35217	-1.51329	-11.5519	-13.3667	-2.85553	-10.3954	-14.341	3.29502	-18.5197	6.93675	3.44153	-18.6297	6.13474	8.49535	10.2308	2.95601	9.02671	17.5674	0.75735	10.7209	18.8907	-19.4019	11.1234	12.3832	-20.8419
59	-2.24833	0.925972	6.63435	-2.25497	-0.825022	6.468	-2.1014	-11.6188	-12.814	-3.53182	-10.5677	-13.9827	3.29565	-18.9204	9.0651	3.38519	-18.9366	7.81563	8.19996	11.021	1.49844	8.97179	18.2214	-0.691913	11.1388	18.7371	-22.2971	11.6851	12.2653	-23.4396
60	-2.24463	0.663209	6.62381	-2.40477	-1.01135	6.5894	-2.62354	-11.7292	-12.1094	-4.13428	-10.8205	-13.4045	3.36319	-19.4011	11.4966	3.37889	-19.2957	9.81266	7.48212	11.8824	-0.0746043	8.53253	19.0149	-2.24879	11.3685	18.6707	-25.5513	12.0849	12.2369	-26.3589
61	-2.15551	0.386945	6.56013	-2.41464	-1.28515	6.67966	-3.11788	-11.8463	-11.2569	-4.66546	-11.1208	-12.6246	3.48942	-19.9245	14.231	3.37647	-19.6735	12.1477	6.38871	12.7055	-1.70727	7.59	19.9121	-3.82008	11.4468	18.6805	-29.1254	12.199	12.2381	-29.6175
62	-2.04951	0.107824	6.46116	-2.33373	-1.64383	6.71215	-3.63771	-11.9192	-10.245	-5.15006	-11.4373	-11.6572	3.65898	-20.4089	17.257	3.3182	-19.9472	14.8341	5.02528	13.3588	-3.32661	6.09168	20.7922	-5.29975	11.4288	18.7344	-32.9399	11.9307	12.1937	-33.2155
63	-1.99351	-0.182462	6.34315	-2.22662	-2.07804	6.66988	-4.2313	-11.9097	-9.06785	-5.62877	-11.7438	-10.5203	3.84067	-20.7375	20.5447	3.14723	-19.9406	17.8674	3.57023	13.7337	-4.86009	4.13412	21.4844	-6.59738	11.3967	18.7902	-36.8557	11.2796	12.0461	-37.0846
64	-2.0277	-0.505355	6.20865	-2.15873	-2.57621	6.54916	-4.91549	-11.8163	-7.73795	-6.14595	-12.0098	-9.23501	3.98533	-20.7731	24.0379	2.82974	-19.4945	21.2152	2.21406	13.7633	-6.23371	1.99706	21.8179	-7.65203	11.4109	18.8146	-40.6854	10.3778	11.7845	-41.0378
65	-2.15536	-0.880675	6.04943	-2.17175	-3.12171	6.35774	-5.67006	-11.665	-6.2838	-6.72515	-12.2188	-7.82563	4.04468	-20.415	27.6532	2.36549	-18.5276	24.8105	1.06394	13.4273	-7.37111	0.034127	21.6624	-8.41748	11.4531	18.8039	-44.2422	9.42447	11.4706	-44.7936
66	-2.34538	-1.31347	5.85551	-2.27146	-3.69163	6.11177	-6.44191	-11.4943	-4.74183	-7.35428	-12.3718	-6.31894	3.98239	-19.6673	31.2862	1.78277	-17.1279	28.5469	0.168315	12.7595	-8.22407	-1.47567	20.9866	-8.86739	11.491	18.8004	-47.3661	8.61479	11.2411	-48.0748
67	-2.55195	-1.79306	5.62749	-2.43591	-4.25929	5.83395	-7.16494	-11.3268	-3.1456	-7.99254	-12.4717	-4.74187	3.78669	-18.682	34.8202	1.12652	-15.5748	32.2841	-0.397998	11.8609	-8.79257	-2.38563	19.8978	-8.99937	11.5788	18.8875	-49.9187	8.10872	11.2612	-50.6762
68	-2.72863	-2.29007	5.37441	-2.6246	-4.79833	5.5453	-7.7752	-11.1574	-1.53338	-8.58221	-12.5137	-3.12742	3.4838	-17.7332	38.1285	0.448432	-14.235	35.8743	-0.552865	10.8912	-9.09162	-2.77655	18.6453	-8.7903	11.8233	19.1587	-51.7806	7.88782	11.6216	-52.5103
69	-2.83581	-2.76147	5.10675	-2.78886	-5.28406	5.25921	-8.22171	-10.9733	0.0467557	-9.06106	-12.4951	-1.51485	3.12971	-17.107	41.0852	-0.20337	-13.3751	39.1861	-0.366978	10.0478	-9.11308	-2.88686	17.5187	-8.23905	12.2013	19.6533	-52.8915	7.77959	12.27	-53.6117
70	-2.84609	-3.16509	4.83588	-2.88676	-5.69452	4.98413	-8.47408	-10.7769	1.55148	-9.38053	-12.4228	0.0585745	2.7826	-16.9709	43.5877	-0.793463	-13.0579	42.119	-0.0994105	9.50616	-8.85763	-2.89885	16.7062	-7.43652	12.5071	20.3097	-53.3005	7.65332	13.0581	-54.0916
71	-2.74832	-3.4691	4.57512	-2.8959	-6.01857	4.73108	-8.52799	-10.5815	2.95512	-9.51858	-12.2987	1.5729	2.48979	-17.3076	45.5803	-1.29948	-13.1893	44.6201	0.0399057	9.32601	-8.37185	-2.88189	16.2364	-6.51554	12.5692	21.0134	-53.1217	7.46858	13.8469	-54.0817
72	-2.54869	-3.65806	4.34052	-2.81225	-6.25567	4.51289	-8.40337	-10.3881	4.25365	-9.47412	-12.122	3.02671	2.29521	-17.9712	47.0603	-1.71138	-13.6056	46.679	0.067191	9.41178	-7.72247	-2.84716	16.013	-5.5616	12.413	21.7001	-52.4351	7.21516	14.5635	-53.6735
73	-2.26844	-3.73568	4.14778	-2.64586	-6.41197	4.33948	-8.13761	-10.1798	5.46218	-9.26242	-11.8942	4.42974	2.23669	-18.7973	48.065	-2.02604	-14.1502	48.3112	0.149875	9.57341	-6.96238	-2.78269	15.901	-4.5877	12.1978	22.4004	-51.2605	6.88507	15.1944	-52.8931
74	-1.93571	-3.71895	4.00756	-2.4211	-6.50296	4.21695	-7.77426	-9.94649	6.60635	-8.91529	-11.6097	5.80013	2.33157	-19.6599	48.6502	-2.23832	-14.7271	49.5413	0.390692	9.63362	-6.11716	-2.67761	15.799	-3.57311	12.0274	23.1795	-49.619	6.4736	15.7585	-51.7324
75	-1.57539	-3.62941	3.92509	-2.16669	-6.54861	4.14608	-7.35202	-9.69707	7.71177	-8.47067	-11.2667	7.1548	2.57336	-20.4956	48.8669	-2.34665	-15.3054	50.3928	0.776626	9.50721	-5.19106	-2.52658	15.6623	-2.50593	11.9065	24.0773	-47.5541	5.99169	16.2878	-50.1861
76	-1.20273	-3.48532	3.9041	-1.90489	-6.56906	4.12218	-6.89845	-9.44107	8.79661	-7.96141	-10.8733	8.50083	2.948	-21.3135	48.7482	-2.3567	-15.8935	50.8854	1.2377	9.2168	-4.18575	-2.32649	15.4822	-1.40117	11.7891	25.0905	-45.1228	5.47044	16.8193	-48.2736
77	-0.832774	-3.30651	3.93978	-1.64883	-6.5826	4.13938	-6.43831	-9.18821	9.86506	-7.41298	-10.4455	9.83749	3.42881	-22.1488	48.3129	-2.27863	-16.5074	51.035	1.70118	8.84161	-3.1102	-2.0791	15.2619	-0.29788	11.6243	26.1845	-42.3859	4.95155	17.3879	-46.0418
78	-0.48401	-3.11576	4.01851	-1.39843	-6.59334	4.20019	-5.99571	-8.93859	10.9087	-6.84046	-10.0073	11.1668	3.98677	-23.028	47.5721	-2.11819	-17.1562	50.8608	2.1176	8.46121	-1.98547	-1.7973	15.0049	0.764543	11.3828	27.3125	-39.4036	4.46531	18.0172	-43.5506
79	-0.168131	-2.92884	4.12784	-1.14998	-6.59964	4.30085	-5.58458	-8.68112	11.9153	-6.2577	-9.58085	12.4783	4.60238	-23.9673	46.5329	-1.87859	-17.827	50.3799	2.45032	8.13284	-0.853733	-1.51074	14.7042	1.75968	11.0529	28.4246	-36.2484	4.01445	18.7165	-40.8597
80	0.109418	-2.75399	4.2567	-0.908414	-6.60589	4.42482	-5.20991	-8.42555	12.8735	-5.68381	-9.1805	13.7462	5.2411	-24.9466	45.209	-1.56788	-18.4875	49.6015	2.70993	7.87687	0.229082	-1.25496	14.3513	2.6702	10.6653	29.4838	-32.981	3.58643	19.4767	-38.0209
81	0.34885	-2.59023	4.39924	-0.6808	-6.61069	4.56057	-4.8698	-8.20148	13.7779	-5.13604	-8.82488	14.9515	5.85991	-25.9097	43.6209	-1.20049	-19.1171	48.533	2.93132	7.67399	1.22155	-1.05548	13.9681	3.48277	10.2641	30.4686	-29.6389	3.17071	20.2689	-35.0749
82	0.550646	-2.43458	4.55313	-0.47233	-6.60608	4.70293	-4.56348	-8.04396	14.6273	-4.62928	-8.52415	16.0808	6.41601	-26.7799	41.7926	-0.782001	-19.712	47.1821	3.10562	7.49773	2.1081	-0.923542	13.5999	4.19254	9.84639	31.3487	-26.2633	2.762	21.0497	-32.0487
83	0.715593	-2.28856	4.71791	-0.288601	-6.5876	4.84749	-4.28825	-7.9475	15.4175	-4.17863	-8.27092	17.1193	6.89586	-27.5001	39.7389	-0.307968	-20.2618	45.5569	3.20982	7.32926	2.8847	-0.864493	13.2832	4.80031	9.39333	32.0825	-22.8873	2.35713	21.7694	-28.9632
84	0.84579	-2.15928	4.89275	-0.130347	-6.55074	4.99551	-4.03772	-7.8998	16.1419	-3.79261	-8.0647	18.0597	7.2885	-28.0198	37.4666	0.21844	-20.7295	43.6727	3.24173	7.15472	3.54017	-0.871563	13.0261	5.30543	8.90796	32.631	-19.528	1.96393	22.3817	-25.837
85	0.943246	-2.05493	5.07473	0.0058235	-6.49055	5.15119	-3.80519	-7.89972	16.7899	-3.47164	-7.91431	18.898	7.57692	-28.3118	34.9753	0.787103	-21.064	41.5437	3.22405	6.98932	4.04867	-0.924443	12.8124	5.70408	8.41961	32.962	-16.1921	1.60356	22.8522	-22.6807
86	1.0077	-1.97956	5.26014	0.121642	-6.40546	5.31616	-3.58424	-7.93177	17.3451	-3.21155	-7.81886	19.6241	7.75833	-28.3959	32.2502	1.39449	-21.2552	39.1636	3.19346	6.86649	4.38348	-1.00257	12.6401	5.98504	7.96535	33.0593	-12.8728	1.29896	23.1659	-19.4953
87	1.03754	-1.93037	5.4475	0.218065	-6.29504	5.48915	-3.36827	-7.98731	17.7927	-3.00378	-7.78163	20.2256	7.83007	-28.307	29.2721	2.03336	-21.335	36.5127	3.16906	6.8158	4.53413	-1.09677	12.5294	6.13181	7.55537	32.9234	-9.5612	1.06008	23.3294	-16.2796
88	1.03284	-1.89754	5.63958	0.293824	-6.15939	5.66772	-3.14938	-8.07255	18.125	-2.83922	-7.80801	20.6908	7.78515	-28.0866	26.0276	2.68894	-21.3531	33.5717	3.16311	6.86443	4.4996	-1.19693	12.5056	6.12339	7.18547	32.5675	-6.25071	0.894542	23.3616	-13.038
89	0.99363	-1.87029	5.84152	0.34785	-5.99587	5.85226	-2.92137	-8.17945	18.34	-2.70751	-7.89252	21.011	7.62217	-27.7987	22.5128	3.34513	-21.3765	30.328	3.21172	7.03563	4.27376	-1.27867	12.6006	5.93825	6.87432	32.0196	-2.93602	0.817711	23.2789	-9.78045
90	0.920327	-1.83763	6.05644	0.37927	-5.79896	6.04343	-2.68124	-8.29177	18.4375	-2.59834	-8.03059	21.1805	7.34406	-27.5092	18.7396	3.97556	-21.4562	26.7814	3.39479	7.34274	3.8359	-1.31855	12.8427	5.55963	6.69049	31.3191	0.39155	0.837625	23.0835	-6.52564
91	0.815812	-1.78441	6.2839	0.385439	-5.56584	6.23924	-2.43076	-8.40012	18.4205	-2.50213	-8.21505	21.1976	6.95685	-27.286	14.7511	4.53975	-21.6329	22.9543	3.84441	7.80235	3.15743	-1.27602	13.2663	4.96747	6.75708	30.5143	3.7477	0.972234	22.7626	-3.29936
92	0.684828	-1.69631	6.518	0.365466	-5.29862	6.43567	-2.17517	-8.50174	18.2965	-2.40332	-8.43665	21.069	6.46554	-27.2017	10.6359	4.98048	-21.9462	18.9044	4.72218	8.4401	2.214	-1.0514	13.9064	4.13599	7.22566	29.6627	7.14414	1.28691	22.3086	-0.1202
93	0.533321	-1.56408	6.74831	0.324437	-5.00141	6.62524	-1.92485	-8.60261	18.0809	-2.28092	-8.68523	20.8051	5.88207	-27.2817	6.53024	5.23993	-22.3823	14.7224	6.09931	9.259	1.00616	-0.579126	14.7367	3.06721	8.17507	28.8149	10.5374	1.81319	21.7345	2.97684
94	0.367936	-1.38499	6.96293	0.270829	-4.67702	6.79687	-1.69533	-8.7086	17.7945	-2.12279	-8.94128	20.4156	5.24317	-27.4501	2.59254	5.29264	-22.8319	10.5255	7.82365	10.1945	-0.402693	0.0925065	15.623	1.85077	9.49428	27.984	13.7817	2.46758	21.071	5.9432
95	0.197103	-1.16111	7.1528	0.214165	-4.32363	6.9421	-1.50247	-8.80534	17.458	-1.93582	-9.17914	19.9198	4.61602	-27.6169	-1.02161	5.16541	-23.1394	6.47061	9.62145	11.1436	-1.8551	0.867009	16.37	0.671084	10.9497	27.1655	16.7062	3.11047	20.3583	8.74499
96	0.0276	-0.901888	7.31458	0.156205	-3.93957	7.06021	-1.36231	-8.865	17.1052	-1.74717	-9.37666	19.3671	4.08769	-27.7974	-4.12278	4.9316	-23.2107	2.78506	11.3521	12.0183	-3.12665	1.7208	16.8228	-0.261858	12.4011	26.4267	19.2422	3.69039	19.6609	11.365
97	-0.137907	-0.62493	7.44704	0.0859885	-3.53577	7.15655	-1.28928	-8.86841	16.8015	-1.59692	-9.51884	18.843	3.73852	-28.1069	-6.44377	4.68905	-23.0726	-0.218824	13.0056	12.7792	-4.03342	2.71304	16.9435	-0.804411	13.8336	25.9175	21.3588	4.29848	19.0702	13.7399
98	-0.294989	-0.353341	7.54228	-0.006244	-3.13446	7.23176	-1.28264	-8.84886	16.6229	-1.51772	-9.61386	18.4368	3.601	-28.5505	-7.70723	4.51966	-22.8128	-2.2065	14.5306	13.4146	-4.57495	3.87111	16.8364	-0.960605	15.2658	25.7106	22.8726	5.07832	18.6255	15.6658
99	-0.425891	-0.106442	7.57973	-0.111631	-2.75863	7.27425	-1.30899	-8.88106	16.5813	-1.50642	-9.70613	18.1812	3.63136	-28.8582	-7.82748	4.43931	-22.454	-2.99908	15.6497	13.8661	-4.92779	5.04965	16.7	-0.906995	16.5679	25.6327	23.3806	6.05023	18.217	16.7972
100	-0.498275	0.110713	7.53248	-0.203519	-2.42613	7.26578	-1.30931	-8.99466	16.5653	-1.52119	-9.83416	18.0104	3.73235	-28.7028	-7.07689	4.39737	-21.9674	-2.74838	15.8138	14.0114	-5.2567	5.88516	16.6914	-0.92735	17.3082	25.361	22.4787	6.99949	17.6672	16.7875
