Time	RPelvisAngleX	RPelvisAngleY	RPelvisAngleZ	LPelvisAngleX	LPelvisAngleY	LPelvisAngleZ	RHipAngleX	RHipAngleY	RHipAngleZ	LHipAngleX	LHipAngleY	LHipAngleZ	RKneeAngleX	RKneeAngleY	RKneeAngleZ	LKneeAngleX	LKneeAngleY	LKneeAngleZ	RAnkleAngleX	RAnkleAngleY	RAnkleAngleZ	LAnkleAngleX	LAnkleAngleY	LAnkleAngleZ	RFootAngleX	RFootAngleY	RFootAngleZ	LFootAngleX	LFootAngleY	LFootAngleZ
0	1.20768	4.85467	14.6213	1.25994	2.62084	14.7468	-0.898115	-1.06684	36.4777	1.61789	-0.949049	35.9337	0.545957	-21.6009	4.40369	1.07746	-19.8584	2.45905	2.46514	6.71148	-0.40275	-4.97242	6.37712	0.483747	3.74224	11.311	17.7658	-1.75481	11.4919	17.5042
1	1.15474	5.14798	14.5995	1.20274	2.9149	14.5713	-0.883449	-0.964858	36.312	1.57557	-0.878504	35.6536	0.709617	-21.1669	5.85488	1.34022	-19.5128	4.04145	2.47355	6.5155	-0.447473	-5.35682	6.43301	0.457234	4.02384	10.7194	16.0758	-1.77862	10.7402	15.7109
2	1.15462	5.41061	14.5874	1.22233	3.21001	14.3899	-0.792869	-0.814051	35.9336	1.61478	-0.779988	35.1009	0.798796	-20.9994	6.81618	1.46496	-19.2452	4.9333	2.41315	6.30366	-1.47059	-5.73525	6.28511	-0.519799	4.45061	10.3166	13.6969	-1.65926	10.146	13.4367
3	1.24724	5.58599	14.6367	1.36297	3.44787	14.272	-0.616637	-0.495633	35.4271	1.75854	-0.559656	34.4121	0.841621	-21.1816	7.11433	1.5024	-19.0297	5.19285	2.21041	5.94542	-3.29622	-5.90983	5.60339	-2.18085	4.86953	10.2239	10.9814	-1.31001	9.95555	10.9967
4	1.43147	5.62091	14.7563	1.61174	3.55907	14.2523	-0.377751	-0.00122095	34.9775	1.97505	-0.221513	33.8447	0.984462	-21.3534	7.30776	1.63777	-18.6212	5.57663	1.74217	5.2955	-4.93344	-5.81374	4.39379	-3.6048	4.94494	10.2966	8.44839	-0.835853	10.0384	8.75856
5	1.67133	5.49103	14.894	1.90933	3.50231	14.291	-0.0797129	0.498039	34.7763	2.227	0.075643	33.6066	1.34988	-21.0484	8.16775	2.01042	-17.9512	6.71847	0.913443	4.41399	-5.60024	-5.58621	3.09799	-4.23951	4.4551	10.2565	6.29183	-0.365564	10.1392	6.81372
6	1.93709	5.20601	14.9753	2.21007	3.2776	14.3037	0.320665	0.762059	34.8173	2.53136	0.169225	33.6046	1.83418	-20.204	9.7274	2.52583	-17.3134	8.36844	-0.236442	3.61832	-5.29595	-5.47483	2.29344	-4.23182	3.47196	9.98173	4.60774	-0.024198	10.1598	5.18741
7	2.20462	4.80406	14.9375	2.49379	2.91281	14.2139	0.850749	0.667282	34.8296	2.9279	0.026023	33.4814	2.19724	-19.1577	11.3929	2.97673	-16.9974	9.83465	-1.50557	3.21039	-4.51115	-5.7129	2.24356	-3.9754	2.29379	9.58943	3.41	0.0149305	10.1362	3.86447
8	2.4346	4.34732	14.7492	2.73977	2.45319	13.9899	1.46548	0.284394	34.4939	3.41408	-0.223849	32.9351	2.32063	-18.1948	12.6679	3.27028	-16.8817	10.7517	-2.61502	3.18233	-3.61419	-6.3293	2.66177	-3.61065	1.24122	9.25285	2.6029	-0.323959	10.0824	2.82139
9	2.58285	3.9161	14.4395	2.92753	1.96313	13.6556	2.06591	-0.218005	33.6809	3.94897	-0.434121	31.9239	2.2445	-17.2804	13.374	3.40731	-16.5423	11.167	-3.43963	3.23764	-2.75857	-7.14317	2.97232	-3.1289	0.439439	9.02758	2.05714	-0.942674	9.9745	2.02893
10	2.63234	3.58809	14.0992	3.05603	1.52559	13.288	2.56404	-0.718024	32.496	4.48689	-0.595031	30.6286	2.06252	-16.3402	13.5564	3.3968	-15.7828	11.2713	-4.03687	3.16949	-2.00131	-7.94371	2.87862	-2.56633	-0.15797	8.87972	1.66526	-1.65621	9.82703	1.43634
11	2.59608	3.41466	13.8311	3.13459	1.22007	12.987	2.91774	-1.19807	31.1665	4.97815	-0.794011	29.3094	1.85102	-15.5374	13.3659	3.264	-14.8866	11.2142	-4.50111	3.09235	-1.33904	-8.59915	2.5984	-1.97584	-0.616661	8.79024	1.36774	-2.28773	9.69642	0.999931
12	2.49277	3.40995	13.6973	3.1715	1.09721	12.8167	3.11674	-1.69131	29.8939	5.37192	-1.1187	28.1501	1.65389	-15.1258	12.9537	3.05772	-14.3139	11.0598	-4.86749	3.25993	-0.746312	-9.05903	2.57752	-1.37862	-0.954365	8.7624	1.14168	-2.73552	9.61803	0.689283
13	2.33532	3.55026	13.6995	3.16773	1.163	12.7753	3.16657	-2.21552	28.7646	5.62795	-1.58882	27.1811	1.49578	-15.1439	12.4338	2.84041	-14.2645	10.8279	-5.14086	3.74924	-0.195595	-9.32424	3.03063	-0.769765	-1.18447	8.78231	0.971078	-2.98527	9.5876	0.474961
14	2.12974	3.78301	13.796	3.11115	1.37748	12.8267	3.08308	-2.74441	27.7654	5.72123	-2.12287	26.3325	1.3945	-15.3346	11.8956	2.67939	-14.5722	10.5383	-5.32101	4.34294	0.336227	-9.43042	3.77948	-0.143715	-1.32675	8.82398	0.838857	-3.07995	9.58201	0.329341
15	1.88673	4.04132	13.9384	2.99812	1.66786	12.9416	2.90201	-3.21731	26.8585	5.66501	-2.57417	25.5338	1.35683	-15.3718	11.416	2.62103	-14.9356	10.2202	-5.41221	4.72657	0.866502	-9.43354	4.46961	0.488216	-1.39978	8.86519	0.731402	-3.08252	9.57712	0.226653
16	1.63468	4.26324	14.0975	2.85092	1.95336	13.1006	2.68623	-3.58603	26.0289	5.52218	-2.84311	24.7653	1.37074	-15.1175	11.0407	2.66229	-15.1455	9.91516	-5.43658	4.76194	1.40382	-9.38449	4.863	1.10865	-1.42537	8.89488	0.639827	-3.04346	9.55959	0.145913
17	1.39991	4.40016	14.2484	2.69733	2.16917	13.2733	2.50046	-3.86171	25.2609	5.36588	-2.95239	24.029	1.40493	-14.6329	10.7689	2.75861	-15.1229	9.66373	-5.41795	4.54089	1.94781	-9.31106	4.93991	1.70998	-1.41869	8.92105	0.560643	-2.98772	9.53155	0.0754465
18	1.19145	4.4244	14.3593	2.54979	2.27856	13.4101	2.3855	-4.12147	24.514	5.24874	-3.03058	23.3019	1.41838	-14.0209	10.564	2.84487	-14.8579	9.47683	-5.37437	4.24583	2.48946	-9.22149	4.82998	2.2882	-1.39228	8.95971	0.490272	-2.92302	9.50348	0.010588
19	1.00068	4.33297	14.408	2.39725	2.27304	13.4624	2.34797	-4.45668	23.7448	5.18799	-3.21665	22.5287	1.37856	-13.3417	10.381	2.86218	-14.3803	9.31771	-5.32259	4.02141	3.01236	-9.11828	4.70068	2.83162	-1.36267	9.02272	0.418304	-2.85431	9.4861	-0.0528905
20	0.797796	4.14084	14.3861	2.20835	2.16425	13.4099	2.35619	-4.92555	22.9229	5.16009	-3.58592	21.6524	1.27519	-12.608	10.1849	2.78422	-13.7558	9.11872	-5.27426	3.93486	3.49726	-9.00019	4.68597	3.32481	-1.34015	9.11271	0.330997	-2.78303	9.48894	-0.118845
21	0.54641	3.87299	14.2942	1.95559	1.9741	13.2674	2.35779	-5.54958	22.0337	5.1279	-4.13887	20.6487	1.1151	-11.8037	9.96103	2.61923	-13.0695	8.819	-5.23273	3.99254	3.938	-8.86478	4.85909	3.75973	-1.33006	9.22156	0.221817	-2.70855	9.51778	-0.188489
22	0.233247	3.55387	14.1421	1.64354	1.72463	13.0731	2.31661	-6.31586	21.0839	5.07279	-4.80557	19.537	0.91387	-10.8964	9.716	2.40371	-12.4024	8.3918	-5.1912	4.14802	4.34714	-8.71399	5.21143	4.13877	-1.33162	9.33471	0.0986448	-2.63289	9.57322	-0.259433
23	-0.122072	3.20196	13.9488	1.30335	1.4337	12.8685	2.23176	-7.18057	20.0996	4.9981	-5.49986	18.3703	0.69242	-9.85978	9.46317	2.1799	-11.7746	7.86157	-5.1442	4.31935	4.74116	-8.55086	5.65149	4.47625	-1.33985	9.44119	-0.0237971	-2.55838	9.65469	-0.32561
24	-0.487182	2.83073	13.739	0.960633	1.11566	12.6852	2.12099	-8.07104	19.1107	4.90826	-6.15653	17.2112	0.47307	-8.72612	9.20927	1.97716	-11.1468	7.28332	-5.08572	4.4475	5.13522	-8.37764	6.05426	4.78685	-1.34735	9.53781	-0.130381	-2.48284	9.75947	-0.382295
25	-0.843605	2.45217	13.5401	0.613289	0.779713	12.5472	1.9939	-8.89603	18.137	4.78994	-6.70988	16.1088	0.277542	-7.60692	8.94513	1.81386	-10.5106	6.70166	-5.00629	4.53154	5.53653	-8.19763	6.34312	5.07821	-1.3455	9.63106	-0.21291	-2.40202	9.87958	-0.430717
26	-1.19041	2.07974	13.3778	0.240219	0.434124	12.4703	1.84591	-9.58026	17.188	4.61702	-7.10573	15.0871	0.125593	-6.63858	8.64937	1.699	-9.92753	6.13481	-4.89613	4.60697	5.93847	-8.00501	6.52981	5.35476	-1.3243	9.73576	-0.274146	-2.30626	10.0068	-0.476075
27	-1.53944	1.72749	13.2736	-0.175289	0.089154	12.4623	1.66102	-10.084	16.2727	4.37124	-7.32829	14.152	0.0295714	-5.91797	8.30725	1.63177	-9.4737	5.58454	-4.74989	4.71144	6.32667	-7.80076	6.67113	5.62223	-1.27797	9.86214	-0.326591	-2.19815	10.1376	-0.525572
28	-1.89823	1.40541	13.2354	-0.628691	-0.24582	12.5234	1.43081	-10.4236	15.4017	4.05794	-7.4037	13.3063	-0.0104129	-5.43255	7.92476	1.60331	-9.17557	5.05892	-4.57584	4.84208	6.69156	-7.59879	6.80924	5.89098	-1.20897	10.0081	-0.382724	-2.09541	10.2703	-0.585863
29	-2.24908	1.11756	13.2579	-1.08313	-0.562758	12.6388	1.17642	-10.6582	14.586	3.7168	-7.39732	12.5451	-0.00682381	-5.08203	7.52997	1.59841	-8.98481	4.58	-4.38951	4.95536	7.03591	-7.4118	6.94291	6.17377	-1.12424	10.1644	-0.44965	-2.01358	10.4051	-0.66096
30	-2.56022	0.86172	13.3325	-1.48503	-0.857627	12.7865	0.935974	-10.8423	13.8369	3.40579	-7.37309	11.8563	0.0201286	-4.76544	7.16059	1.60172	-8.82309	4.17206	-4.20883	5.00903	7.36631	-7.24172	7.04405	6.48035	-1.03745	10.3184	-0.538029	-1.95558	10.5399	-0.750999
31	-2.80419	0.629935	13.4459	-1.79202	-1.13227	12.9492	0.745488	-11.0142	13.1538	3.17141	-7.35946	11.2257	0.05305	-4.42114	6.83974	1.60426	-8.64269	3.8475	-4.05897	4.9921	7.68325	-7.07262	7.09153	6.81084	-0.97029	10.4576	-0.662445	-1.90498	10.6709	-0.854358
32	-2.96424	0.414273	13.5829	-1.9849	-1.3876	13.114	0.628717	-11.1967	12.5208	3.03604	-7.36451	10.6338	0.0831962	-4.03527	6.56504	1.60197	-8.42032	3.60202	-3.97203	4.928	7.98302	-6.88057	7.06756	7.15477	-0.953086	10.5731	-0.834826	-1.83461	10.7996	-0.972052
33	-3.03079	0.214563	13.7299	-2.06844	-1.61767	13.2695	0.598863	-11.417	11.9112	2.99584	-7.39423	10.0532	0.1064	-3.61405	6.316	1.59604	-8.15472	3.41256	-3.94366	4.84729	8.27082	-6.66066	6.97163	7.49552	-0.986973	10.6685	-1.04489	-1.7332	10.9293	-1.11051
34	-3.00421	0.0351676	13.872	-2.06538	-1.81442	13.4022	0.656054	-11.6942	11.2904	3.02801	-7.45552	9.45243	0.126785	-3.17577	6.06299	1.58928	-7.88388	3.24701	-3.92474	4.77251	8.55181	-6.41727	6.84771	7.82457	-1.02937	10.7577	-1.26769	-1.60531	11.0604	-1.2717
35	-2.90007	-0.123032	13.9975	-2.00705	-1.97544	13.4969	0.783889	-12.016	10.6296	3.10276	-7.55738	8.80244	0.152615	-2.74717	5.78257	1.58236	-7.64778	3.082	-3.84843	4.71134	8.82209	-6.15428	6.74922	8.14398	-1.01756	10.8523	-1.48324	-1.46089	11.1943	-1.45316
36	-2.74061	-0.257495	14.1015	-1.92312	-2.10271	13.5439	0.958426	-12.366	9.91605	3.19186	-7.72136	8.08847	0.186379	-2.34268	5.4694	1.57405	-7.43645	2.9089	-3.67862	4.66146	9.07871	-5.87636	6.69396	8.45706	-0.920023	10.9565	-1.68653	-1.3089	11.333	-1.65213
37	-2.54741	-0.364398	14.1892	-1.83541	-2.2039	13.5472	1.15623	-12.7305	9.15641	3.27531	-7.95253	7.31602	0.228581	-1.97055	5.13331	1.56474	-7.23339	2.72808	-3.42792	4.6212	9.3222	-5.58156	6.6819	8.75985	-0.750821	11.0678	-1.88766	-1.14733	11.4762	-1.86964
38	-2.34484	-0.447833	14.2717	-1.75586	-2.29165	13.5264	1.35307	-13.0806	8.37136	3.34401	-8.21796	6.50768	0.279438	-1.65288	4.79445	1.55726	-7.04921	2.5434	-3.12689	4.597	9.55543	-5.26969	6.70398	9.04314	-0.53956	11.1814	-2.10264	-0.971751	11.6249	-2.11319
39	-2.15541	-0.519374	14.3616	-1.68712	-2.38089	13.5073	1.52775	-13.3775	7.58864	3.39767	-8.4778	5.69374	0.337102	-1.41262	4.48189	1.55158	-6.8976	2.36545	-2.80374	4.59075	9.78445	-4.93757	6.74887	9.30331	-0.312121	11.294	-2.34722	-0.777158	11.7787	-2.38913
40	-1.99127	-0.592599	14.4654	-1.62721	-2.48427	13.5094	1.66976	-13.6039	6.83436	3.43757	-8.71221	4.90103	0.392809	-1.2469	4.22941	1.547	-6.78214	2.21126	-2.45494	4.59944	10.0102	-4.57347	6.81732	9.54384	-0.0634833	11.4008	-2.63328	-0.553349	11.932	-2.6982
41	-1.85997	-0.685742	14.5804	-1.57465	-2.61023	13.5448	1.77361	-13.7527	6.12877	3.4624	-8.92215	4.15425	0.433448	-1.13459	4.07242	1.54225	-6.68527	2.10438	-2.06026	4.61686	10.233	-4.16586	6.90685	9.77061	0.226445	11.4952	-2.96755	-0.289982	12.0779	-3.03934
42	-1.76631	-0.813585	14.6947	-1.52964	-2.76364	13.6168	1.83524	-13.8423	5.48218	3.46691	-9.11745	3.47148	0.444258	-1.03338	4.04392	1.53394	-6.5699	2.07259	-1.61768	4.63891	10.4579	-3.71851	7.00414	9.99045	0.557911	11.5689	-3.35673	0.008551	12.2059	-3.41647
43	-1.70408	-0.977862	14.7973	-1.49518	-2.94674	13.7203	1.85703	-13.9121	4.89731	3.44036	-9.30325	2.86087	0.416208	-0.892246	4.16429	1.52084	-6.40357	2.14084	-1.14936	4.66268	10.6882	-3.24706	7.09674	10.2068	0.90848	11.6118	-3.81058	0.328336	12.3022	-3.83974
44	-1.65789	-1.17326	14.884	-1.4717	-3.1617	13.8483	1.84701	-13.9957	4.37533	3.37536	-9.47079	2.32506	0.347844	-0.682907	4.44052	1.50313	-6.17282	2.32486	-0.669489	4.69324	10.9222	-2.76706	7.17773	10.4109	1.26357	11.6162	-4.33671	0.659674	12.352	-4.32692
45	-1.61299	-1.39061	14.9506	-1.45286	-3.40711	13.9938	1.81379	-14.1232	3.90978	3.27443	-9.62097	1.86099	0.24117	-0.390085	4.8668	1.47921	-5.87152	2.62807	-0.187421	4.73795	11.1499	-2.28364	7.24541	10.5864	1.61583	11.5793	-4.9429	1.00342	12.3489	-4.89557
46	-1.55786	-1.62044	14.9941	-1.43044	-3.67719	14.1467	1.76611	-14.3099	3.48785	3.14317	-9.76567	1.45386	0.0980219	-0.0235529	5.42496	1.44811	-5.50406	3.03918	0.291547	4.8122	11.3487	-1.78987	7.30685	10.7114	1.96328	11.5006	-5.64487	1.37048	12.2956	-5.5603
47	-1.48788	-1.85618	15.0079	-1.39692	-3.96342	14.292	1.7072	-14.5647	3.08725	2.98701	-9.92616	1.07647	-0.0828605	0.39822	6.09235	1.40775	-5.08216	3.53951	0.799257	4.92919	11.4871	-1.26629	7.38445	10.7654	2.33889	11.3872	-6.45918	1.77913	12.1943	-6.33104
48	-1.40437	-2.09603	14.9821	-1.34622	-4.2552	14.4118	1.63321	-14.8874	2.67797	2.81255	-10.1453	0.696544	-0.299834	0.849251	6.84659	1.35272	-4.61572	4.11115	1.39229	5.10026	11.5371	-0.681564	7.51756	10.7366	2.79953	11.2526	-7.39571	2.25401	12.0484	-7.20927
49	-1.31553	-2.34373	14.9076	-1.2773	-4.54572	14.4919	1.5323	-15.2603	2.23287	2.62386	-10.4568	0.288067	-0.546465	1.28645	7.66713	1.27709	-4.11104	4.74106	2.10171	5.35302	11.4728	-0.021357	7.73098	10.6147	3.3772	11.1009	-8.46769	2.80782	11.8681	-8.20076
50	-1.23876	-2.60229	14.7872	-1.20088	-4.83288	14.5262	1.39012	-15.6526	1.75172	2.4148	-10.8514	-0.160394	-0.830119	1.66622	8.54901	1.17454	-3.59803	5.42402	2.92568	5.71607	11.2704	0.707512	8.03878	10.3857	4.06787	10.9198	-9.69807	3.43694	11.6586	-9.32304
51	-1.20531	-2.863	14.6409	-1.14295	-5.11083	14.5257	1.18659	-16.0101	1.27135	2.16578	-11.2643	-0.632137	-1.16706	1.96729	9.5067	1.03883	-3.13683	6.16411	3.84934	6.1683	10.9036	1.49189	8.442	10.0261	4.86456	10.6882	-11.119	4.13649	11.4081	-10.605
52	-1.25163	-3.09855	14.5024	-1.13938	-5.35735	14.5257	0.895399	-16.2652	0.857466	1.85192	-11.6009	-1.06769	-1.56676	2.16469	10.5756	0.860875	-2.79677	6.98393	4.85046	6.66025	10.3429	2.3147	8.91587	9.49815	5.76118	10.3851	-12.7745	4.90463	11.0912	-12.0937
53	-1.3959	-3.26489	14.4057	-1.21838	-5.53306	14.5685	0.503075	-16.3741	0.583644	1.45839	-11.784	-1.38245	-2.0232	2.20792	11.8126	0.635458	-2.63743	7.93428	5.88069	7.15899	9.5626	3.14916	9.41497	8.76519	6.72953	10.005	-14.7215	5.73523	10.6923	-13.8499
54	-1.62535	-3.31595	14.3607	-1.38156	-5.59626	14.6643	0.0219224	-16.3444	0.497844	0.987344	-11.8108	-1.51977	-2.51157	2.0242	13.2844	0.377466	-2.69086	9.08787	6.85404	7.67181	8.53589	3.94973	9.9047	7.8055	7.71235	9.57391	-17.027	6.60938	10.2319	-15.9345
55	-1.90543	-3.2223	14.3397	-1.60557	-5.52151	14.7747	-0.519527	-16.2373	0.604627	0.449106	-11.7601	-1.47841	-2.9991	1.52223	15.0469	0.12085	-2.98631	10.5159	7.64484	8.28163	7.21949	4.64159	10.4216	6.60062	8.62005	9.12843	-19.7665	7.4818	9.75546	-18.4044
56	-2.19596	-2.98171	14.2884	-1.85979	-5.30766	14.8407	-1.09956	-16.1444	0.874588	-0.149815	-11.731	-1.28278	-3.45867	0.636061	17.136	-0.098778	-3.56787	12.2671	8.11766	9.11489	5.56684	5.11533	11.0733	5.11292	9.35582	8.69035	-23.0034	8.27879	9.2946	-21.3181
57	-2.46565	-2.62188	14.1564	-2.11491	-4.97839	14.8131	-1.71297	-16.1291	1.27796	-0.806598	-11.7858	-0.951761	-3.87342	-0.621613	19.5701	-0.258945	-4.45873	14.3668	8.13857	10.2449	3.56755	5.24885	11.9546	3.29729	9.82535	8.25319	-26.7671	8.92438	8.85583	-24.7291
58	-2.69512	-2.19674	13.9303	-2.33937	-4.583	14.6639	-2.35622	-16.1739	1.81986	-1.51058	-11.9419	-0.489004	-4.23083	-2.13812	22.3611	-0.358314	-5.57935	16.8364	7.62625	11.6087	1.27993	4.93606	13.0551	1.1605	9.97641	7.79211	-31.0298	9.35848	8.42276	-28.6568
59	-2.87301	-1.77696	13.6408	-2.50247	-4.18788	14.4064	-3.01799	-16.2061	2.54572	-2.23487	-12.1708	0.136151	-4.5206	-3.70128	25.5228	-0.412139	-6.71099	19.7115	6.63809	12.9982	-1.15523	4.13376	14.2065	-1.18721	9.85501	7.29754	-35.6713	9.55286	7.96614	-33.049
60	-2.99439	-1.43461	13.3464	-2.58761	-3.86152	14.1031	-3.6777	-16.1433	3.51863	-2.94025	-12.3862	0.997928	-4.73825	-5.06161	29.0582	-0.441933	-7.58283	23.0406	5.33084	14.1312	-3.53515	2.95837	15.1149	-3.54946	9.55086	6.79841	-40.4874	9.56347	7.48288	-37.7508
61	-3.06453	-1.22475	13.1099	-2.59445	-3.6558	13.8389	-4.30976	-15.8873	4.78543	-3.57878	-12.4714	2.18186	-4.8705	-6.06612	32.929	-0.469271	-8.01843	26.8431	3.89915	14.753	-5.64932	1.63926	15.5032	-5.71129	9.14449	6.37523	-45.2202	9.47682	7.01812	-42.5279
62	-3.09037	-1.17233	12.9687	-2.53081	-3.59451	13.6767	-4.87873	-15.3776	6.35161	-4.10331	-12.3272	3.72908	-4.91337	-6.7055	37.0319	-0.502779	-8.04423	31.0371	2.52109	14.7522	-7.34364	0.334794	15.269	-7.53828	8.68712	6.12791	-49.6078	9.29727	6.65088	-47.1529
63	-3.06911	-1.26837	12.9254	-2.40808	-3.67043	13.6335	-5.34197	-14.6417	8.17564	-4.48341	-11.9101	5.60276	-4.89037	-7.07931	41.2001	-0.529289	-7.86964	35.4161	1.34473	14.2096	-8.5655	-0.909572	14.5358	-9.01894	8.23624	6.12342	-53.4283	8.98032	6.45214	-51.443
64	-2.99687	-1.46989	12.9641	-2.23713	-3.84833	13.6895	-5.66935	-13.7729	10.1874	-4.709	-11.2469	7.70371	-4.83523	-7.3726	45.2378	-0.523014	-7.76474	39.7224	0.501711	13.3665	-9.3288	-2.04002	13.585	-10.1835	7.89009	6.37907	-56.4922	8.55719	6.44515	-55.214
65	-2.87999	-1.71467	13.0652	-2.0257	-4.0733	13.8112	-5.85748	-12.8747	12.3075	-4.7838	-10.4211	9.91189	-4.76197	-7.77115	48.9758	-0.459243	-7.90609	43.7492	0.0760819	12.4919	-9.63293	-2.93378	12.6821	-10.9979	7.73865	6.8741	-58.6407	8.1533	6.61592	-58.2543
66	-2.73762	-1.93969	13.2023	-1.78888	-4.2843	13.9667	-5.9326	-12.019	14.4529	-4.73352	-9.52846	12.1253	-4.65012	-8.37695	52.2994	-0.311697	-8.33763	47.3747	0.04037	11.7567	-9.4354	-3.49381	11.9652	-11.3672	7.77209	7.57088	-59.7702	7.87253	6.94435	-60.3802
67	-2.58725	-2.09832	13.3392	-1.54786	-4.42893	14.1271	-5.93075	-11.2334	16.5412	-4.60193	-8.63639	14.2711	-4.45901	-9.19924	55.1432	-0.0510325	-9.03748	50.5351	0.226612	11.2252	-8.72102	-3.74673	11.4712	-11.2266	7.84682	8.40996	-59.8949	7.70475	7.41244	-61.5176
68	-2.43144	-2.16642	13.4363	-1.3166	-4.4729	14.2587	-5.87652	-10.5081	18.4972	-4.43092	-7.78812	16.294	-4.14821	-10.1869	57.4704	0.334216	-9.94921	53.2	0.425386	10.8908	-7.5788	-3.83114	11.1895	-10.5919	7.7902	9.31136	-59.1675	7.53685	7.98865	-61.7225
69	-2.25781	-2.13775	13.4618	-1.09847	-4.40473	14.3342	-5.77614	-9.81592	20.2645	-4.24796	-6.99637	18.1621	-3.68994	-11.2634	59.2645	0.839774	-10.973	55.3643	0.54113	10.6998	-6.17669	-3.87749	11.0519	-9.56032	7.54756	10.2027	-57.7917	7.26638	8.63032	-61.1358
70	-2.04788	-2.01935	13.4033	-0.876468	-4.23286	14.3381	-5.62193	-9.12102	21.8218	-4.04896	-6.27213	19.8661	-3.06678	-12.3458	60.5355	1.4358	-11.987	57.0482	0.613957	10.5613	-4.6661	-3.93381	10.9457	-8.27052	7.18799	11.0445	-55.9237	6.87077	9.30376	-59.9212
71	-1.78773	-1.82822	13.2747	-0.623411	-3.97955	14.2664	-5.40466	-8.38271	23.1899	-3.80947	-5.63094	21.4127	-2.26453	-13.3645	61.3141	2.07759	-12.9207	58.2873	0.706793	10.3735	-3.13576	-3.98506	10.7853	-6.83941	6.79543	11.8312	-53.6594	6.38468	9.99978	-58.2098
72	-1.47844	-1.58158	13.1072	-0.323993	-3.66944	14.1264	-5.12972	-7.59253	24.4168	-3.51409	-5.07907	22.8209	-1.3016	-14.2807	61.6348	2.73259	-13.7662	59.1129	0.821925	10.0749	-1.63287	-3.97485	10.5374	-5.33721	6.39453	12.5712	-51.069	5.8773	10.7244	-56.0708
73	-1.13819	-1.29388	12.9309	0.015287	-3.32195	13.9333	-4.82047	-6.77545	25.5506	-3.17147	-4.61485	24.117	-0.232998	-15.0949	61.5249	3.38204	-14.5229	59.5412	0.934757	9.65412	-0.196173	-3.8792	10.1852	-3.80469	5.98518	13.2803	-48.2134	5.38807	11.4807	-53.5414
74	-0.78377	-0.978916	12.7718	0.374727	-2.95149	13.7112	-4.49844	-5.95925	26.6282	-2.80386	-4.22865	25.332	0.882369	-15.8374	61.0072	4.01069	-15.2081	59.5798	1.03142	9.12318	1.13687	-3.74241	9.7353	-2.27977	5.57528	13.9831	-45.1473	4.89649	12.2655	-50.6767
75	-0.419936	-0.647506	12.6506	0.735326	-2.57141	13.4943	-4.17203	-5.18057	27.6773	-2.42995	-3.89499	26.5004	1.98269	-16.5433	60.1051	4.61252	-15.8688	59.2281	1.11865	8.50713	2.33199	-3.58179	9.22256	-0.820977	5.18516	14.6998	-41.9178	4.41293	13.0718	-47.5414
76	-0.0395381	-0.308883	12.5831	1.08864	-2.19726	13.3186	-3.83436	-4.48242	28.7177	-2.05489	-3.56958	27.6497	3.00677	-17.2377	58.8433	5.19819	-16.5672	58.4764	1.24277	7.84147	3.36294	-3.33354	8.6875	0.513397	4.86382	15.4331	-38.5498	4.02017	13.8955	-44.1688
77	0.362478	0.0277138	12.5775	1.44001	-1.84382	13.2076	-3.47801	-3.88084	29.7552	-1.66897	-3.22134	28.7892	3.9209	-17.9423	57.2419	5.77313	-17.3472	57.3166	1.47009	7.16519	4.21798	-2.98151	8.14947	1.69819	4.67331	16.1697	-35.0479	3.74418	14.7382	-40.5839
78	0.775634	0.353466	12.6322	1.79373	-1.52149	13.169	-3.11303	-3.34629	30.7768	-1.26383	-2.84651	29.9123	4.72977	-18.6879	55.314	6.32221	-18.224	55.7484	1.82849	6.5239	4.8988	-2.63278	7.6209	2.7262	4.63606	16.8851	-31.4213	3.49156	15.5914	-36.8498
79	1.17357	0.660031	12.739	2.1378	-1.23213	13.1935	-2.763	-2.844	31.7635	-0.850737	-2.45167	30.9917	5.43687	-19.4966	53.0751	6.82236	-19.1825	53.7734	2.26863	5.9643	5.40623	-2.41742	7.12314	3.5898	4.7051	17.5452	-27.7131	3.15123	16.4183	-33.0425
80	1.51949	0.943255	12.881	2.44769	-0.972195	13.266	-2.45705	-2.36507	32.6928	-0.455819	-2.03975	31.9938	6.02128	-20.355	50.5519	7.2544	-20.1718	51.3975	2.70158	5.51458	5.74001	-2.39572	6.67231	4.27692	4.80185	18.1134	-23.9891	2.68281	17.1596	-29.2167
81	1.78231	1.20488	13.038	2.69668	-0.738176	13.373	-2.21988	-1.90868	33.5409	-0.106512	-1.61176	32.894	6.46553	-21.2133	47.779	7.60243	-21.1125	48.6423	3.04604	5.17168	5.90263	-2.54398	6.27226	4.76425	4.86028	18.5555	-20.3159	2.13142	17.7485	-25.4072
82	1.94798	1.44337	13.1935	2.86681	-0.525281	13.5004	-2.05885	-1.47922	34.2929	0.177903	-1.19273	33.6772	6.7586	-22.0043	44.7999	7.83864	-21.9029	45.5497	3.2629	4.90998	5.90576	-2.78362	5.92033	5.02311	4.85121	18.852	-16.736	1.59336	18.1201	-21.6366
83	2.01927	1.65059	13.3341	2.95015	-0.329232	13.6363	-1.96127	-1.08785	34.9407	0.386738	-0.817601	34.3388	6.88894	-22.6781	41.6588	7.93582	-22.4498	42.1744	3.36767	4.7101	5.7701	-3.01284	5.61616	5.03569	4.78455	19.001	-13.2559	1.17361	18.2273	-17.9123
84	2.01577	1.82479	13.4476	2.94909	-0.145817	13.7715	-1.90262	-0.770399	35.4757	0.519275	-0.521892	34.8789	6.84037	-23.2119	38.3871	7.87561	-22.7118	38.573	3.37435	4.58182	5.51661	-3.12995	5.37673	4.80949	4.66067	19.0086	-9.86936	0.955724	18.0587	-14.2244
85	1.96714	1.97028	13.5267	2.87328	0.022923	13.8978	-1.85169	-0.573213	35.8894	0.590102	-0.329301	35.298	6.59723	-23.6129	35.0025	7.64707	-22.7143	34.7946	3.29937	4.5593	5.16007	-3.10504	5.25041	4.39418	4.47673	18.8865	-6.56804	0.930742	17.63	-10.5563
86	1.89855	2.08887	13.5688	2.73776	0.167526	14.0066	-1.77977	-0.526715	36.175	0.629674	-0.259837	35.5962	6.15175	-23.8993	31.5189	7.23714	-22.5132	30.8785	3.18495	4.6611	4.70221	-2.98776	5.30488	3.86727	4.25386	18.6646	-3.34837	1.00079	16.9665	-6.89486
87	1.82431	2.18582	13.5781	2.56203	0.282021	14.0968	-1.67277	-0.638869	36.3332	0.672479	-0.324898	35.7798	5.5197	-24.0689	27.9516	6.64112	-22.1674	26.856	3.06332	4.86596	4.14314	-2.83631	5.57427	3.28531	4.01385	18.3795	-0.215302	1.06759	16.118	-3.2427
88	1.75308	2.27279	13.5719	2.36801	0.369044	14.1775	-1.53374	-0.887469	36.3817	0.747682	-0.516596	35.8664	4.75615	-24.1131	24.3189	5.87495	-21.7166	22.757	2.93323	5.13229	3.48499	-2.68921	6.01554	2.66916	3.76682	18.0549	2.81073	1.07155	15.1655	0.375592
89	1.68894	2.36257	13.5721	2.17672	0.440419	14.2626	-1.37678	-1.22169	36.3473	0.871013	-0.808959	35.8808	3.94069	-24.0415	20.6503	4.9801	-21.1584	18.6256	2.79604	5.41416	2.7343	-2.58882	6.51353	2.03101	3.53931	17.7082	5.70276	0.967877	14.1957	3.9173
90	1.63159	2.467	13.5956	2.00366	0.513652	14.3631	-1.2173	-1.57675	36.2555	1.04081	-1.15999	35.8487	3.14772	-23.8945	16.9968	4.01586	-20.4862	14.5363	2.69171	5.67873	1.91006	-2.58153	6.9451	1.3919	3.39163	17.3569	8.44211	0.718565	13.2791	7.32313
91	1.57788	2.59611	13.653	1.86014	0.606643	14.4793	-1.07133	-1.88452	36.1285	1.24277	-1.51615	35.7884	2.42822	-23.7342	13.4361	3.04927	-19.7477	10.5916	2.66117	5.93165	1.04856	-2.69751	7.23754	0.769505	3.36905	16.9908	11.0076	0.314617	12.4732	10.5102
92	1.52453	2.75672	13.7468	1.75259	0.732164	14.6016	-0.953087	-2.09451	35.9891	1.45383	-1.82093	35.7076	1.79736	-23.6092	10.0811	2.14632	-19.0663	6.91283	2.72754	6.20856	0.202922	-2.9153	7.38567	0.168453	3.47562	16.5662	13.365	-0.187666	11.8367	13.3781
93	1.47449	2.95041	13.871	1.67805	0.893757	14.7144	-0.866548	-2.18958	35.8635	1.64443	-2.02187	35.6102	1.24796	-23.5159	7.074	1.36976	-18.6008	3.64351	2.8487	6.52462	-0.557394	-3.15818	7.42562	-0.395807	3.63799	16.0372	15.4539	-0.670554	11.428	15.8355
94	1.43223	3.17569	14.0129	1.62894	1.09149	14.8068	-0.814341	-2.17817	35.7814	1.78674	-2.0863	35.514	0.78411	-23.3971	4.56852	0.775772	-18.4688	0.957906	2.91989	6.83232	-1.15759	-3.37145	7.39345	-0.858539	3.73339	15.3918	17.1894	-1.04159	11.2811	17.8164
95	1.39825	3.42718	14.1598	1.59232	1.32032	14.8772	-0.795737	-2.07664	35.7758	1.86331	-2.00134	35.4564	0.428365	-23.2134	2.71719	0.395021	-18.6947	-0.957601	2.87159	7.05791	-1.53804	-3.56184	7.30678	-1.13221	3.69791	14.6739	18.4915	-1.28434	11.3777	19.2606
96	1.36966	3.69748	14.3001	1.55184	1.57048	14.9288	-0.806562	-1.90611	35.8659	1.87111	-1.79492	35.4783	0.20859	-22.9891	1.64151	0.22464	-19.1624	-1.95332	2.72265	7.16389	-1.6763	-3.76332	7.15835	-1.17604	3.57275	13.9624	19.3018	-1.43039	11.6331	20.0929
97	1.34061	3.97981	14.4231	1.49351	1.82984	14.9592	-0.840589	-1.69611	36.041	1.82115	-1.52459	35.5933	0.13705	-22.7464	1.38993	0.243443	-19.6549	-1.97443	2.55246	7.14191	-1.58114	-4.01091	6.93966	-1.00289	3.45403	13.3172	19.5987	-1.53221	11.9026	20.2606
98	1.30206	4.26746	14.5185	1.41355	2.09035	14.9554	-0.889887	-1.47569	36.253	1.73351	-1.2539	35.7647	0.201495	-22.4629	1.91124	0.42116	-19.9729	-1.10209	2.42284	7.0057	-1.26662	-4.31159	6.68474	-0.633788	3.40019	12.7358	19.4073	-1.63025	12.0242	19.8077
99	1.24709	4.55782	14.5745	1.32039	2.35424	14.8979	-0.940758	-1.27258	36.4206	1.63164	-1.04332	35.9028	0.361231	-22.0968	3.04854	0.712957	-20.0148	0.432902	2.35763	6.79807	-0.784768	-4.63062	6.4744	-0.116222	3.42806	12.1628	18.7735	-1.71937	11.875	18.8665
100	1.18142	4.85439	14.5844	1.2299	2.6333	14.7751	-0.971868	-1.1198	36.4505	1.53972	-0.923632	35.889	0.55511	-21.6422	4.53076	1.04129	-19.816	2.2514	2.33515	6.58498	-0.335495	-4.95548	6.39122	0.354742	3.54608	11.5461	17.6832	-1.78055	11.4209	17.5273
