Time	Fx1	Fy1	Fz1	COPx1	COPy1	COPz1	Ty1	Fx2	Fy2	Fz2	COPx2	COPy2	COPz2	Ty2	Fx3	Fy3	Fz3	COPx3	COPy3	COPz3	Ty3	Fx4	Fy4	Fz4	COPx4	COPy4	COPz4	Ty4	Fx5	Fy5	Fz5	COPx5	COPy5	COPz5	Ty5
1	0	0	0	1506	0	-203	0	0	0	0	2109	0	-203	0	0	0	0	903	0	-403	0	0	0	0	300	0	-203	0	0	0	0	300	0	200	0
2	-0	-0	-0	1506	0	-203	-0	-0	-0	-0	2109	0	-203	-0	-0	-0	-0	903	0	-403	-0	-0	-0	-0	300	0	-203	-0	-0	-0	-0	300	0	200	-0
3	-0	-0	-0	1506	0	-203	-0	-0	-0	-0	2109	0	-203	-0	-0	-0	-0	903	0	-403	-0	-0	-0	-0	300	0	-203	-0	-0	-0	-0	300	0	200	-0
4	-0	-0	-0	1506	0	-203	-0	-0	-0	-0	2109	0	-203	-0	-0	-0	-0	903	0	-403	-0	-0	-0	-0	300	0	-203	-0	-0	-0	-0	300	0	200	-0
5	-0	-0	-0	1506	0	-203	-0	-0	-0	-0	2109	0	-203	-0	-0	-0	-0	903	0	-403	-0	-0	-0	-0	300	0	-203	-0	-0	-0	-0	300	0	200	-0
6	-0	-0	-0	1506	0	-203	-0	-0	-0	-0	2109	0	-203	-0	-0	-0	-0	903	0	-403	-0	-0	-0	-0	300	0	-203	-0	-0	-0	-0	300	0	200	-0
7	-0	-0	-0	1506	0	-203	-0	-0	-0	-0	2109	0	-203	-0	-0	-0	-0	903	0	-403	-0	-0	-0	-0	300	0	-203	-0	-0	-0	-0	300	0	200	-0
8	-0	-0	-0	1506	0	-203	-0	-0	-0	-0	2109	0	-203	-0	-0	-0	-0	903	0	-403	-0	-0	-0	-0	300	0	-203	-0	0	0	0	300	0	200	0
9	-0	-0	-0	1506	0	-203	-0	-0	-0	-0	2109	0	-203	-0	-0	-0	-0	903	0	-403	-0	-0	-0	-0	300	0	-203	-0	-0	-0	-0	300	0	200	-0
10	-0	-0	-0	1506	0	-203	-0	-0	-0	-0	2109	0	-203	-0	-0	-0	-0	903	0	-403	-0	-0	-0	-0	300	0	-203	-0	-0	-0	-0	300	0	200	-0
11	-0	-0	-0	1506	0	-203	-0	-0	-0	-0	2109	0	-203	-0	-0	-0	-0	903	0	-403	-0	0	0	0	300	0	-203	0	-0	-0	-0	300	0	200	-0
12	-0	-0	-0	1506	0	-203	-0	-0	-0	-0	2109	0	-203	-0	-0	-0	-0	903	0	-403	-0	-0	-0	-0	300	0	-203	-0	-0	-0	-0	300	0	200	-0
13	-0	-0	-0	1506	0	-203	-0	-0	-0	-0	2109	0	-203	-0	-0	-0	-0	903	0	-403	-0	-0	-0	-0	300	0	-203	-0	-0	-0	-0	300	0	200	-0
14	-0	-0	-0	1506	0	-203	-0	-0	-0	-0	2109	0	-203	-0	-0	-0	-0	903	0	-403	-0	-0	-0	-0	300	0	-203	-0	-0	-0	-0	300	0	200	-0
15	-0	-0	-0	1506	0	-203	-0	-0	-0	-0	2109	0	-203	-0	-0	-0	-0	903	0	-403	-0	-0	-0	-0	300	0	-203	-0	-0	-0	-0	300	0	200	-0
16	-0	-0	-0	1506	0	-203	-0	-0	-0	-0	2109	0	-203	-0	-0	-0	-0	903	0	-403	-0	-0	-0	-0	300	0	-203	-0	-0	-0	-0	300	0	200	-0
17	-0	-0	-0	1506	0	-203	-0	-0	-0	-0	2109	0	-203	-0	-0	-0	-0	903	0	-403	-0	-0	-0	-0	300	0	-203	-0	-0	-0	-0	300	0	200	-0
18	-0	-0	-0	1506	0	-203	-0	-0	-0	-0	2109	0	-203	-0	-0	-0	-0	903	0	-403	-0	-0	-0	-0	300	0	-203	-0	-0	-0	-0	300	0	200	-0
19	-0	-0	-0	1506	0	-203	-0	-0	-0	-0	2109	0	-203	-0	-0	-0	-0	903	0	-403	-0	-0	-0	-0	300	0	-203	-0	-0	-0	-0	300	0	200	-0
20	-0	-0	-0	1506	0	-203	-0	-0	-0	-0	2109	0	-203	-0	-0	-0	-0	903	0	-403	-0	-0	-0	-0	300	0	-203	-0	-0	-0	-0	300	0	200	-0
21	-0	-0	-0	1506	0	-203	-0	-0	-0	-0	2109	0	-203	-0	-0	-0	-0	903	0	-403	-0	-0	-0	-0	300	0	-203	-0	-0	-0	-0	300	0	200	-0
22	-0	-0	-0	1506	0	-203	-0	-0	-0	-0	2109	0	-203	-0	-0	-0	-0	903	0	-403	-0	-0	-0	-0	300	0	-203	-0	-0	-0	-0	300	0	200	-0
23	-0	-0	-0	1506	0	-203	-0	-0	-0	-0	2109	0	-203	-0	-0	-0	-0	903	0	-403	-0	-0	-0	-0	300	0	-203	-0	-0	-0	-0	300	0	200	-0
24	-0	-0	-0	1506	0	-203	-0	-0	-0	-0	2109	0	-203	-0	-0	-0	-0	903	0	-403	-0	-0	-0	-0	300	0	-203	-0	-0	-0	-0	300	0	200	-0
25	-0	-0	-0	1506	0	-203	-0	-0	-0	-0	2109	0	-203	-0	-0	-0	-0	903	0	-403	-0	-0	-0	-0	300	0	-203	-0	-0	-0	-0	300	0	200	-0
26	-0	-0	-0	1506	0	-203	-0	-0	-0	-0	2109	0	-203	-0	-0	-0	-0	903	0	-403	-0	-0	-0	-0	300	0	-203	-0	-0	-0	-0	300	0	200	-0
27	-0	-0	-0	1506	0	-203	-0	-0	-0	-0	2109	0	-203	-0	-0	-0	-0	903	0	-403	-0	-0	-0	-0	300	0	-203	-0	-0	-0	-0	300	0	200	-0
28	-0	-0	-0	1506	0	-203	-0	-0	-0	-0	2109	0	-203	-0	-0	-0	-0	903	0	-403	-0	-0	-0	-0	300	0	-203	-0	-0	-0	-0	300	0	200	-0
29	-0	-0	-0	1506	0	-203	-0	-0	-0	-0	2109	0	-203	-0	0	0	0	903	0	-403	0	-0	-0	-0	300	0	-203	-0	-0	-0	-0	300	0	200	-0
30	-0	-0	-0	1506	0	-203	-0	-0	-0	-0	2109	0	-203	-0	-0	-0	-0	903	0	-403	-0	-0	-0	-0	300	0	-203	-0	-0	-0	-0	300	0	200	-0
31	-0	-0	-0	1506	0	-203	-0	-0	-0	-0	2109	0	-203	-0	-0	-0	-0	903	0	-403	-0	-0	-0	-0	300	0	-203	-0	-0	-0	-0	300	0	200	-0
32	-0	-0	-0	1506	0	-203	-0	-0	-0	-0	2109	0	-203	-0	-0	-0	-0	903	0	-403	-0	-0	-0	-0	300	0	-203	-0	-0	-0	-0	300	0	200	-0
33	-0	-0	-0	1506	0	-203	-0	-0	-0	-0	2109	0	-203	-0	-0	-0	-0	903	0	-403	-0	-0	-0	-0	300	0	-203	-0	-0	-0	-0	300	0	200	-0
34	-0	-0	-0	1506	0	-203	-0	-0	-0	-0	2109	0	-203	-0	-0	-0	-0	903	0	-403	-0	-0	-0	-0	300	0	-203	-0	-0	-0	-0	300	0	200	-0
35	-0	-0	-0	1506	0	-203	-0	-0	-0	-0	2109	0	-203	-0	0	0	0	903	0	-403	0	-0	-0	-0	300	0	-203	-0	-0	-0	-0	300	0	200	-0
36	-0	-0	-0	1506	0	-203	-0	-0	-0	-0	2109	0	-203	-0	-0	-0	-0	903	0	-403	-0	-0	-0	-0	300	0	-203	-0	-0	-0	-0	300	0	200	-0
37	-0	-0	-0	1506	0	-203	-0	-0	-0	-0	2109	0	-203	-0	-0	-0	-0	903	0	-403	-0	0	0	0	300	0	-203	0	-0	-0	-0	300	0	200	-0
38	-0	-0	-0	1506	0	-203	-0	-0	-0	-0	2109	0	-203	-0	-0	-0	-0	903	0	-403	-0	-0	-0	-0	300	0	-203	-0	-0	-0	-0	300	0	200	-0
39	-0	-0	-0	1506	0	-203	-0	-0	-0	-0	2109	0	-203	-0	0	0	0	903	0	-403	0	-0	-0	-0	300	0	-203	-0	-0	-0	-0	300	0	200	-0
40	-0	-0	-0	1506	0	-203	-0	-0	-0	-0	2109	0	-203	-0	-0	-0	-0	903	0	-403	-0	-0	-0	-0	300	0	-203	-0	-0	-0	-0	300	0	200	-0
41	-0	-0	-0	1506	0	-203	-0	-0	-0	-0	2109	0	-203	-0	-0	-0	-0	903	0	-403	-0	-0	-0	-0	300	0	-203	-0	-0	-0	-0	300	0	200	-0
42	-0	-0	-0	1506	0	-203	-0	-0	-0	-0	2109	0	-203	-0	-0	-0	-0	903	0	-403	-0	-0	-0	-0	300	0	-203	-0	-0	-0	-0	300	0	200	-0
43	-0	-0	-0	1506	0	-203	-0	-0	-0	-0	2109	0	-203	-0	-0	-0	-0	903	0	-403	-0	-0	-0	-0	300	0	-203	-0	-0	-0	-0	300	0	200	-0
44	-0	-0	-0	1506	0	-203	-0	-0	-0	-0	2109	0	-203	-0	-0	-0	-0	903	0	-403	-0	-0	-0	-0	300	0	-203	-0	-0	-0	-0	300	0	200	-0
45	-0	-0	-0	1506	0	-203	-0	-0	-0	-0	2109	0	-203	-0	-0	-0	-0	903	0	-403	-0	-0	-0	-0	300	0	-203	-0	-0	-0	-0	300	0	200	-0
46	-0	-0	-0	1506	0	-203	-0	-0	-0	-0	2109	0	-203	-0	-0	-0	-0	903	0	-403	-0	-0	-0	-0	300	0	-203	-0	-0	-0	-0	300	0	200	-0
47	-0	-0	-0	1506	0	-203	-0	-0	-0	-0	2109	0	-203	-0	-0	-0	-0	903	0	-403	-0	-0	-0	-0	300	0	-203	-0	-0	-0	-0	300	0	200	-0
48	-0	-0	-0	1506	0	-203	-0	-0	-0	-0	2109	0	-203	-0	-0	-0	-0	903	0	-403	-0	-0	-0	-0	300	0	-203	-0	-0	-0	-0	300	0	200	-0
49	-0	-0	-0	1506	0	-203	-0	-0	-0	-0	2109	0	-203	-0	-0	-0	-0	903	0	-403	-0	-3.8	18.46	1.63	447.17	0	-273.97	-17.95	-0	-0	-0	300	0	200	-0
50	-0	-0	-0	1506	0	-203	-0	-0	-0	-0	2109	0	-203	-0	-0	-0	-0	903	0	-403	-0	-6.18	116.2	3.6	446.47	0	-270.42	46.7	-0	-0	-0	300	0	200	-0
51	-0	-0	-0	1506	0	-203	-0	-0	-0	-0	2109	0	-203	-0	0	0	0	903	0	-403	0	-14.66	382.54	0.07	443.78	0	-268.19	83.28	0	0	0	300	0	200	0
52	-0	-0	-0	1506	0	-203	-0	-0	-0	-0	2109	0	-203	-0	-0	-0	-0	903	0	-403	-0	-10.11	409.96	22.26	446.21	0	-269.88	275.46	-0	-0	-0	300	0	200	-0
53	-0	-0	-0	1506	0	-203	-0	-0	-0	-0	2109	0	-203	-0	-0	-0	-0	903	0	-403	-0	-24.64	324.17	32.92	450.02	0	-271.75	584.39	-0	-0	-0	300	0	200	-0
54	-0	-0	-0	1506	0	-203	-0	-0	-0	-0	2109	0	-203	-0	-0	-0	-0	903	0	-403	-0	-29.32	284.53	36.58	452.35	0	-273.09	1030.79	-0	-0	-0	300	0	200	-0
55	-0	-0	-0	1506	0	-203	-0	-0	-0	-0	2109	0	-203	-0	-0	-0	-0	903	0	-403	-0	-41.74	296.75	38.55	454.54	0	-273.46	1009.98	-0	-0	-0	300	0	200	-0
56	-0	-0	-0	1506	0	-203	-0	-0	-0	-0	2109	0	-203	-0	-0	-0	-0	903	0	-403	-0	-57.76	349.42	36.99	456.11	0	-272.9	1424.98	-0	-0	-0	300	0	200	-0
57	-0	-0	-0	1506	0	-203	-0	-0	-0	-0	2109	0	-203	-0	-0	-0	-0	903	0	-403	-0	-79.62	404.53	30.61	456.97	0	-272.07	1020.87	-0	-0	-0	300	0	200	-0
58	-0	-0	-0	1506	0	-203	-0	-0	-0	-0	2109	0	-203	-0	-0	-0	-0	903	0	-403	-0	-102.42	444.99	23.55	458.94	0	-272.15	1163.97	-0	-0	-0	300	0	200	-0
59	-0	-0	-0	1506	0	-203	-0	-0	-0	-0	2109	0	-203	-0	-0	-0	-0	903	0	-403	-0	-120.68	458.02	17.1	460.65	0	-272.08	1136.5	-0	-0	-0	300	0	200	-0
60	-0	-0	-0	1506	0	-203	-0	-0	-0	-0	2109	0	-203	-0	-0	-0	-0	903	0	-403	-0	-125.43	460.19	13.44	462.02	0	-271.99	941.73	0	0	0	300	0	200	0
61	-0	-0	-0	1506	0	-203	-0	-0	-0	-0	2109	0	-203	-0	-0	-0	-0	903	0	-403	-0	-119.12	464.26	9.84	463.12	0	-271.57	1178.49	-0	-0	-0	300	0	200	-0
62	-0	-0	-0	1506	0	-203	-0	-0	-0	-0	2109	0	-203	-0	-0	-0	-0	903	0	-403	-0	-104.53	473.22	5.97	463.5	0	-271.23	1166.46	-0	-0	-0	300	0	200	-0
63	-0	-0	-0	1506	0	-203	-0	-0	-0	-0	2109	0	-203	-0	-0	-0	-0	903	0	-403	-0	-91.29	487.34	5.97	466.1	0	-269.71	1015.61	-0	-0	-0	300	0	200	-0
64	-0	-0	-0	1506	0	-203	-0	-0	-0	-0	2109	0	-203	-0	-0	-0	-0	903	0	-403	-0	-89.59	501.19	2.85	467.67	0	-268.91	744.74	-0	-0	-0	300	0	200	-0
65	-0	-0	-0	1506	0	-203	-0	-0	-0	-0	2109	0	-203	-0	-0	-0	-0	903	0	-403	-0	-94.68	509.33	-3.05	469.16	0	-268.5	654.41	-0	-0	-0	300	0	200	-0
66	-0	-0	-0	1506	0	-203	-0	-0	-0	-0	2109	0	-203	-0	-0	-0	-0	903	0	-403	-0	-108.19	514.76	-7.26	469.92	0	-267.92	39.45	-0	-0	-0	300	0	200	-0
67	-0	-0	-0	1506	0	-203	-0	-0	-0	-0	2109	0	-203	-0	-0	-0	-0	903	0	-403	-0	-125.23	523.99	-8.48	473.01	0	-267.51	72.84	-0	-0	-0	300	0	200	-0
68	-0	-0	-0	1506	0	-203	-0	-0	-0	-0	2109	0	-203	-0	-2.04	18.73	3.6	628.38	0	-227.04	-160.68	-142.94	542.18	-8.42	474.18	0	-267.1	-292.44	-0	-0	-0	300	0	200	-0
69	-0	-0	-0	1506	0	-203	-0	-0	-0	-0	2109	0	-203	-0	-3.8	29.86	4.48	632.37	0	-227.05	-26.35	-151.63	555.76	-7.06	476.15	0	-266.98	-421.51	-0	-0	-0	300	0	200	-0
70	-0	-0	-0	1506	0	-203	-0	-0	-0	-0	2109	0	-203	-0	-4.41	40.45	4.28	623.77	0	-223.66	64.37	-157.13	572.05	-5.84	476.75	0	-266.92	-65.69	-0	-0	-0	300	0	200	-0
71	-0	-0	-0	1506	0	-203	-0	-0	-0	-0	2109	0	-203	-0	-5.5	46.15	3.26	605.67	0	-217.13	341.08	-158.96	589.97	-6.52	476.81	0	-266.82	127.33	-0	-0	-0	300	0	200	-0
72	-0	-0	-0	1506	0	-203	-0	-0	-0	-0	2109	0	-203	-0	-5.29	54.57	3.53	609.82	0	-215.97	117.45	-158.08	603.54	-8.76	477.38	0	-266.76	206.55	-0	-0	-0	300	0	200	-0
73	-0	-0	-0	1506	0	-203	-0	-0	-0	-0	2109	0	-203	-0	-5.97	65.43	2.99	620.12	0	-221.72	341.39	-158.62	617.39	-12.49	477.67	0	-266.76	380.23	-0	-0	-0	300	0	200	-0
74	-0	-0	-0	1506	0	-203	-0	-0	-0	-0	2109	0	-203	-0	-6.52	74.93	3.73	632.8	0	-232.19	-57.76	-158.76	628.52	-15	478.21	0	-266.92	206.5	-0	-0	-0	300	0	200	-0
75	-0	-0	-0	1506	0	-203	-0	-0	-0	-0	2109	0	-203	-0	-7.47	79.55	3.67	626.46	0	-225.98	68.46	-161.4	635.58	-16.36	478.09	0	-267.1	-214.55	-0	-0	-0	300	0	200	-0
76	-0	-0	-0	1506	0	-203	-0	-0	-0	-0	2109	0	-203	-0	-7.87	87.15	4.34	630.32	0	-229.23	-43.92	-160.66	641.82	-15.95	478.08	0	-267.21	-164.57	-0	-0	-0	300	0	200	-0
77	-0	-0	-0	1506	0	-203	-0	-0	-0	-0	2109	0	-203	-0	-8.35	88.24	5.16	621.64	0	-224.65	-174.46	-159.3	647.52	-15.48	477.73	0	-267.16	-344.17	-0	-0	-0	300	0	200	-0
78	-0	-0	-0	1506	0	-203	-0	-0	-0	-0	2109	0	-203	-0	-8.96	94.21	5.63	626.01	0	-228.2	-49.48	-155.64	650.78	-14.86	477.83	0	-267.43	-235.77	-0	-0	-0	300	0	200	-0
79	-0	-0	-0	1506	0	-203	-0	-0	-0	-0	2109	0	-203	-0	-8.62	97.74	5.5	626.14	0	-228.59	-115.22	-151.29	658.93	-15.14	477.37	0	-267.51	-156.26	-0	-0	-0	300	0	200	-0
80	-0	-0	-0	1506	0	-203	-0	-0	-0	-0	2109	0	-203	-0	-9.98	99.91	5.16	627.46	0	-228.65	195.84	-145.93	662.46	-16.09	478.2	0	-267.71	-183.05	-0	-0	-0	300	0	200	-0
81	-0	-0	-0	1506	0	-203	-0	-0	-0	-0	2109	0	-203	-0	-9.1	101.81	4.48	627.87	0	-229.47	307.87	-141.59	667.07	-16.83	477.83	0	-268.02	-58.28	-0	-0	-0	300	0	200	-0
82	-0	-0	-0	1506	0	-203	-0	-0	-0	-0	2109	0	-203	-0	-8.62	102.08	4.41	626.71	0	-228.58	288.02	-137.24	667.89	-17.99	477.43	0	-267.92	-142.78	-0	-0	-0	300	0	200	-0
83	-0	-0	-0	1506	0	-203	-0	-0	-0	-0	2109	0	-203	-0	-6.38	103.17	4.07	627.74	0	-229.61	31.83	-131	664.08	-18.73	477.2	0	-267.84	-176.72	-0	-0	-0	300	0	200	-0
84	-0	-0	-0	1506	0	-203	-0	-0	-0	-0	2109	0	-203	-0	-5.77	102.9	4.62	626.35	0	-229.42	-68.58	-127.81	660.83	-19.62	476.99	0	-267.74	-142.33	0	0	0	300	0	200	0
85	-0	-0	-0	1506	0	-203	-0	-0	-0	-0	2109	0	-203	-0	-4.89	102.9	4.89	627.15	0	-229.29	-207.79	-122.51	654.04	-20.57	477.18	0	-267.63	-196.33	-0	-0	-0	300	0	200	-0
86	-0	-0	-0	1506	0	-203	-0	-0	-0	-0	2109	0	-203	-0	-4.68	104.25	4.55	630.35	0	-232.08	-32.59	-117.49	647.79	-21.38	477.1	0	-267.58	-279.82	-0	-0	-0	300	0	200	-0
87	-0	-0	-0	1506	0	-203	-0	-0	-0	-0	2109	0	-203	-0	-4.34	102.63	4.07	624.67	0	-227.35	139.83	-111.72	641.82	-21.38	477.48	0	-267.7	106.48	-0	-0	-0	300	0	200	-0
88	-0	-0	-0	1506	0	-203	-0	-0	-0	-0	2109	0	-203	-0	-3.8	103.98	4.07	626.58	0	-230.04	109.24	-106.7	636.39	-21.79	477	0	-267.56	112.35	-0	-0	-0	300	0	200	-0
89	-0	-0	-0	1506	0	-203	-0	-0	-0	-0	2109	0	-203	-0	-3.12	105.88	3.73	633.11	0	-231.84	211.26	-100.59	628.25	-22.06	477.49	0	-267.61	129.32	-0	-0	-0	300	0	200	-0
90	-0	-0	-0	1506	0	-203	-0	-0	-0	-0	2109	0	-203	-0	-2.44	105.61	3.94	630.72	0	-231.92	175.33	-97.13	622	-22.4	477.66	0	-267.48	211.81	-0	-0	-0	300	0	200	-0
91	-0	-0	-0	1506	0	-203	-0	-0	-0	-0	2109	0	-203	-0	-2.1	105.61	3.87	628.89	0	-231.01	199.56	-92.92	614.4	-22.6	477.05	0	-267.29	24.97	-0	-0	-0	300	0	200	-0
92	-0	-0	-0	1506	0	-203	-0	-0	-0	-0	2109	0	-203	-0	-0.48	105.61	3.87	628.5	0	-231.27	28.08	-88.03	601.91	-22.19	477.67	0	-267.34	103.28	-0	-0	-0	300	0	200	-0
93	-0	-0	-0	1506	0	-203	-0	-0	-0	-0	2109	0	-203	-0	0.41	105.07	4.28	626.42	0	-230.12	-180.79	-84.91	593.22	-22.47	477.58	0	-267.24	6.57	-0	-0	-0	300	0	200	-0
94	-0	-0	-0	1506	0	-203	-0	-0	-0	-0	2109	0	-203	-0	1.36	106.16	3.87	628.73	0	-231.63	-168	-80.02	580.73	-22.13	477.43	0	-266.91	70.69	-0	-0	-0	300	0	200	-0
95	-0	-0	-0	1506	0	-203	-0	-0	-0	-0	2109	0	-203	-0	0.81	106.43	4.07	631.5	0	-230.64	-20.32	-76.15	564.99	-21.45	478.52	0	-267.15	143.09	0	0	0	300	0	200	0
96	-0	-0	-0	1506	0	-203	-0	-0	-0	-0	2109	0	-203	-0	1.22	107.24	3.33	631.38	0	-231.44	104.13	-71.61	552.5	-21.18	478.24	0	-266.98	301.67	-0	-0	-0	300	0	200	-0
97	-0	-0	-0	1506	0	-203	-0	-0	-0	-0	2109	0	-203	-0	0.81	106.7	3.19	627.67	0	-229.92	197.8	-68.49	537.84	-20.57	478.76	0	-266.65	270.64	-0	-0	-0	300	0	200	-0
98	-0	-0	-0	1506	0	-203	-0	-0	-0	-0	2109	0	-203	-0	1.56	106.43	2.24	625.8	0	-229.22	361.13	-64.01	523.18	-19.95	478.76	0	-266.3	447.84	-0	-0	-0	300	0	200	-0
99	-0	-0	-0	1506	0	-203	-0	-0	-0	-0	2109	0	-203	-0	2.38	107.51	2.71	626.68	0	-228.02	113.28	-62.24	509.6	-19.82	479.44	0	-266.3	388.91	-0	-0	-0	300	0	200	-0
100	-0	-0	-0	1506	0	-203	-0	-0	-0	-0	2109	0	-203	-0	2.92	109.41	2.65	628.07	0	-230.3	11.17	-59.73	493.58	-19.82	480.37	0	-266.07	226.33	-0	-0	-0	300	0	200	-0
101	-0	-0	-0	1506	0	-203	-0	-0	-0	-0	2109	0	-203	-0	3.46	110.5	2.71	628.28	0	-231.25	-119.83	-56.74	477.84	-20.09	480.54	0	-265.35	335.97	-0	-0	-0	300	0	200	-0
102	-0	-0	-0	1506	0	-203	-0	-0	-0	-0	2109	0	-203	-0	3.39	112.4	1.83	630.22	0	-231.58	61.33	-54.5	463.99	-20.02	481.86	0	-265.33	263.94	-0	-0	-0	300	0	200	-0
103	-0	-0	-0	1506	0	-203	-0	-0	-0	-0	2109	0	-203	-0	3.6	111.31	1.43	624.84	0	-228.67	79.71	-51.52	449.6	-20.09	481.57	0	-264.78	320.15	-0	-0	-0	300	0	200	-0
104	-0	-0	-0	1506	0	-203	-0	-0	-0	-0	2109	0	-203	-0	3.67	111.04	0.75	621.55	0	-226.88	158.01	-48.8	433.31	-20.02	482.51	0	-264.72	498.38	-0	-0	-0	300	0	200	-0
105	-0	-0	-0	1506	0	-203	-0	-0	-0	-0	2109	0	-203	-0	3.73	113.49	0.68	626.52	0	-228.6	71.54	-46.29	420.82	-19.55	482.85	0	-263.7	647.97	-0	-0	-0	300	0	200	-0
106	-0	-0	-0	1506	0	-203	-0	-0	-0	-0	2109	0	-203	-0	3.6	115.66	0.2	629.08	0	-230.57	175.54	-44.32	405.89	-19.75	483.97	0	-263.28	559.37	-0	-0	-0	300	0	200	-0
107	-0	-0	-0	1506	0	-203	-0	-0	-0	-0	2109	0	-203	-0	4.14	116.47	-0.48	629.22	0	-230.71	178.7	-42.42	390.69	-19.55	484.63	0	-263.05	601.34	-0	-0	-0	300	0	200	-0
108	-0	-0	-0	1506	0	-203	-0	-0	-0	-0	2109	0	-203	-0	4.48	117.29	-1.02	629.13	0	-231.43	249.83	-41.06	378.74	-19.14	485.57	0	-262.87	576.78	-0	-0	-0	300	0	200	-0
109	-0	-0	-0	1506	0	-203	-0	-0	-0	-0	2109	0	-203	-0	5.16	115.39	-1.29	622.94	0	-228.01	72.2	-39.23	364.62	-18.8	486.71	0	-262.08	562.38	-0	-0	-0	300	0	200	-0
110	-0	-0	-0	1506	0	-203	-0	-0	-0	-0	2109	0	-203	-0	5.77	115.93	-1.29	624.13	0	-227.52	-75.26	-37.67	349.42	-18.12	488.28	0	-261.89	549.78	-0	-0	-0	300	0	200	-0
111	-0	-0	-0	1506	0	-203	-0	-0	-0	-0	2109	0	-203	-0	5.91	117.56	-1.56	627.53	0	-229.25	-59.84	-35.7	340.19	-17.24	488.85	0	-261.38	657.51	-0	-0	-0	300	0	200	-0
112	-0	-0	-0	1506	0	-203	-0	-0	-0	-0	2109	0	-203	-0	5.84	117.83	-2.17	626.64	0	-229.41	85.2	-33.53	327.97	-16.49	489.11	0	-260.7	693.94	-0	-0	-0	300	0	200	-0
113	-0	-0	-0	1506	0	-203	-0	-0	-0	-0	2109	0	-203	-0	6.18	118.92	-2.51	627.43	0	-230.19	84.96	-31.22	316.57	-15.27	489.82	0	-259.94	851.84	-0	-0	-0	300	0	200	-0
114	-0	-0	-0	1506	0	-203	-0	-0	-0	-0	2109	0	-203	-0	6.58	118.92	-3.33	626.15	0	-229.49	212.84	-29.59	305.98	-13.91	491.98	0	-260.25	884.11	-0	-0	-0	300	0	200	-0
115	-0	-0	-0	1506	0	-203	-0	-0	-0	-0	2109	0	-203	-0	6.86	119.19	-3.26	624.93	0	-228.15	71.05	-28.51	295.66	-13.37	492.1	0	-259.54	769.12	-0	-0	-0	300	0	200	-0
116	-0	-0	-0	1506	0	-203	-0	-0	-0	-0	2109	0	-203	-0	7.4	122.17	-3.53	629.36	0	-230.96	96.39	-27.15	285.34	-12.01	493.19	0	-259.17	789.81	-0	-0	-0	300	0	200	-0
117	-0	-0	-0	1506	0	-203	-0	-0	-0	-0	2109	0	-203	-0	7.33	122.17	-3.6	627.55	0	-229.49	75.83	-26.4	276.66	-11.06	494.48	0	-258.79	771.56	-0	-0	-0	300	0	200	-0
118	-0	-0	-0	1506	0	-203	-0	-0	-0	-0	2109	0	-203	-0	7.6	123.53	-4	628.45	0	-230.5	134.64	-25.18	267.43	-9.64	495.31	0	-258.8	768.82	-0	-0	-0	300	0	200	-0
119	-0	-0	-0	1506	0	-203	-0	-0	-0	-0	2109	0	-203	-0	8.01	122.99	-4.28	623.43	0	-228.62	148.78	-23.96	256.84	-8.42	497.19	0	-258.79	765.24	-0	-0	-0	300	0	200	-0
120	-0	-0	-0	1506	0	-203	-0	-0	-0	-0	2109	0	-203	-0	8.42	122.99	-4.07	622.65	0	-227.61	-44.8	-22.4	249.24	-6.52	499.11	0	-258.39	933.94	-0	-0	-0	300	0	200	-0
121	-0	-0	-0	1506	0	-203	-0	-0	-0	-0	2109	0	-203	-0	8.35	125.7	-4.28	625.19	0	-228.44	-17.72	-21.11	242.99	-5.43	498.6	0	-257.49	953.78	-0	-0	-0	300	0	200	-0
122	-0	-0	-0	1506	0	-203	-0	-0	-0	-0	2109	0	-203	-0	8.35	128.96	-4.95	630.28	0	-231.78	82.12	-19.95	233.76	-4.28	500.66	0	-256.81	976.47	-0	-0	-0	300	0	200	-0
123	-0	-0	-0	1506	0	-203	-0	-0	-0	-0	2109	0	-203	-0	8.42	130.32	-5.43	627.51	0	-230.28	197.34	-19.21	228.06	-3.26	501.14	0	-256.34	1090.47	-0	-0	-0	300	0	200	-0
124	-0	-0	-0	1506	0	-203	-0	-0	-0	-0	2109	0	-203	-0	8.48	131.13	-6.45	626.39	0	-229.46	349.18	-18.19	221.54	-2.71	502.2	0	-255.73	1041.56	-0	-0	-0	300	0	200	-0
125	-0	-0	-0	1506	0	-203	-0	-0	-0	-0	2109	0	-203	-0	8.69	133.58	-5.97	626.49	0	-229.74	61.86	-17.24	213.94	-1.9	504.68	0	-255.28	1124.89	-0	-0	-0	300	0	200	-0
126	-0	-0	-0	1506	0	-203	-0	-0	-0	-0	2109	0	-203	-0	8.62	135.75	-6.18	626.44	0	-229.77	30.47	-17.1	208.24	-1.29	506.05	0	-254.26	1143.39	-0	-0	-0	300	0	200	-0
127	-0	-0	-0	1506	0	-203	-0	-0	-0	-0	2109	0	-203	-0	8.48	139.55	-6.72	629.13	0	-231.33	102.74	-16.36	201.72	-0.88	507.78	0	-253.8	1116.48	-0	-0	-0	300	0	200	-0
128	-0	-0	-0	1506	0	-203	-0	-0	-0	-0	2109	0	-203	-0	8.14	140.91	-7.26	625.7	0	-228.77	141.41	-15.34	195.75	-0.61	508.2	0	-252.88	1129.8	-0	-0	-0	300	0	200	-0
129	-0	-0	-0	1506	0	-203	-0	-0	-0	-0	2109	0	-203	-0	8.08	143.35	-8.01	624.08	0	-228.18	225.42	-14.05	190.32	-0.41	511.1	0	-252.21	1225.91	-0	-0	-0	300	0	200	-0
130	-0	-0	-0	1506	0	-203	-0	-0	-0	-0	2109	0	-203	-0	7.94	147.97	-8.14	625.14	0	-228.69	61.82	-13.64	184.62	-0.14	513.29	0	-251.19	1234.14	-0	-0	-0	300	0	200	-0
131	-0	-0	-0	1506	0	-203	-0	-0	-0	-0	2109	0	-203	-0	7.47	152.31	-8.21	627.08	0	-230.5	81.64	-12.49	180	-0.27	514	0	-249.97	1243.02	0	0	0	300	0	200	0
132	-0	-0	-0	1506	0	-203	-0	-0	-0	-0	2109	0	-203	-0	7.4	157.2	-9.3	627.15	0	-229.98	171.34	-11.95	175.66	-0.41	516.47	0	-248.46	1272	0	0	0	300	0	200	0
133	-0	-0	-0	1506	0	-203	-0	-0	-0	-0	2109	0	-203	-0	7.26	162.35	-10.05	627.76	0	-231.15	229	-11.4	169.96	-0.75	519.27	0	-247.39	1173.02	-0	-0	-0	300	0	200	-0
134	-0	-0	-0	1506	0	-203	-0	-0	-0	-0	2109	0	-203	-0	7.6	165.34	-10.52	626.06	0	-229.83	157.63	-10.72	164.26	-0.61	523.02	0	-246.49	1159.19	-0	-0	-0	300	0	200	-0
135	-0	-0	-0	1506	0	-203	-0	-0	-0	-0	2109	0	-203	-0	7.33	170.5	-10.66	624.89	0	-228.6	7.74	-10.05	160.46	-0.61	524.35	0	-245.03	1266.37	-0	-0	-0	300	0	200	-0
136	-0	-0	-0	1506	0	-203	-0	-0	-0	-0	2109	0	-203	-0	7.19	177.83	-11.54	628.37	0	-230.51	59.13	-9.3	156.65	-0.54	525.83	0	-243.94	1246.49	-0	-0	-0	300	0	200	-0
137	-0	-0	-0	1506	0	-203	-0	-0	-0	-0	2109	0	-203	-0	6.72	182.99	-12.56	628.95	0	-230.4	224.72	-8.35	152.31	-0.34	528.28	0	-243.11	1266.74	0	0	0	300	0	200	0
138	-0	-0	-0	1506	0	-203	-0	-0	-0	-0	2109	0	-203	-0	6.79	187.88	-13.57	626.31	0	-229.09	296.51	-7.26	148.51	-0	532.55	0	-242.01	1249.3	-0	-0	-0	300	0	200	-0
139	-0	-0	-0	1506	0	-203	-0	-0	-0	-0	2109	0	-203	-0	6.92	196.29	-14.46	629.4	0	-230.78	280.82	-6.24	146.61	0.75	532.93	0	-240.63	1356.01	-0	-0	-0	300	0	200	-0
140	-0	-0	-0	1506	0	-203	-0	-0	-0	-0	2109	0	-203	-0	7.06	200.64	-15.14	627.21	0	-228.95	304.67	-5.09	143.35	1.63	536.78	0	-239.56	1473.58	-0	-0	-0	300	0	200	-0
141	-0	-0	-0	1506	0	-203	-0	-0	-0	-0	2109	0	-203	-0	6.99	209.32	-15.2	628.38	0	-229.38	189.49	-4.55	140.09	2.1	540.91	0	-238.74	1433.9	-0	-0	-0	300	0	200	-0
142	-0	-0	-0	1506	0	-203	-0	-0	-0	-0	2109	0	-203	-0	6.92	217.47	-16.76	628.45	0	-229.48	393.23	-3.67	139.55	2.71	541.05	0	-237	1372.85	-0	-0	-0	300	0	200	-0
143	-0	-0	-0	1506	0	-203	-0	-0	-0	-0	2109	0	-203	-0	7.33	223.71	-17.58	627.24	0	-229.14	444.39	-2.51	137.92	3.12	544.7	0	-236.5	1347.04	-0	-0	-0	300	0	200	-0
144	-0	-0	-0	1506	0	-203	-0	-0	-0	-0	2109	0	-203	-0	7.87	232.67	-18.26	627.42	0	-228.79	358.55	-1.83	137.11	3.6	546.46	0	-235.39	1373.71	-0	-0	-0	300	0	200	-0
145	-0	-0	-0	1506	0	-203	-0	-0	-0	-0	2109	0	-203	-0	7.74	244.62	-19	630.96	0	-230.7	332.14	-0.2	135.48	4.28	550.34	0	-233.64	1446.93	0	0	0	300	0	200	0
146	-0	-0	-0	1506	0	-203	-0	-0	-0	-0	2109	0	-203	-0	8.01	250.86	-20.16	627.17	0	-228.99	496.4	0.81	134.12	4.62	553.69	0	-232.2	1455	-0	-0	-0	300	0	200	-0
147	-0	-0	-0	1506	0	-203	-0	-0	-0	-0	2109	0	-203	-0	8.21	263.62	-21.38	628.86	0	-229.93	538.67	1.97	133.31	4.82	555.76	0	-230.52	1441.84	-0	-0	-0	300	0	200	-0
148	-0	-0	-0	1506	0	-203	-0	-0	-0	-0	2109	0	-203	-0	7.74	275.57	-23.08	628.23	0	-229.08	797.44	2.44	132.22	4.82	557.76	0	-229.6	1348.51	-0	-0	-0	300	0	200	-0
149	-0	-0	-0	1506	0	-203	-0	-0	-0	-0	2109	0	-203	-0	8.01	287.24	-23.28	629.26	0	-230.19	599.61	3.46	131.95	5.09	559.23	0	-228.19	1355.09	-0	-0	-0	300	0	200	-0
150	-0	-0	-0	1506	0	-203	-0	-0	-0	-0	2109	0	-203	-0	7.53	302.18	-24.64	630.1	0	-230.29	633.42	3.46	130.32	5.16	562.57	0	-227.45	1268.42	-0	-0	-0	300	0	200	-0
151	-0	-0	-0	1506	0	-203	-0	-0	-0	-0	2109	0	-203	-0	6.92	317.38	-25.38	630.14	0	-230.7	639.45	4.21	128.69	5.02	566.33	0	-225.51	1147.93	-0	-0	-0	300	0	200	-0
152	-0	-0	-0	1506	0	-203	-0	-0	-0	-0	2109	0	-203	-0	6.45	329.33	-26.61	629.4	0	-230.45	781.46	5.09	127.33	5.23	568.84	0	-224.12	1193.63	-0	-0	-0	300	0	200	-0
153	-0	-0	-0	1506	0	-203	-0	-0	-0	-0	2109	0	-203	-0	5.77	345.89	-28.03	629.86	0	-230.54	912.41	5.84	125.98	5.29	571.08	0	-222.82	1059.49	0	0	0	300	0	200	0
154	-0	-0	-0	1506	0	-203	-0	-0	-0	-0	2109	0	-203	-0	5.5	362.45	-29.19	630.05	0	-230.96	879.85	6.45	124.07	5.63	574.12	0	-220.9	1063.19	-0	-0	-0	300	0	200	-0
155	-0	-0	-0	1506	0	-203	-0	-0	-0	-0	2109	0	-203	-0	4.62	377.11	-29.46	630.71	0	-231.11	835.17	6.99	122.99	6.38	575.31	0	-218.36	1158.82	-0	-0	-0	300	0	200	-0
156	-0	-0	-0	1506	0	-203	-0	-0	-0	-0	2109	0	-203	-0	4.55	395.03	-31.22	631.82	0	-231.47	1013.37	7.81	121.09	6.79	580.88	0	-218.49	1137.82	-0	-0	-0	300	0	200	-0
157	-0	-0	-0	1506	0	-203	-0	-0	-0	-0	2109	0	-203	-0	4.89	412.95	-32.92	632.8	0	-232.36	1197.82	9.5	118.64	5.57	584.57	0	-216.6	833.88	-0	-0	-0	300	0	200	-0
158	-0	-0	-0	1506	0	-203	-0	-0	-0	-0	2109	0	-203	-0	4.95	424.89	-33.53	631.92	0	-231.42	1217.35	11.4	117.02	4.14	588.42	0	-215.02	465.81	-0	-0	-0	300	0	200	-0
159	-0	-0	-0	1506	0	-203	-0	-0	-0	-0	2109	0	-203	-0	5.5	439.28	-34.41	631.26	0	-231.07	1270.58	12.42	117.29	4.48	589.16	0	-214.99	373.77	0	0	0	300	0	200	0
160	-0	-0	-0	1506	0	-203	-0	-0	-0	-0	2109	0	-203	-0	5.91	455.84	-35.02	631.69	0	-231.08	1322.18	13.44	116.47	4.75	592.49	0	-214.25	220.3	-0	-0	-0	300	0	200	-0
161	-0	-0	-0	1506	0	-203	-0	-0	-0	-0	2109	0	-203	-0	5.97	470.5	-35.97	632.76	0	-232.04	1489.13	14.66	116.74	5.63	592.63	0	-214.22	159.84	-0	-0	-0	300	0	200	-0
162	-0	-0	-0	1506	0	-203	-0	-0	-0	-0	2109	0	-203	-0	7.13	484.35	-37.2	632.17	0	-231.49	1719.32	15.95	116.2	6.31	594	0	-214.87	122.94	0	0	0	300	0	200	0
163	-0	-0	-0	1506	0	-203	-0	-0	-0	-0	2109	0	-203	-0	8.82	500.64	-37.6	632.85	0	-232.31	1776.88	17.31	116.47	7.81	594.14	0	-214.84	158.06	-0	-0	-0	300	0	200	-0
164	-0	-0	-0	1506	0	-203	-0	-0	-0	-0	2109	0	-203	-0	11.2	513.13	-38.62	633.49	0	-232.67	1884.57	19.07	117.29	8.82	592.34	0	-215.23	66.48	-0	-0	-0	300	0	200	-0
165	-0	-0	-0	1506	0	-203	-0	-0	-0	-0	2109	0	-203	-0	13.78	526.43	-39.57	632.94	0	-232.13	2153.57	19.95	116.74	10.45	594.52	0	-214.93	256.64	-0	-0	-0	300	0	200	-0
166	-0	-0	-0	1506	0	-203	-0	-0	-0	-0	2109	0	-203	-0	17.17	541.64	-40.11	633.64	0	-232.75	2150.91	21.31	117.02	11.74	593.13	0	-214.79	350.5	-0	-0	-0	300	0	200	-0
167	-0	-0	-0	1506	0	-203	-0	-0	-0	-0	2109	0	-203	-0	20.02	554.12	-41.06	634.14	0	-232.98	2267.77	22.94	115.66	12.49	595.5	0	-215.16	325.08	-0	-0	-0	300	0	200	-0
168	-0	-0	-0	1506	0	-203	-0	-0	-0	-0	2109	0	-203	-0	23.62	567.16	-42.42	633.53	0	-232.77	2498.91	24.23	116.2	12.83	591.63	0	-214.99	168.17	-0	-0	-0	300	0	200	-0
169	-0	-0	-0	1506	0	-203	-0	-0	-0	-0	2109	0	-203	-0	26.95	580.46	-43.71	633.06	0	-232.42	2657.13	25.38	114.57	13.24	594.33	0	-214.68	197.61	-0	-0	-0	300	0	200	-0
170	-0	-0	-0	1506	0	-203	-0	-0	-0	-0	2109	0	-203	-0	30.14	592.68	-44.05	633.78	0	-232.66	2496.97	26.54	112.94	13.98	595.89	0	-214.48	228.43	-0	-0	-0	300	0	200	-0
171	-0	-0	-0	1506	0	-203	-0	-0	-0	-0	2109	0	-203	-0	33.8	607.88	-45.14	634.25	0	-232.83	2632.39	27.56	112.4	14.46	593.51	0	-213.92	362.02	-0	-0	-0	300	0	200	-0
172	-0	-0	-0	1506	0	-203	-0	-0	-0	-0	2109	0	-203	-0	38.15	623.08	-46.43	634.99	0	-233.33	2712.54	28.24	110.77	14.25	590.23	0	-214.83	192.02	-0	-0	-0	300	0	200	-0
173	-0	-0	-0	1506	0	-203	-0	-0	-0	-0	2109	0	-203	-0	41.54	634.22	-47.58	634.84	0	-233.25	2868.16	29.19	107.78	14.39	591.62	0	-214.26	218.47	-0	-0	-0	300	0	200	-0
174	-0	-0	-0	1506	0	-203	-0	-0	-0	-0	2109	0	-203	-0	46.63	646.16	-48.87	634.19	0	-232.78	2975.48	29.39	105.34	14.39	592.49	0	-214.13	313.92	-0	-0	-0	300	0	200	-0
175	-0	-0	-0	1506	0	-203	-0	-0	-0	-0	2109	0	-203	-0	52.67	660.01	-49.96	634.7	0	-232.77	2912.96	29.93	102.08	14.19	594.4	0	-213.54	299.05	-0	-0	-0	300	0	200	-0
176	-0	-0	-0	1506	0	-203	-0	-0	-0	-0	2109	0	-203	-0	56.81	671.95	-50.29	635.57	0	-233.15	2847.59	30.14	97.74	13.85	596.05	0	-214.01	322.78	-0	-0	-0	300	0	200	-0
177	-0	-0	-0	1506	0	-203	-0	-0	-0	-0	2109	0	-203	-0	61.7	684.17	-51.24	635.67	0	-233.08	3096.6	30.54	95.02	13.17	594.5	0	-213.45	287.08	-0	-0	-0	300	0	200	-0
178	-0	-0	-0	1506	0	-203	-0	-0	-0	-0	2109	0	-203	-0	66.99	695.57	-52.06	636.15	0	-233.19	3164.4	30.68	90.68	12.62	593.39	0	-213.04	219.27	-0	-0	-0	300	0	200	-0
179	-0	-0	-0	1506	0	-203	-0	-0	-0	-0	2109	0	-203	-0	72.56	702.9	-52.74	636.05	0	-232.9	3050.2	30.54	85.52	12.15	592.54	0	-213.48	198.99	-0	-0	-0	300	0	200	-0
180	-0	-0	-0	1506	0	-203	-0	-0	-0	-0	2109	0	-203	-0	79.41	710.51	-53.48	635.82	0	-232.59	3043.01	29.73	80.36	11.54	596.56	0	-212.95	245.83	-0	-0	-0	300	0	200	-0
181	-0	-0	-0	1506	0	-203	-0	-0	-0	-0	2109	0	-203	-0	85.66	720.01	-54.3	636.82	0	-233.03	2832.37	29.05	76.56	11.47	592.01	0	-212.55	298	-0	-0	-0	300	0	200	-0
182	-0	-0	-0	1506	0	-203	-0	-0	-0	-0	2109	0	-203	-0	91.22	724.35	-55.05	636.83	0	-232.82	2891.83	28.17	69.78	10.72	594.32	0	-212.88	252.36	-0	-0	-0	300	0	200	-0
183	-0	-0	-0	1506	0	-203	-0	-0	-0	-0	2109	0	-203	-0	96.25	731.68	-55.93	637.91	0	-233.07	3002.87	27.56	65.16	10.79	595.28	0	-210.83	407.94	-0	-0	-0	300	0	200	-0
184	-0	-0	-0	1506	0	-203	-0	-0	-0	-0	2109	0	-203	-0	102.35	732.23	-56.81	637.36	0	-232.42	2986.52	27.15	59.46	9.98	596.68	0	-212.05	307.81	-0	-0	-0	300	0	200	-0
185	-0	-0	-0	1506	0	-203	-0	-0	-0	-0	2109	0	-203	-0	106.09	735.76	-57.35	638.22	0	-232.68	2900.96	26.67	54.03	9.84	596.63	0	-210.66	363.63	-0	-0	-0	300	0	200	-0
186	-0	-0	-0	1506	0	-203	-0	-0	-0	-0	2109	0	-203	-0	111.79	736.57	-56.95	638.79	0	-232.81	2798.87	26.06	49.96	9.3	595.14	0	-211.28	308.87	-0	-0	-0	300	0	200	-0
187	-0	-0	-0	1506	0	-203	-0	-0	-0	-0	2109	0	-203	-0	117.49	736.03	-57.22	639.61	0	-232.98	2734.25	24.98	45.07	9.1	594.09	0	-209.12	181.41	-0	-0	-0	300	0	200	-0
188	-0	-0	-0	1506	0	-203	-0	-0	-0	-0	2109	0	-203	-0	121.49	733.31	-57.9	639.67	0	-232.94	2602.39	24.43	39.37	8.48	596.74	0	-210.36	183.91	-0	-0	-0	300	0	200	-0
189	-0	-0	-0	1506	0	-203	-0	-0	-0	-0	2109	0	-203	-0	126.99	729.24	-58.17	639.98	0	-232.86	2693.56	23.48	35.57	8.48	587.35	0	-209.2	97.75	-0	-0	-0	300	0	200	-0
190	-0	-0	-0	1506	0	-203	-0	-0	-0	-0	2109	0	-203	-0	132.29	721.64	-57.35	639.94	0	-232.5	2236.63	22.13	30.14	8.48	598.39	0	-211.7	295.02	-0	-0	-0	300	0	200	-0
191	-0	-0	-0	1506	0	-203	-0	-0	-0	-0	2109	0	-203	-0	137.65	717.02	-57.08	640.9	0	-232.92	2445.45	-0	-0	-0	300	0	-203	-0	-0	-0	-0	300	0	200	-0
192	-0	-0	-0	1506	0	-203	-0	-0	-0	-0	2109	0	-203	-0	140.84	709.96	-56.13	641.85	0	-233.5	2473.79	-0	-0	-0	300	0	-203	-0	-0	-0	-0	300	0	200	-0
193	-0	-0	-0	1506	0	-203	-0	-0	-0	-0	2109	0	-203	-0	144.98	701	-54.98	642.86	0	-233.95	2288.98	20.02	18.73	8.08	592.28	0	-214.78	314.16	-0	-0	-0	300	0	200	-0
194	-0	-0	-0	1506	0	-203	-0	-0	-0	-0	2109	0	-203	-0	146.47	689.87	-53.89	642.58	0	-233.67	3016.31	-0	-0	-0	300	0	-203	-0	-0	-0	-0	300	0	200	-0
195	-0.64	16.92	-0.98	1267.23	0	-379.23	-101.13	-0	-0	-0	2109	0	-203	-0	148.31	675.76	-51.92	642.79	0	-233.82	2862.37	-0	-0	-0	300	0	-203	-0	-0	-0	-0	300	0	200	-0
196	-2.25	129.04	-1.46	1302.23	0	-363.83	-163.85	-0	-0	-0	2109	0	-203	-0	151.56	660.01	-49.55	643.63	0	-233.78	2743.05	-0	-0	-0	300	0	-203	-0	-0	-0	-0	300	0	200	-0
197	-7.07	472.62	10.87	1309.77	0	-363.67	-1918.98	-0	-0	-0	2109	0	-203	-0	154.89	648.61	-46.02	644.64	0	-234.63	2984.59	-0	-0	-0	300	0	-203	-0	-0	-0	-0	300	0	200	-0
198	-9.97	457.29	-9.51	1307.96	0	-363.22	-243.19	-0	-0	-0	2109	0	-203	-0	159.16	630.69	-43.03	645.85	0	-235.2	2658.08	-0	-0	-0	300	0	-203	-0	-0	-0	-0	300	0	200	-0
199	-21.54	353.94	-24.99	1310.52	0	-360.67	1021.16	-0	-0	-0	2109	0	-203	-0	162.69	609.51	-40.39	646.42	0	-235.42	2639.57	-0	-0	-0	300	0	-203	-0	-0	-0	-0	300	0	200	-0
200	-35.52	331.7	-25.59	1312.96	0	-358.74	186.41	-0	-0	-0	2109	0	-203	-0	164.59	589.15	-38.28	646.24	0	-235.1	2269.21	-0	-0	-0	300	0	-203	-0	0	0	0	300	0	200	0
201	-53.04	357.07	-25.03	1316.08	0	-359.93	-593.86	-0	-0	-0	2109	0	-203	-0	162.76	564.44	-34.34	647.48	0	-235.35	2070.82	-0	-0	-0	300	0	-203	-0	-0	-0	-0	300	0	200	-0
202	-78.11	408.1	-20.05	1319.84	0	-360.82	63.84	-0	-0	-0	2109	0	-203	-0	160.25	537.56	-30.41	648.54	0	-235.85	2298.65	-0	-0	-0	300	0	-203	-0	-0	-0	-0	300	0	200	-0
203	-111.05	448.17	-14.74	1324.01	0	-360.91	35.45	-0	-0	-0	2109	0	-203	-0	155.7	511.23	-26.67	649.67	0	-236	2220.27	-0	-0	-0	300	0	-203	-0	-0	-0	-0	300	0	200	-0
204	-140.13	462.89	-8.36	1327.73	0	-358.88	-444.87	-0	-0	-0	2109	0	-203	-0	153.8	477.29	-22.67	651.11	0	-236.21	2147.93	-0	-0	-0	300	0	-203	-0	-0	-0	-0	300	0	200	-0
205	-151.21	453.16	-6.76	1328.68	0	-362.47	-905.63	-0	-0	-0	2109	0	-203	-0	149.39	439.82	-18.33	652.1	0	-235.64	1922.76	-0	-0	-0	300	0	-203	-0	-0	-0	-0	300	0	200	-0
206	-140.76	458.79	-5.5	1331.13	0	-361.36	-667.15	-0	-0	-0	2109	0	-203	-0	146.13	409.15	-14.86	652.71	0	-235.9	1294.16	-0	-0	-0	300	0	-203	-0	-0	-0	-0	300	0	200	-0
207	-120.03	463.81	-5.07	1329.76	0	-362.36	-344.17	-0	-0	-0	2109	0	-203	-0	137.99	374.67	-11.27	655.73	0	-236.68	1326.96	0	0	0	300	0	-203	0	-0	-0	-0	300	0	200	-0
208	-104.13	485.42	-3.01	1330.27	0	-361.65	-43.3	-0	-0	-0	2109	0	-203	-0	126.92	338.56	-7.67	658.78	0	-237.2	1169.31	-0	-0	-0	300	0	-203	-0	-0	-0	-0	300	0	200	-0
209	-98.99	505.46	-0.9	1330.29	0	-362.75	560.58	-0	-0	-0	2109	0	-203	-0	116.06	306.52	-6.18	658.58	0	-235.53	886.81	-0	-0	-0	300	0	-203	-0	-0	-0	-0	300	0	200	-0
210	-107.34	520.16	9.01	1332.43	0	-363.32	-267.94	-0	-0	-0	2109	0	-203	-0	103.78	274.48	-3.6	661.11	0	-236.43	821.18	-0	-0	-0	300	0	-203	-0	-0	-0	-0	300	0	200	-0
211	-121.32	522.65	11.82	1334.38	0	-363.59	-204.29	-0	-0	-0	2109	0	-203	-0	87.96	244.89	-2.04	662.12	0	-235.11	620.43	-0	-0	-0	300	0	-203	-0	-0	-0	-0	300	0	200	-0
212	-131.93	518.57	10.58	1338.45	0	-363.88	283.22	-0	-0	-0	2109	0	-203	-0	73.17	225.34	0.95	664.91	0	-235.48	339.35	-0	-0	-0	300	0	-203	-0	-0	-0	-0	300	0	200	-0
213	-145.27	515.12	9.82	1339.85	0	-363.78	85.14	-0	-0	-0	2109	0	-203	-0	60.82	202.26	2.17	667.14	0	-237.23	462.23	-0	-0	-0	300	0	-203	-0	-0	-0	-0	300	0	200	-0
214	-154.59	520.75	13.55	1343.44	0	-363.87	-647.72	-0	-0	-0	2109	0	-203	-0	50.57	172.94	2.78	665.43	0	-235.21	365.2	-0	-0	-0	300	0	-203	-0	-0	-0	-0	300	0	200	-0
215	-157.48	529.5	16.97	1344.44	0	-365.44	-908.13	-0	-0	-0	2109	0	-203	-0	46.43	150.41	2.31	667.61	0	-235.74	14.96	-0	-0	-0	300	0	-203	-0	0	0	0	300	0	200	0
216	-159.89	546.39	21.19	1346.69	0	-366.66	-852.77	-0	-0	-0	2109	0	-203	-0	41.06	123.8	1.63	668.27	0	-234.56	-158.74	0	0	0	300	0	-203	0	0	0	0	300	0	200	0
217	-164.39	567.99	25.24	1349.61	0	-365.58	-981.19	-0	-0	-0	2109	0	-203	-0	35.5	99.91	1.36	670.12	0	-234.17	-321.99	-0	-0	-0	300	0	-203	-0	-0	-0	-0	300	0	200	-0
218	-168.4	584.58	26.71	1352.32	0	-365.41	-498.96	-0	-0	-0	2109	0	-203	-0	30.81	82.26	0.61	674.15	0	-236.68	-75.77	-0	-0	-0	300	0	-203	-0	-0	-0	-0	300	0	200	-0
219	-170.17	600.86	26.72	1354.88	0	-364.64	-91.03	-0	-0	-0	2109	0	-203	-0	24.77	62.99	0.81	675.49	0	-235.71	-38.89	-0	-0	-0	300	0	-203	-0	-0	-0	-0	300	0	200	-0
220	-172.58	610.57	25.43	1354.53	0	-364.69	-530.91	-0	-0	-0	2109	0	-203	-0	19.48	42.9	0.14	663.47	0	-226.81	-323.73	-0	-0	-0	300	0	-203	-0	-0	-0	-0	300	0	200	-0
221	-170.81	625.9	27.2	1355.67	0	-364.98	-607.03	-0	-0	-0	2109	0	-203	-0	15.41	32.58	0.14	671.86	0	-229.43	-217.97	-0	-0	-0	300	0	-203	-0	0	0	0	300	0	200	0
222	-169.85	642.49	28.5	1357.57	0	-365.56	-571.8	-0	-0	-0	2109	0	-203	-0	11.67	20.63	0.34	659.69	0	-222.53	-506.93	-0	-0	-0	300	0	-203	-0	-0	-0	-0	300	0	200	-0
223	-166.31	660.34	27.2	1357	0	-365.3	-62.16	-0	-0	-0	2109	0	-203	-0	-0	-0	-0	903	0	-403	-0	-0	-0	-0	300	0	-203	-0	-0	-0	-0	300	0	200	-0
224	-163.1	671.61	27.51	1357.68	0	-365.58	63.81	-0	-0	-0	2109	0	-203	-0	-0	-0	-0	903	0	-403	-0	-0	-0	-0	300	0	-203	-0	0	0	0	300	0	200	0
225	-161.49	684.76	28.78	1359.35	0	-364.78	-729.81	-0	-0	-0	2109	0	-203	-0	-0	-0	-0	903	0	-403	-0	-0	-0	-0	300	0	-203	-0	-0	-0	-0	300	0	200	-0
226	-157.16	688.83	29.92	1358.61	0	-364.57	-424.6	-0	-0	-0	2109	0	-203	-0	-0	-0	-0	903	0	-403	-0	-0	-0	-0	300	0	-203	-0	-0	-0	-0	300	0	200	-0
227	-150.57	686.31	30.71	1358.53	0	-366.86	-223.95	-0	-0	-0	2109	0	-203	-0	-0	-0	-0	903	0	-403	-0	0	0	0	300	0	-203	0	-0	-0	-0	300	0	200	-0
228	-146.23	689.76	31.18	1358.93	0	-366.17	-203.45	-0	-0	-0	2109	0	-203	-0	-0	-0	-0	903	0	-403	-0	-0	-0	-0	300	0	-203	-0	-0	-0	-0	300	0	200	-0
229	-141.41	694.77	31.51	1361.41	0	-365.07	768.77	-0	-0	-0	2109	0	-203	-0	-0	-0	-0	903	0	-403	-0	0	0	0	300	0	-203	0	-0	-0	-0	300	0	200	-0
230	-138.52	690.07	31.32	1360.9	0	-365.7	19.83	-0	-0	-0	2109	0	-203	-0	-0	-0	-0	903	0	-403	-0	-0	-0	-0	300	0	-203	-0	-0	-0	-0	300	0	200	-0
231	-132.41	683.8	30.83	1362.01	0	-366.13	373.28	-0	-0	-0	2109	0	-203	-0	-0	-0	-0	903	0	-403	-0	0	0	0	300	0	-203	0	-0	-0	-0	300	0	200	-0
232	-128.88	679.42	31.94	1362.8	0	-365.66	-122.71	-0	-0	-0	2109	0	-203	-0	-0	-0	-0	903	0	-403	-0	0	0	0	300	0	-203	0	-0	-0	-0	300	0	200	-0
233	-123.74	669.7	33.88	1363.62	0	-366.93	-63.41	-0	-0	-0	2109	0	-203	-0	-0	-0	-0	903	0	-403	-0	-0	-0	-0	300	0	-203	-0	-0	-0	-0	300	0	200	-0
234	-121.49	661.56	35.33	1365.06	0	-366.57	-30.03	-0	-0	-0	2109	0	-203	-0	-0	-0	-0	903	0	-403	-0	-0	-0	-0	300	0	-203	-0	-0	-0	-0	300	0	200	-0
235	-116.67	649.96	34.03	1366.28	0	-368.37	230.49	-0	-0	-0	2109	0	-203	-0	-0	-0	-0	903	0	-403	-0	-0	-0	-0	300	0	-203	-0	-0	-0	-0	300	0	200	-0
236	-115.22	644.34	32.24	1367.11	0	-366.33	386.4	-0	-0	-0	2109	0	-203	-0	-0	-0	-0	903	0	-403	-0	0	0	0	300	0	-203	0	-0	-0	-0	300	0	200	-0
237	-110.56	637.76	32.7	1368.48	0	-366.38	51.9	-0	-0	-0	2109	0	-203	-0	-0	-0	-0	903	0	-403	-0	-0	-0	-0	300	0	-203	-0	-0	-0	-0	300	0	200	-0
238	-107.19	626.48	33.33	1369.47	0	-367	-501.55	-0	-0	-0	2109	0	-203	-0	0	0	0	903	0	-403	0	0	0	0	300	0	-203	0	-0	-0	-0	300	0	200	-0
239	-100.76	616.76	32.99	1370.96	0	-367.84	-236.19	-0	-0	-0	2109	0	-203	-0	-0	-0	-0	903	0	-403	-0	-0	-0	-0	300	0	-203	-0	-0	-0	-0	300	0	200	-0
240	-96.1	608.31	33.47	1372.03	0	-367.8	30.3	-0	-0	-0	2109	0	-203	-0	-0	-0	-0	903	0	-403	-0	-0	-0	-0	300	0	-203	-0	-0	-0	-0	300	0	200	-0
241	-92.25	592.34	30.55	1372.43	0	-368.61	205.23	-0	-0	-0	2109	0	-203	-0	-0	-0	-0	903	0	-403	-0	0	0	0	300	0	-203	0	-0	-0	-0	300	0	200	-0
242	-90.8	582	31.67	1375.02	0	-368.94	-244.61	-0	-0	-0	2109	0	-203	-0	-0	-0	-0	903	0	-403	-0	-0	-0	-0	300	0	-203	-0	-0	-0	-0	300	0	200	-0
243	-86.78	573.54	32.3	1377.25	0	-367.73	-249.68	-0	-0	-0	2109	0	-203	-0	-0	-0	-0	903	0	-403	-0	-0	-0	-0	300	0	-203	-0	-0	-0	-0	300	0	200	-0
244	-84.37	558.19	32.77	1378.07	0	-368.78	-838.43	-0	-0	-0	2109	0	-203	-0	0	0	0	903	0	-403	0	-0	-0	-0	300	0	-203	-0	-0	-0	-0	300	0	200	-0
245	-81.64	541.59	31.31	1380.06	0	-370.59	-440.99	-0	-0	-0	2109	0	-203	-0	-0	-0	-0	903	0	-403	-0	-0	-0	-0	300	0	-203	-0	-0	-0	-0	300	0	200	-0
246	-78.91	531.88	30.33	1383.31	0	-369.42	-282.65	-0	-0	-0	2109	0	-203	-0	-0	-0	-0	903	0	-403	-0	-0	-0	-0	300	0	-203	-0	-0	-0	-0	300	0	200	-0
247	-76.98	517.79	29.03	1384.87	0	-369.21	-257.26	-0	-0	-0	2109	0	-203	-0	-0	-0	-0	903	0	-403	-0	-0	-0	-0	300	0	-203	-0	-0	-0	-0	300	0	200	-0
248	-74.25	508.08	30.78	1386.39	0	-369.33	-1033.95	-0	-0	-0	2109	0	-203	-0	-0	-0	-0	903	0	-403	-0	0	0	0	300	0	-203	0	0	0	0	300	0	200	0
249	-70.24	494.61	27.7	1388.71	0	-370.28	-609.16	-0	-0	-0	2109	0	-203	-0	-0	-0	-0	903	0	-403	-0	-0	-0	-0	300	0	-203	-0	-0	-0	-0	300	0	200	-0
250	-68.47	487.41	29.8	1393.2	0	-368.46	-684.63	-0	-0	-0	2109	0	-203	-0	-0	-0	-0	903	0	-403	-0	-0	-0	-0	300	0	-203	-0	0	0	0	300	0	200	0
251	-65.09	469.24	28	1393.45	0	-370.88	-722.09	-0	-0	-0	2109	0	-203	-0	-0	-0	-0	903	0	-403	-0	-0	-0	-0	300	0	-203	-0	-0	-0	-0	300	0	200	-0
252	-62.2	458.28	26.38	1397.48	0	-371.05	-500.76	-0	-0	-0	2109	0	-203	-0	-0	-0	-0	903	0	-403	-0	-0	-0	-0	300	0	-203	-0	-0	-0	-0	300	0	200	-0
253	-60.6	449.83	24.91	1399.37	0	-368.76	-808.85	-0	-0	-0	2109	0	-203	-0	-0	-0	-0	903	0	-403	-0	-0	-0	-0	300	0	-203	-0	-0	-0	-0	300	0	200	-0
254	-58.35	437.93	25.55	1401.59	0	-370.28	-1076.59	-0	-0	-0	2109	0	-203	-0	0	0	0	903	0	-403	0	-0	-0	-0	300	0	-203	-0	-0	-0	-0	300	0	200	-0
255	-55.29	422.27	26.01	1402.51	0	-371.8	-1319.56	-0	-0	-0	2109	0	-203	-0	-0	-0	-0	903	0	-403	-0	-0	-0	-0	300	0	-203	-0	-0	-0	-0	300	0	200	-0
256	-51.92	414.12	22.95	1406.92	0	-371.48	-163.28	-0	-0	-0	2109	0	-203	-0	-0	-0	-0	903	0	-403	-0	-0	-0	-0	300	0	-203	-0	-0	-0	-0	300	0	200	-0
257	-52.24	403.79	22.76	1409.16	0	-371.43	-1030.44	-0	-0	-0	2109	0	-203	-0	-0	-0	-0	903	0	-403	-0	-0	-0	-0	300	0	-203	-0	-0	-0	-0	300	0	200	-0
258	-50.15	396.91	21.95	1413.73	0	-368.95	-917.21	-0	-0	-0	2109	0	-203	-0	-0	-0	-0	903	0	-403	-0	-0	-0	-0	300	0	-203	-0	-0	-0	-0	300	0	200	-0
259	-48.06	385.31	20.32	1416.25	0	-370.93	-1245.94	-0	-0	-0	2109	0	-203	-0	-0	-0	-0	903	0	-403	-0	-0	-0	-0	300	0	-203	-0	-0	-0	-0	300	0	200	-0
260	-47.9	377.48	20.31	1419.22	0	-371.13	-1522.14	-0	-0	-0	2109	0	-203	-0	-0	-0	-0	903	0	-403	-0	-0	-0	-0	300	0	-203	-0	-0	-0	-0	300	0	200	-0
261	-43.72	365.89	19.66	1421.99	0	-371.91	-1027.46	-0	-0	-0	2109	0	-203	-0	-0	-0	-0	903	0	-403	-0	-0	-0	-0	300	0	-203	-0	-0	-0	-0	300	0	200	-0
262	-44.21	359.63	18.36	1424.99	0	-372.1	-987.65	-0	-0	-0	2109	0	-203	-0	-0	-0	-0	903	0	-403	-0	-0	-0	-0	300	0	-203	-0	-0	-0	-0	300	0	200	-0
263	-41.64	349.61	16.89	1427.69	0	-373.06	-1313.29	-0	-0	-0	2109	0	-203	-0	-0	-0	-0	903	0	-403	-0	-0	-0	-0	300	0	-203	-0	-0	-0	-0	300	0	200	-0
264	-43.56	350.55	16.39	1431.38	0	-368.91	-2077.37	-0	-0	-0	2109	0	-203	-0	-0	-0	-0	903	0	-403	-0	0	0	0	300	0	-203	0	-0	-0	-0	300	0	200	-0
265	-39.55	341.77	15.41	1434.42	0	-372.44	-2018	-0	-0	-0	2109	0	-203	-0	-0	-0	-0	903	0	-403	-0	-0	-0	-0	300	0	-203	-0	-0	-0	-0	300	0	200	-0
266	-37.62	334.88	14.44	1437.35	0	-372.69	-1886.35	-0	-0	-0	2109	0	-203	-0	-0	-0	-0	903	0	-403	-0	-0	-0	-0	300	0	-203	-0	-0	-0	-0	300	0	200	-0
267	-36.98	332.06	13.15	1441.57	0	-371.71	-1340.36	-0	-0	-0	2109	0	-203	-0	-0	-0	-0	903	0	-403	-0	-0	-0	-0	300	0	-203	-0	-0	-0	-0	300	0	200	-0
268	-37.78	331.75	12.98	1444.22	0	-368.83	-1876.83	-0	-0	-0	2109	0	-203	-0	-0	-0	-0	903	0	-403	-0	-0	-0	-0	300	0	-203	-0	-0	-0	-0	300	0	200	-0
269	-36.33	322.98	13.29	1447.03	0	-372.13	-2338.02	-0	-0	-0	2109	0	-203	-0	-0	-0	-0	903	0	-403	-0	-0	-0	-0	300	0	-203	-0	-0	-0	-0	300	0	200	-0
270	-34.41	321.1	12.79	1447.75	0	-371.79	-2432.96	-0	-0	-0	2109	0	-203	-0	-0	-0	-0	903	0	-403	-0	-0	-0	-0	300	0	-203	-0	-0	-0	-0	300	0	200	-0
271	-33.6	320.16	11.82	1451.42	0	-370.9	-2484.51	-0	-0	-0	2109	0	-203	-0	-0	-0	-0	903	0	-403	-0	-0	-0	-0	300	0	-203	-0	-0	-0	-0	300	0	200	-0
272	-31.35	316.08	12.78	1455.22	0	-373.52	-2320.86	-0	-0	-0	2109	0	-203	-0	-0	-0	-0	903	0	-403	-0	-0	-0	-0	300	0	-203	-0	-0	-0	-0	300	0	200	-0
273	-30.71	317.02	11.82	1457.24	0	-371.14	-1975.7	-0	-0	-0	2109	0	-203	-0	-0	-0	-0	903	0	-403	-0	-0	-0	-0	300	0	-203	-0	-0	-0	-0	300	0	200	-0
274	-29.91	308.88	12.29	1459.73	0	-371.36	-2522.68	-0	-0	-0	2109	0	-203	-0	-0	-0	-0	903	0	-403	-0	-0	-0	-0	300	0	-203	-0	-0	-0	-0	300	0	200	-0
275	-27.34	308.24	13.41	1463.69	0	-373.97	-2642.18	-0	-0	-0	2109	0	-203	-0	-0	-0	-0	903	0	-403	-0	-0	-0	-0	300	0	-203	-0	-0	-0	-0	300	0	200	-0
276	-26.53	304.17	14.05	1463.87	0	-374.8	-2879.4	-0	-0	-0	2109	0	-203	-0	-0	-0	-0	903	0	-403	-0	-0	-0	-0	300	0	-203	-0	-0	-0	-0	300	0	200	-0
277	-23.48	307.29	14.85	1464.77	0	-374.39	-2661.15	-0	-0	-0	2109	0	-203	-0	-0	-0	-0	903	0	-403	-0	-0	-0	-0	300	0	-203	-0	-0	-0	-0	300	0	200	-0
278	-21.71	309.49	17.27	1467.97	0	-372.43	-2538.17	-0	-0	-0	2109	0	-203	-0	-0	-0	-0	903	0	-403	-0	-0	-0	-0	300	0	-203	-0	-0	-0	-0	300	0	200	-0
279	-18.98	312.92	16.13	1472.61	0	-372.31	-2419.9	-0	-0	-0	2109	0	-203	-0	-0	-0	-0	903	0	-403	-0	-0	-0	-0	300	0	-203	-0	-0	-0	-0	300	0	200	-0
280	-17.38	309.48	15.97	1469.04	0	-374.1	-2481.73	-0	-0	-0	2109	0	-203	-0	-0	-0	-0	903	0	-403	-0	-0	-0	-0	300	0	-203	-0	-0	-0	-0	300	0	200	-0
281	-14.65	308.53	17.09	1471.58	0	-375.79	-2410.01	-0	-0	-0	2109	0	-203	-0	-0	-0	-0	903	0	-403	-0	-0	-0	-0	300	0	-203	-0	-0	-0	-0	300	0	200	-0
282	-14.65	315.41	19.51	1471.14	0	-375.46	-3041.93	-0	-0	-0	2109	0	-203	-0	-0	-0	-0	903	0	-403	-0	-0	-0	-0	300	0	-203	-0	-0	-0	-0	300	0	200	-0
283	-12.72	317.29	19.99	1473.61	0	-375.55	-2877.23	-0	-0	-0	2109	0	-203	-0	-0	-0	-0	903	0	-403	-0	0	0	0	300	0	-203	0	-0	-0	-0	300	0	200	-0
284	-10.63	322.91	21.44	1474.87	0	-376.76	-2650.76	-0	-0	-0	2109	0	-203	-0	-0	-0	-0	903	0	-403	-0	-0	-0	-0	300	0	-203	-0	0	0	0	300	0	200	0
285	-8.86	334.51	19.02	1474.88	0	-372.76	-2132.1	-0	-0	-0	2109	0	-203	-0	-0	-0	-0	903	0	-403	-0	-0	-0	-0	300	0	-203	-0	-0	-0	-0	300	0	200	-0
286	-7.58	334.81	22.07	1475.66	0	-374.76	-2822.43	-0	-0	-0	2109	0	-203	-0	-0	-0	-0	903	0	-403	-0	0	0	0	300	0	-203	0	-0	-0	-0	300	0	200	-0
287	-5.81	341.06	21.9	1475.35	0	-375.6	-2899.09	-0	-0	-0	2109	0	-203	-0	0	0	0	903	0	-403	0	0	0	0	300	0	-203	0	-0	-0	-0	300	0	200	-0
288	-3.4	351.7	22.06	1475.89	0	-375.05	-2744.4	-0	-0	-0	2109	0	-203	-0	-0	-0	-0	903	0	-403	-0	-0	-0	-0	300	0	-203	-0	-0	-0	-0	300	0	200	-0
289	-1.63	357.64	23.84	1477.15	0	-376.06	-2424.97	-0	-0	-0	2109	0	-203	-0	-0	-0	-0	903	0	-403	-0	-0	-0	-0	300	0	-203	-0	-0	-0	-0	300	0	200	-0
290	-0.35	368.29	24.97	1476.44	0	-373.97	-1973.13	-0	-0	-0	2109	0	-203	-0	-0	-0	-0	903	0	-403	-0	0	0	0	300	0	-203	0	0	0	0	300	0	200	0
291	-2.28	375.47	25.94	1478.26	0	-375.48	-2582.9	-0	-0	-0	2109	0	-203	-0	-0	-0	-0	903	0	-403	-0	-0	-0	-0	300	0	-203	-0	-0	-0	-0	300	0	200	-0
292	-0.83	387.99	24.64	1478.04	0	-375.3	-2749.26	-0	-0	-0	2109	0	-203	-0	-0	-0	-0	903	0	-403	-0	-0	-0	-0	300	0	-203	-0	-0	-0	-0	300	0	200	-0
293	-1.31	396.75	26.42	1477.96	0	-376.21	-2702.77	-0	-0	-0	2109	0	-203	-0	-0	-0	-0	903	0	-403	-0	-0	-0	-0	300	0	-203	-0	-0	-0	-0	300	0	200	-0
294	0.29	409.26	26.1	1477.77	0	-375.91	-2626.26	-0	-0	-0	2109	0	-203	-0	-0	-0	-0	903	0	-403	-0	-0	-0	-0	300	0	-203	-0	-0	-0	-0	300	0	200	-0
295	0.45	419.9	27.23	1477.01	0	-376.23	-2314.84	-0	-0	-0	2109	0	-203	-0	-0	-0	-0	903	0	-403	-0	-0	-0	-0	300	0	-203	-0	-0	-0	-0	300	0	200	-0
296	-1.96	435.24	27.39	1478.77	0	-374.17	-2813.63	-0	-0	-0	2109	0	-203	-0	-0	-0	-0	903	0	-403	-0	-0	-0	-0	300	0	-203	-0	-0	-0	-0	300	0	200	-0
297	-0.51	445.56	25.45	1479.13	0	-374.37	-2512.86	-0	-0	-0	2109	0	-203	-0	-0	-0	-0	903	0	-403	-0	-0	-0	-0	300	0	-203	-0	-0	-0	-0	300	0	200	-0
298	0.29	458.08	24.63	1477.48	0	-373.38	-3284.31	-0	-0	-0	2109	0	-203	-0	-0	-0	-0	903	0	-403	-0	-0	-0	-0	300	0	-203	-0	-0	-0	-0	300	0	200	-0
299	1.58	471.54	26.09	1479.08	0	-372.92	-3301.88	-0	-0	-0	2109	0	-203	-0	-0	-0	-0	903	0	-403	-0	-0	-0	-0	300	0	-203	-0	-0	-0	-0	300	0	200	-0
300	3.02	479.66	25.11	1479.16	0	-374.99	-3364.67	-0	-0	-0	2109	0	-203	-0	-0	-0	-0	903	0	-403	-0	0	0	0	300	0	-203	0	-0	-0	-0	300	0	200	-0
301	5.59	493.43	24.63	1479.64	0	-374.05	-2960.71	-0	-0	-0	2109	0	-203	-0	-0	-0	-0	903	0	-403	-0	-0	-0	-0	300	0	-203	-0	-0	-0	-0	300	0	200	-0
302	6.4	503.76	23.82	1480.38	0	-373.98	-2863.19	-0	-0	-0	2109	0	-203	-0	-0	-0	-0	903	0	-403	-0	0	0	0	300	0	-203	0	0	0	0	300	0	200	0
303	8	516.28	23.64	1478.47	0	-373.49	-3606.78	-0	-0	-0	2109	0	-203	-0	-0	-0	-0	903	0	-403	-0	-0	-0	-0	300	0	-203	-0	-0	-0	-0	300	0	200	-0
304	8.64	529.11	24.6	1478.84	0	-373.03	-4020.04	-0	-0	-0	2109	0	-203	-0	-0	-0	-0	903	0	-403	-0	-0	-0	-0	300	0	-203	-0	-0	-0	-0	300	0	200	-0
305	12.18	538.8	24.44	1477.66	0	-374.1	-3784.51	-0	-0	-0	2109	0	-203	-0	-0	-0	-0	903	0	-403	-0	-0	-0	-0	300	0	-203	-0	-0	-0	-0	300	0	200	-0
306	13.79	554.46	24.76	1479.5	0	-372.36	-3573.84	-0	-0	-0	2109	0	-203	-0	-0	-0	-0	903	0	-403	-0	-0	-0	-0	300	0	-203	-0	-0	-0	-0	300	0	200	-0
307	15.87	561.96	23.62	1479.81	0	-373.14	-3790.51	-0	-0	-0	2109	0	-203	-0	-0	-0	-0	903	0	-403	-0	-0	-0	-0	300	0	-203	-0	-0	-0	-0	300	0	200	-0
308	17.96	573.54	24.41	1479.52	0	-372.71	-3921.05	-0	-0	-0	2109	0	-203	-0	-0	-0	-0	903	0	-403	-0	-0	-0	-0	300	0	-203	-0	-0	-0	-0	300	0	200	-0
309	18.76	581.36	23.43	1478.97	0	-373.29	-4760.61	-0	-0	-0	2109	0	-203	-0	-0	-0	-0	903	0	-403	-0	-0	-0	-0	300	0	-203	-0	-0	-0	-0	300	0	200	-0
310	22.62	593.87	25.68	1479.64	0	-373.7	-4767.31	-0	-0	-0	2109	0	-203	-0	-0	-0	-0	903	0	-403	-0	-0	-0	-0	300	0	-203	-0	-0	-0	-0	300	0	200	-0
311	26.64	602.94	23.58	1480.46	0	-374.1	-4140.04	-0	-0	-0	2109	0	-203	-0	-0	-0	-0	903	0	-403	-0	-0	-0	-0	300	0	-203	-0	0	0	0	300	0	200	0
312	30.17	612.02	24.38	1479.78	0	-373.77	-4090.34	-0	-0	-0	2109	0	-203	-0	-0	-0	-0	903	0	-403	-0	-0	-0	-0	300	0	-203	-0	-0	-0	-0	300	0	200	-0
313	32.42	623.6	24.69	1480.33	0	-373.05	-4368.44	-0	-0	-0	2109	0	-203	-0	-0	-0	-0	903	0	-403	-0	-0	-0	-0	300	0	-203	-0	-0	-0	-0	300	0	200	-0
314	34.19	637.69	24.51	1479.95	0	-372.08	-5021.52	-0	-0	-0	2109	0	-203	-0	-0	-0	-0	903	0	-403	-0	0	0	0	300	0	-203	0	-0	-0	-0	300	0	200	-0
315	38.2	643.62	25.64	1480.58	0	-373.29	-4861.31	-0	-0	-0	2109	0	-203	-0	-0	-0	-0	903	0	-403	-0	-0	-0	-0	300	0	-203	-0	-0	-0	-0	300	0	200	-0
316	43.83	649.88	25.62	1480.09	0	-373.51	-4557.77	-0	-0	-0	2109	0	-203	-0	-0	-0	-0	903	0	-403	-0	-0	-0	-0	300	0	-203	-0	-0	-0	-0	300	0	200	-0
317	48.65	656.44	28.2	1480.22	0	-373.96	-4340.65	-0	-0	-0	2109	0	-203	-0	-0	-0	-0	903	0	-403	-0	-0	-0	-0	300	0	-203	-0	-0	-0	-0	300	0	200	-0
318	51.7	669.6	28.84	1481.5	0	-371.34	-4390.56	-0	-0	-0	2109	0	-203	-0	-0	-0	-0	903	0	-403	-0	-0	-0	-0	300	0	-203	-0	-0	-0	-0	300	0	200	-0
319	54.91	669.28	29.14	1480.31	0	-372.8	-4739.77	-0	-0	-0	2109	0	-203	-0	-0	-0	-0	903	0	-403	-0	0	0	0	300	0	-203	0	0	0	0	300	0	200	0
320	58.77	672.09	31.87	1479.67	0	-373.07	-5181.08	-0	-0	-0	2109	0	-203	-0	-0	-0	-0	903	0	-403	-0	-0	-0	-0	300	0	-203	-0	-0	-0	-0	300	0	200	-0
321	65.68	673.34	33.48	1481.14	0	-373.65	-4300.43	-0	-0	-0	2109	0	-203	-0	-0	-0	-0	903	0	-403	-0	0	0	0	300	0	-203	0	-0	-0	-0	300	0	200	-0
322	70.5	675.84	34.6	1481.02	0	-374.49	-4254.08	-0	-0	-0	2109	0	-203	-0	-0	-0	-0	903	0	-403	-0	-0	-0	-0	300	0	-203	-0	-0	-0	-0	300	0	200	-0
323	74.67	679.28	36.04	1481.9	0	-374.35	-3956.84	-0	-0	-0	2109	0	-203	-0	-0	-0	-0	903	0	-403	-0	-0	-0	-0	300	0	-203	-0	-0	-0	-0	300	0	200	-0
324	78.85	682.41	35.38	1481.75	0	-373.17	-3969.44	-0	-0	-0	2109	0	-203	-0	-0	-0	-0	903	0	-403	-0	-0	-0	-0	300	0	-203	-0	-0	-0	-0	300	0	200	-0
325	84.31	682.42	37.63	1481.77	0	-372.79	-3973.29	-0	-0	-0	2109	0	-203	-0	-0	-0	-0	903	0	-403	-0	0	0	0	300	0	-203	0	-0	-0	-0	300	0	200	-0
326	86.88	680.22	38.11	1482.15	0	-373.8	-3967.25	-0	-0	-0	2109	0	-203	-0	-0	-0	-0	903	0	-403	-0	-0	-0	-0	300	0	-203	-0	-0	-0	-0	300	0	200	-0
327	92.83	675.52	40.99	1481.75	0	-375.18	-4008.22	-0	-0	-0	2109	0	-203	-0	-0	-0	-0	903	0	-403	-0	-0	-0	-0	300	0	-203	-0	-0	-0	-0	300	0	200	-0
328	97.65	676.15	43.89	1482.31	0	-374.03	-3770.71	-0	-0	-0	2109	0	-203	-0	-0	-0	-0	903	0	-403	-0	0	0	0	300	0	-203	0	-0	-0	-0	300	0	200	-0
329	101.67	676.46	43.08	1483.25	0	-373.96	-3264.02	-0	-0	-0	2109	0	-203	-0	-0	-0	-0	903	0	-403	-0	-0	-0	-0	300	0	-203	-0	-0	-0	-0	300	0	200	-0
330	105.68	673.33	43.39	1483.8	0	-373.72	-3287.09	-0	-0	-0	2109	0	-203	-0	-0	-0	-0	903	0	-403	-0	-0	-0	-0	300	0	-203	-0	-0	-0	-0	300	0	200	-0
331	108.25	670.52	46.13	1483.99	0	-373.18	-3530.14	-0	-0	-0	2109	0	-203	-0	-0	-0	-0	903	0	-403	-0	-0	-0	-0	300	0	-203	-0	-0	-0	-0	300	0	200	-0
332	112.91	663.63	46.75	1482.96	0	-373.77	-3769.59	-0	-0	-0	2109	0	-203	-0	-0	-0	-0	903	0	-403	-0	-0	-0	-0	300	0	-203	-0	-0	-0	-0	300	0	200	-0
333	116.93	654.87	47.88	1483.53	0	-374.48	-3423.22	-0	-0	-0	2109	0	-203	-0	-0	-0	-0	903	0	-403	-0	0	0	0	300	0	-203	0	-0	-0	-0	300	0	200	-0
334	123.68	650.18	48.35	1484.54	0	-373.42	-3188.43	-0	-0	-0	2109	0	-203	-0	-0	-0	-0	903	0	-403	-0	-0	-0	-0	300	0	-203	-0	-0	-0	-0	300	0	200	-0
335	126.89	644.24	49.48	1484.29	0	-372.87	-2752.6	-0	-0	-0	2109	0	-203	-0	-0	-0	-0	903	0	-403	-0	-0	-0	-0	300	0	-203	-0	-0	-0	-0	300	0	200	-0
336	130.91	633.28	48.98	1485.51	0	-373.89	-2665.85	-0	-0	-0	2109	0	-203	-0	-0	-0	-0	903	0	-403	-0	-0	-0	-0	300	0	-203	-0	0	0	0	300	0	200	0
337	134.28	619.2	48.65	1485	0	-374.22	-2430.23	-0	-0	-0	2109	0	-203	-0	-0	-0	-0	903	0	-403	-0	0	0	0	300	0	-203	0	-0	-0	-0	300	0	200	-0
338	138.94	609.81	49.44	1484.64	0	-374.82	-2407.55	-0	-0	-0	2109	0	-203	-0	-0	-0	-0	903	0	-403	-0	-0	-0	-0	300	0	-203	-0	-0	-0	-0	300	0	200	-0
339	141.35	603.57	48.13	1483.57	0	-372.09	-3390.22	-0	-0	-0	2109	0	-203	-0	-0	-0	-0	903	0	-403	-0	0	0	0	300	0	-203	0	-0	-0	-0	300	0	200	-0
340	146.81	586.03	49.26	1485.49	0	-375.14	-2134.82	-0	-0	-0	2109	0	-203	-0	-0	-0	-0	903	0	-403	-0	-0	-0	-0	300	0	-203	-0	-0	-0	-0	300	0	200	-0
341	150.19	574.46	48.12	1485.04	0	-374.32	-2269.76	-0	-0	-0	2109	0	-203	-0	-0	-0	-0	903	0	-403	-0	-0	-0	-0	300	0	-203	-0	-0	-0	-0	300	0	200	-0
342	153.4	565.4	48.44	1486.2	0	-372.58	-1987.25	0.16	23.47	1.28	2122.63	0	-214.87	-447.93	-0	-0	-0	903	0	-403	-0	-0	-0	-0	300	0	-203	-0	-0	-0	-0	300	0	200	-0
343	154.52	549.44	45.05	1485.84	0	-372.54	-2091.19	0.8	152.71	0.64	2143.65	0	-217.66	-202.93	-0	-0	-0	903	0	-403	-0	-0	-0	-0	300	0	-203	-0	-0	-0	-0	300	0	200	-0
344	153.4	533.17	43.6	1486.54	0	-372.63	-1991.25	10.55	474.42	-2.25	2146.97	0	-219.01	366.47	-0	-0	-0	903	0	-403	-0	-0	-0	-0	300	0	-203	-0	-0	-0	-0	300	0	200	-0
345	155.17	515.97	42.62	1485.7	0	-372.18	-2171.7	2.24	442.2	17.91	2150.97	0	-222.48	532	-0	-0	-0	903	0	-403	-0	-0	-0	-0	300	0	-203	-0	0	0	0	300	0	200	0
346	153.24	498.13	39.23	1486.42	0	-372.46	-2176.24	-18.06	342.06	24.63	2153.84	0	-222.38	390.91	-0	-0	-0	903	0	-403	-0	0	0	0	300	0	-203	0	-0	-0	-0	300	0	200	-0
347	148.42	478.11	35.7	1487.49	0	-372.36	-1627.7	-32.29	297.94	25.43	2157.56	0	-224.23	82.82	-0	-0	-0	903	0	-403	-0	-0	-0	-0	300	0	-203	-0	-0	-0	-0	300	0	200	-0
348	141.03	456.84	31.35	1489.43	0	-370.67	-1610.95	-51.15	322.35	25.27	2160.78	0	-224.52	155.54	-0	-0	-0	903	0	-403	-0	-0	-0	-0	300	0	-203	-0	-0	-0	-0	300	0	200	-0
349	138.14	428.68	27.95	1488.61	0	-370.66	-2126.59	-77.37	376.48	20.46	2164.78	0	-224.75	366.16	-0	-0	-0	903	0	-403	-0	-0	-0	-0	300	0	-203	-0	-0	-0	-0	300	0	200	-0
350	133.01	398.34	23.75	1489.04	0	-368.75	-2367.68	-109.98	428.74	10.86	2166.74	0	-223.45	463.71	-0	-0	-0	903	0	-403	-0	-0	-0	-0	300	0	-203	-0	-0	-0	-0	300	0	200	-0
351	132.21	362.67	20.19	1487.97	0	-369.56	-1863.61	-135.08	454.7	1.9	2170.84	0	-222.66	221.34	-0	-0	-0	903	0	-403	-0	-0	-0	-0	300	0	-203	-0	0	0	0	300	0	200	0
352	125.14	330.13	16.31	1491.64	0	-369.7	-1702.73	-147.55	465.97	-3.54	2172.08	0	-221.78	239.71	-0	-0	-0	903	0	-403	-0	0	0	0	300	0	-203	0	-0	-0	-0	300	0	200	-0
353	116.15	299.15	14.55	1495.23	0	-368.02	-1809.89	-144.19	470.97	-7.06	2172.02	0	-221.47	237.37	-0	-0	-0	903	0	-403	-0	-0	-0	-0	300	0	-203	-0	-0	-0	-0	300	0	200	-0
354	103.14	268.49	10.54	1500.09	0	-365.47	-1710.16	-127.89	484.11	-8.65	2171.92	0	-221.13	176.77	-0	-0	-0	903	0	-403	-0	-0	-0	-0	300	0	-203	-0	-0	-0	-0	300	0	200	-0
355	92.05	238.46	5.4	1502.4	0	-365.53	-1516.89	-108.38	507.57	-9.77	2172.71	0	-219.73	112.64	-0	-0	-0	903	0	-403	-0	-0	-0	-0	300	0	-203	-0	0	0	0	300	0	200	0
356	75.5	224.69	3.33	1503.11	0	-362.21	-2247.12	-101.03	536.67	-10.24	2175.39	0	-218.11	-635.24	-0	-0	-0	903	0	-403	-0	-0	-0	-0	300	0	-203	-0	-0	-0	-0	300	0	200	-0
357	62.81	207.16	2.57	1509.02	0	-362.07	-1631.12	-105.19	549.49	-16.32	2177.23	0	-217.26	-695.44	-0	-0	-0	903	0	-403	-0	-0	-0	-0	300	0	-203	-0	-0	-0	-0	300	0	200	-0
358	51.08	193.41	0.82	1511.52	0	-357.5	-1983.47	-121.33	564.19	-19.36	2180.4	0	-215.89	-989.28	-0	-0	-0	903	0	-403	-0	-0	-0	-0	300	0	-203	-0	-0	-0	-0	300	0	200	-0
359	44.5	171.5	-0.29	1514.06	0	-360.46	-1087.02	-141	578.25	-22.08	2184.28	0	-214.71	-1163.71	-0	-0	-0	903	0	-403	-0	-0	-0	-0	300	0	-203	-0	0	0	0	300	0	200	0
360	38.08	147.71	-0.93	1514.15	0	-363.13	-613.76	-161.94	606.41	-22.88	2188.62	0	-213.99	-1388.83	-0	-0	-0	903	0	-403	-0	-0	-0	-0	300	0	-203	-0	-0	-0	-0	300	0	200	-0
361	35.67	129.25	-4.5	1516.87	0	-360.28	-897.92	-175.53	629.55	-22.88	2192.4	0	-213.23	-1269.5	-0	-0	-0	903	0	-403	-0	-0	-0	-0	300	0	-203	-0	-0	-0	-0	300	0	200	-0
362	31.18	109.85	-2.74	1516.84	0	-359.92	-1283.05	-181.92	655.51	-25.76	2195.6	0	-212.07	-882.88	-0	-0	-0	903	0	-403	-0	-0	-0	-0	300	0	-203	-0	-0	-0	-0	300	0	200	-0
363	29.09	92.02	-1.14	1515.83	0	-358.05	-1460.94	-183.68	682.1	-29.44	2198.24	0	-211.05	-798.92	-0	-0	-0	903	0	-403	-0	-0	-0	-0	300	0	-203	-0	-0	-0	-0	300	0	200	-0
364	27.81	78.26	-0.17	1511.99	0	-345.32	-934.97	-186.4	711.2	-32	2199.24	0	-210.84	-818.69	-0	-0	-0	903	0	-403	-0	-0	-0	-0	300	0	-203	-0	-0	-0	-0	300	0	200	-0
365	24.44	56.65	-1.15	1523.62	0	-367.95	-375.73	-187.2	728.4	-35.36	2200.93	0	-210.63	-979.2	-0	-0	-0	903	0	-403	-0	-0	-0	-0	300	0	-203	-0	-0	-0	-0	300	0	200	-0
366	21.39	44.77	-0.34	1533.45	0	-352.1	-486.62	-188.63	744.04	-37.28	2202.26	0	-210.69	-1056.05	-0	-0	-0	903	0	-403	-0	0	0	0	300	0	-203	0	-0	-0	-0	300	0	200	-0
367	16.41	32.25	-0.03	1513.32	0	-362.88	-703.19	-189.75	756.87	-37.92	2204.33	0	-210.36	-1298.86	-0	-0	-0	903	0	-403	-0	0	0	0	300	0	-203	0	-0	-0	-0	300	0	200	-0
368	11.43	29.12	1.27	1518.68	0	-328.79	-1234.51	-189.91	770.95	-36.8	2205.1	0	-210.01	-1360.37	-0	-0	-0	903	0	-403	-0	-0	-0	-0	300	0	-203	-0	-0	-0	-0	300	0	200	-0
369	7.41	21.3	2.4	1511.26	0	-310.63	-1156.01	-188.47	780.33	-37.91	2206.27	0	-209.9	-1851.73	-0	-0	-0	903	0	-403	-0	-0	-0	-0	300	0	-203	-0	-0	-0	-0	300	0	200	-0
370	5.97	15.34	3.05	1545.43	0	-313.59	-754.62	-185.92	792.54	-37.59	2205.96	0	-210.11	-2008.66	-0	-0	-0	903	0	-403	-0	-0	-0	-0	300	0	-203	-0	-0	-0	-0	300	0	200	-0
371	-0	-0	-0	1506	0	-203	-0	-180.8	805.99	-37.91	2205.96	0	-210.06	-2070.58	-0	-0	-0	903	0	-403	-0	-0	-0	-0	300	0	-203	-0	-0	-0	-0	300	0	200	-0
372	-0	-0	-0	1506	0	-203	-0	-174.73	817.26	-39.2	2205.9	0	-210.5	-2033.46	-0	-0	-0	903	0	-403	-0	-0	-0	-0	300	0	-203	-0	0	0	0	300	0	200	0
373	-0	-0	-0	1506	0	-203	-0	-169.45	824.14	-40.31	2206.31	0	-210.41	-2052.09	-0	-0	-0	903	0	-403	-0	0	0	0	300	0	-203	0	-0	-0	-0	300	0	200	-0
374	-0	-0	-0	1506	0	-203	-0	-163.06	827.58	-40.64	2206.35	0	-210.17	-1755.42	-0	-0	-0	903	0	-403	-0	0	0	0	300	0	-203	0	-0	-0	-0	300	0	200	-0
375	-0	-0	-0	1506	0	-203	-0	-155.86	822.25	-41.92	2207.02	0	-209.42	-1783.58	-0	-0	-0	903	0	-403	-0	-0	-0	-0	300	0	-203	-0	-0	-0	-0	300	0	200	-0
376	-0	-0	-0	1506	0	-203	-0	-150.75	817.88	-42.87	2206.93	0	-209.51	-1981.31	-0	-0	-0	903	0	-403	-0	-0	-0	-0	300	0	-203	-0	-0	-0	-0	300	0	200	-0
377	-0	-0	-0	1506	0	-203	-0	-145.63	811.62	-43.83	2206.75	0	-209.34	-2417.4	-0	-0	-0	903	0	-403	-0	-0	-0	-0	300	0	-203	-0	-0	-0	-0	300	0	200	-0
378	-0	-0	-0	1506	0	-203	-0	-139.72	810.36	-44.31	2207.1	0	-209.38	-2344.74	-0	-0	-0	903	0	-403	-0	-0	-0	-0	300	0	-203	-0	-0	-0	-0	300	0	200	-0
379	-0	-0	-0	1506	0	-203	-0	-133.01	805.67	-44.48	2207.53	0	-209.66	-2149.89	-0	-0	-0	903	0	-403	-0	-0	-0	-0	300	0	-203	-0	-0	-0	-0	300	0	200	-0
380	-0	-0	-0	1506	0	-203	-0	-128.05	799.41	-45.11	2209.06	0	-209.28	-2282.95	0	0	0	903	0	-403	0	-0	-0	-0	300	0	-203	-0	-0	-0	-0	300	0	200	-0
381	-0	-0	-0	1506	0	-203	-0	-123.73	795.97	-45.11	2208.58	0	-208.88	-2101.28	-0	-0	-0	903	0	-403	-0	0	0	0	300	0	-203	0	-0	-0	-0	300	0	200	-0
382	-0	-0	-0	1506	0	-203	-0	-118.46	790.02	-45.11	2208.62	0	-208.31	-2355.04	-0	-0	-0	903	0	-403	-0	-0	-0	-0	300	0	-203	-0	-0	-0	-0	300	0	200	-0
383	-0	-0	-0	1506	0	-203	-0	-113.02	780	-44.63	2209.43	0	-208.06	-2254.1	-0	-0	-0	903	0	-403	-0	0	0	0	300	0	-203	0	-0	-0	-0	300	0	200	-0
384	-0	-0	-0	1506	0	-203	-0	-108.23	769.99	-43.67	2209.41	0	-208.06	-2107.67	-0	-0	-0	903	0	-403	-0	-0	-0	-0	300	0	-203	-0	-0	-0	-0	300	0	200	-0
385	-0	-0	-0	1506	0	-203	-0	-102.95	757.79	-43.03	2210.45	0	-208.25	-2164	-0	-0	-0	903	0	-403	-0	0	0	0	300	0	-203	0	-0	-0	-0	300	0	200	-0
386	-0	-0	-0	1506	0	-203	-0	-98.16	744.33	-42.23	2212.01	0	-207.03	-1869.53	-0	-0	-0	903	0	-403	-0	-0	-0	-0	300	0	-203	-0	-0	-0	-0	300	0	200	-0
387	-0	-0	-0	1506	0	-203	-0	-93.04	733.06	-42.23	2212.22	0	-207.09	-1952.45	-0	-0	-0	903	0	-403	-0	-0	-0	-0	300	0	-203	-0	-0	-0	-0	300	0	200	-0
388	-0	-0	-0	1506	0	-203	-0	-88.56	721.79	-40.47	2212.57	0	-206.2	-1835.61	-0	-0	-0	903	0	-403	-0	-0	-0	-0	300	0	-203	-0	-0	-0	-0	300	0	200	-0
389	-0	-0	-0	1506	0	-203	-0	-84.57	707.09	-39.03	2213.66	0	-206.01	-2007.33	-0	-0	-0	903	0	-403	-0	-0	-0	-0	300	0	-203	-0	-0	-0	-0	300	0	200	-0
390	-0	-0	-0	1506	0	-203	-0	-78.97	688.62	-38.4	2214.95	0	-205.77	-1551.61	-0	-0	-0	903	0	-403	-0	-0	-0	-0	300	0	-203	-0	-0	-0	-0	300	0	200	-0
391	-0	-0	-0	1506	0	-203	-0	-74.66	677.98	-39.68	2216	0	-205.57	-1630.49	-0	-0	-0	903	0	-403	-0	-0	-0	-0	300	0	-203	-0	0	0	0	300	0	200	0
392	-0	-0	-0	1506	0	-203	-0	-71.14	664.21	-39.04	2217.15	0	-204.78	-1427.25	-0	-0	-0	903	0	-403	-0	-0	-0	-0	300	0	-203	-0	-0	-0	-0	300	0	200	-0
393	-0	-0	-0	1506	0	-203	-0	-67.62	646.68	-39.68	2219.38	0	-204.18	-1192.02	-0	-0	-0	903	0	-403	-0	0	0	0	300	0	-203	0	-0	-0	-0	300	0	200	-0
394	-0	-0	-0	1506	0	-203	-0	-64.58	632.6	-40.16	2219.79	0	-202.39	-912.44	-0	-0	-0	903	0	-403	-0	-0	-0	-0	300	0	-203	-0	-0	-0	-0	300	0	200	-0
395	-0	-0	-0	1506	0	-203	-0	-60.11	612.25	-40.64	2222.7	0	-202.35	-1600.74	-0	-0	-0	903	0	-403	-0	-0	-0	-0	300	0	-203	-0	-0	-0	-0	300	0	200	-0
396	-0	-0	-0	1506	0	-203	-0	-57.87	595.98	-39.84	2223.25	0	-201.13	-1201.1	-0	-0	-0	903	0	-403	-0	-0	-0	-0	300	0	-203	-0	-0	-0	-0	300	0	200	-0
397	-0	-0	-0	1506	0	-203	-0	-54.83	577.52	-39.2	2225.75	0	-201.34	-1109.1	-0	-0	-0	903	0	-403	-0	-0	-0	-0	300	0	-203	-0	0	0	0	300	0	200	0
398	-0	-0	-0	1506	0	-203	-0	-52.27	562.18	-39.04	2227.04	0	-200.27	-916.71	-0	-0	-0	903	0	-403	-0	-0	-0	-0	300	0	-203	-0	-0	-0	-0	300	0	200	-0
399	-0	-0	-0	1506	0	-203	-0	-49.24	548.72	-38.57	2228.71	0	-199.54	-680.08	-0	-0	-0	903	0	-403	-0	-0	-0	-0	300	0	-203	-0	-0	-0	-0	300	0	200	-0
400	-0	-0	-0	1506	0	-203	-0	-46.68	527.13	-39.05	2230.41	0	-197.95	-385.98	-0	-0	-0	903	0	-403	-0	-0	-0	-0	300	0	-203	-0	0	0	0	300	0	200	0
401	-0	-0	-0	1506	0	-203	-0	-43.32	510.22	-38.73	2234.25	0	-197.45	-600.13	-0	-0	-0	903	0	-403	-0	-0	-0	-0	300	0	-203	-0	-0	-0	-0	300	0	200	-0
402	-0	-0	-0	1506	0	-203	-0	-41.4	498.65	-38.88	2234.71	0	-196.05	-686.35	-0	-0	-0	903	0	-403	-0	-0	-0	-0	300	0	-203	-0	-0	-0	-0	300	0	200	-0
403	-0	-0	-0	1506	0	-203	-0	-38.05	482.69	-37.61	2237	0	-195.62	-395.17	-0	-0	-0	903	0	-403	-0	-0	-0	-0	300	0	-203	-0	-0	-0	-0	300	0	200	-0
404	-0	-0	-0	1506	0	-203	-0	-34.69	467.98	-36.65	2239.63	0	-194.4	-293.98	-0	-0	-0	903	0	-403	-0	-0	-0	-0	300	0	-203	-0	-0	-0	-0	300	0	200	-0
405	-0	-0	-0	1506	0	-203	-0	-31.65	452.33	-36.65	2241.98	0	-193.93	-372.1	-0	-0	-0	903	0	-403	-0	0	0	0	300	0	-203	0	-0	-0	-0	300	0	200	-0
406	-0	-0	-0	1506	0	-203	-0	-30.37	439.18	-35.37	2245.81	0	-192.15	-104.05	-0	-0	-0	903	0	-403	-0	-0	-0	-0	300	0	-203	-0	-0	-0	-0	300	0	200	-0
407	-0	-0	-0	1506	0	-203	-0	-28.13	426.04	-35.05	2246.47	0	-191.07	-166.45	-0	-0	-0	903	0	-403	-0	0	0	0	300	0	-203	0	0	0	0	300	0	200	0
408	-0	-0	-0	1506	0	-203	-0	-27.17	416.03	-32.81	2248.69	0	-190.52	-145.98	-0	-0	-0	903	0	-403	-0	-0	-0	-0	300	0	-203	-0	-0	-0	-0	300	0	200	-0
409	-0	-0	-0	1506	0	-203	-0	-25.74	404.76	-31.69	2251.2	0	-189.85	-96.06	-0	-0	-0	903	0	-403	-0	-0	-0	-0	300	0	-203	-0	-0	-0	-0	300	0	200	-0
410	-0	-0	-0	1506	0	-203	-0	-23.82	394.12	-29.93	2253.68	0	-188.14	75.6	-0	-0	-0	903	0	-403	-0	-0	-0	-0	300	0	-203	-0	-0	-0	-0	300	0	200	-0
411	-0	-0	-0	1506	0	-203	-0	-22.22	382.85	-29.93	2258.47	0	-187.7	7.78	-0	-0	-0	903	0	-403	-0	-0	-0	-0	300	0	-203	-0	-0	-0	-0	300	0	200	-0
412	-0	-0	-0	1506	0	-203	-0	-22.22	374.71	-28.81	2260.38	0	-186.62	226.7	-0	-0	-0	903	0	-403	-0	-0	-0	-0	300	0	-203	-0	0	0	0	300	0	200	0
413	-0	-0	-0	1506	0	-203	-0	-21.42	363.76	-27.54	2263.15	0	-184.2	465.28	0	0	0	903	0	-403	0	-0	-0	-0	300	0	-203	-0	-0	-0	-0	300	0	200	-0
414	-0	-0	-0	1506	0	-203	-0	-20.78	359.38	-26.25	2264.07	0	-184.42	327.33	-0	-0	-0	903	0	-403	-0	-0	-0	-0	300	0	-203	-0	-0	-0	-0	300	0	200	-0
415	-0	-0	-0	1506	0	-203	-0	-18.54	350.61	-25.13	2269.32	0	-183.16	75.61	-0	-0	-0	903	0	-403	-0	-0	-0	-0	300	0	-203	-0	-0	-0	-0	300	0	200	-0
416	-0	-0	-0	1506	0	-203	-0	-19.02	345.6	-23.54	2272.31	0	-182.65	861.39	-0	-0	-0	903	0	-403	-0	-0	-0	-0	300	0	-203	-0	-0	-0	-0	300	0	200	-0
417	-0	-0	-0	1506	0	-203	-0	-17.74	339.03	-23.54	2276.21	0	-181.03	708.43	-0	-0	-0	903	0	-403	-0	-0	-0	-0	300	0	-203	-0	-0	-0	-0	300	0	200	-0
418	-0	-0	-0	1506	0	-203	-0	-17.42	335.89	-22.58	2279.3	0	-179.35	999.78	-0	-0	-0	903	0	-403	-0	-0	-0	-0	300	0	-203	-0	-0	-0	-0	300	0	200	-0
419	-0	-0	-0	1506	0	-203	-0	-15.98	331.51	-23.06	2280.63	0	-179.11	615.11	-0	-0	-0	903	0	-403	-0	-0	-0	-0	300	0	-203	-0	-0	-0	-0	300	0	200	-0
420	-0	-0	-0	1506	0	-203	-0	-15.34	329.63	-21.46	2283.6	0	-177.6	794.62	-0	-0	-0	903	0	-403	-0	0	0	0	300	0	-203	0	-0	-0	-0	300	0	200	-0
421	-0	-0	-0	1506	0	-203	-0	-14.23	326.19	-22.42	2286.18	0	-177.13	835.06	-0	-0	-0	903	0	-403	-0	0	0	0	300	0	-203	0	-0	-0	-0	300	0	200	-0
422	-0	-0	-0	1506	0	-203	-0	-13.43	327.75	-23.54	2287.93	0	-177.07	882.8	-0	-0	-0	903	0	-403	-0	0	0	0	300	0	-203	0	0	0	0	300	0	200	0
423	-0	-0	-0	1506	0	-203	-0	-12.95	326.18	-23.54	2290.59	0	-174.53	923.78	-0	-0	-0	903	0	-403	-0	-0	-0	-0	300	0	-203	-0	-0	-0	-0	300	0	200	-0
424	-0	-0	-0	1506	0	-203	-0	-12.79	326.49	-23.7	2292.55	0	-174.01	927.1	-0	-0	-0	903	0	-403	-0	-0	-0	-0	300	0	-203	-0	-0	-0	-0	300	0	200	-0
425	-0	-0	-0	1506	0	-203	-0	-11.51	325.23	-24.35	2292.67	0	-173.76	1130.27	-0	-0	-0	903	0	-403	-0	-0	-0	-0	300	0	-203	-0	-0	-0	-0	300	0	200	-0
426	-0	-0	-0	1506	0	-203	-0	-9.59	326.79	-24.83	2296.86	0	-173.17	1034.68	-0	-0	-0	903	0	-403	-0	-0	-0	-0	300	0	-203	-0	-0	-0	-0	300	0	200	-0
427	-0	-0	-0	1506	0	-203	-0	-8.63	328.35	-25.15	2298.59	0	-172.56	1125.39	-0	-0	-0	903	0	-403	-0	-0	-0	-0	300	0	-203	-0	-0	-0	-0	300	0	200	-0
428	-0	-0	-0	1506	0	-203	-0	-8.95	330.85	-25.47	2300.51	0	-171.25	1305.5	-0	-0	-0	903	0	-403	-0	-0	-0	-0	300	0	-203	-0	-0	-0	-0	300	0	200	-0
429	-0	-0	-0	1506	0	-203	-0	-7.67	331.78	-26.75	2302.23	0	-170.05	945.43	-0	-0	-0	903	0	-403	-0	-0	-0	-0	300	0	-203	-0	-0	-0	-0	300	0	200	-0
430	-0	-0	-0	1506	0	-203	-0	-7.19	333.34	-27.55	2305.71	0	-169.98	782.1	-0	-0	-0	903	0	-403	-0	-0	-0	-0	300	0	-203	-0	-0	-0	-0	300	0	200	-0
431	-0	-0	-0	1506	0	-203	-0	-4.47	337.09	-27.55	2305.02	0	-169.24	734.09	-0	-0	-0	903	0	-403	-0	-0	-0	-0	300	0	-203	-0	-0	-0	-0	300	0	200	-0
432	-0	-0	-0	1506	0	-203	-0	-3.19	342.41	-27.39	2307.09	0	-168.76	1018.09	-0	-0	-0	903	0	-403	-0	-0	-0	-0	300	0	-203	-0	0	0	0	300	0	200	0
433	-0	-0	-0	1506	0	-203	-0	-2.39	350.54	-28.51	2306.17	0	-169.5	1036.86	-0	-0	-0	903	0	-403	-0	-0	-0	-0	300	0	-203	-0	-0	-0	-0	300	0	200	-0
434	-0	-0	-0	1506	0	-203	-0	-1.43	357.73	-29.32	2306.71	0	-168.08	1159.38	0	0	0	903	0	-403	0	-0	-0	-0	300	0	-203	-0	-0	-0	-0	300	0	200	-0
435	-0	-0	-0	1506	0	-203	-0	0.48	363.98	-30.6	2308.03	0	-167.4	824.8	-0	-0	-0	903	0	-403	-0	-0	-0	-0	300	0	-203	-0	-0	-0	-0	300	0	200	-0
436	-0	-0	-0	1506	0	-203	-0	1.44	371.48	-30.6	2309.19	0	-168.33	1024.88	-0	-0	-0	903	0	-403	-0	0	0	0	300	0	-203	0	-0	-0	-0	300	0	200	-0
437	-0	-0	-0	1506	0	-203	-0	4.64	381.18	-32.52	2309.58	0	-168.77	737	-0	-0	-0	903	0	-403	-0	-0	-0	-0	300	0	-203	-0	-0	-0	-0	300	0	200	-0
438	-0	-0	-0	1506	0	-203	-0	6.08	394.94	-32.36	2309.74	0	-168.43	1287.24	-0	-0	-0	903	0	-403	-0	-0	-0	-0	300	0	-203	-0	-0	-0	-0	300	0	200	-0
439	-0	-0	-0	1506	0	-203	-0	7.68	402.75	-33.48	2310.54	0	-168.03	1125.08	-0	-0	-0	903	0	-403	-0	-0	-0	-0	300	0	-203	-0	-0	-0	-0	300	0	200	-0
440	-0	-0	-0	1506	0	-203	-0	8.8	415.26	-33.81	2308.51	0	-167.85	1337.72	-0	-0	-0	903	0	-403	-0	-0	-0	-0	300	0	-203	-0	-0	-0	-0	300	0	200	-0
441	-0	-0	-0	1506	0	-203	-0	11.68	428.4	-34.92	2309.72	0	-168.71	885.88	-0	-0	-0	903	0	-403	-0	-0	-0	-0	300	0	-203	-0	-0	-0	-0	300	0	200	-0
442	-0	-0	-0	1506	0	-203	-0	13.27	444.03	-34.77	2309.03	0	-169.06	1166.38	-0	-0	-0	903	0	-403	-0	-0	-0	-0	300	0	-203	-0	0	0	0	300	0	200	0
443	-0	-0	-0	1506	0	-203	-0	15.67	456.23	-35.41	2309.83	0	-168.65	1414.29	-0	-0	-0	903	0	-403	-0	0	0	0	300	0	-203	0	-0	-0	-0	300	0	200	-0
444	-0	-0	-0	1506	0	-203	-0	16.79	471.24	-36.53	2309.91	0	-168.43	1323.83	-0	-0	-0	903	0	-403	-0	0	0	0	300	0	-203	0	-0	-0	-0	300	0	200	-0
445	-0	-0	-0	1506	0	-203	-0	19.19	484.69	-37.01	2309.61	0	-168.43	1360.44	-0	-0	-0	903	0	-403	-0	-0	-0	-0	300	0	-203	-0	-0	-0	-0	300	0	200	-0
446	-0	-0	-0	1506	0	-203	-0	21.27	498.45	-37.17	2310.55	0	-169.71	1504.48	-0	-0	-0	903	0	-403	-0	-0	-0	-0	300	0	-203	-0	-0	-0	-0	300	0	200	-0
447	-0	-0	-0	1506	0	-203	-0	23.67	511.59	-37.33	2310.73	0	-170.44	1594.58	-0	-0	-0	903	0	-403	-0	-0	-0	-0	300	0	-203	-0	-0	-0	-0	300	0	200	-0
448	-0	-0	-0	1506	0	-203	-0	25.43	525.34	-37.34	2312.28	0	-169.86	1867.63	-0	-0	-0	903	0	-403	-0	0	0	0	300	0	-203	0	-0	-0	-0	300	0	200	-0
449	-0	-0	-0	1506	0	-203	-0	26.71	540.35	-37.66	2312.07	0	-170.26	1944.97	-0	-0	-0	903	0	-403	-0	-0	-0	-0	300	0	-203	-0	-0	-0	-0	300	0	200	-0
450	-0	-0	-0	1506	0	-203	-0	29.26	556.93	-37.82	2311.3	0	-170.24	1710.6	-0	-0	-0	903	0	-403	-0	-0	-0	-0	300	0	-203	-0	-0	-0	-0	300	0	200	-0
451	-0	-0	-0	1506	0	-203	-0	31.18	570.38	-38.3	2311.19	0	-170.6	1930.35	-0	-0	-0	903	0	-403	-0	-0	-0	-0	300	0	-203	-0	-0	-0	-0	300	0	200	-0
452	-0	-0	-0	1506	0	-203	-0	32.62	586.64	-37.98	2311.24	0	-171.09	2390.12	-0	-0	-0	903	0	-403	-0	-0	-0	-0	300	0	-203	-0	-0	-0	-0	300	0	200	-0
453	-0	-0	-0	1506	0	-203	-0	35.02	599.46	-39.26	2312.22	0	-170.44	2383.89	-0	-0	-0	903	0	-403	-0	-0	-0	-0	300	0	-203	-0	-0	-0	-0	300	0	200	-0
454	-0	-0	-0	1506	0	-203	-0	37.74	613.54	-39.42	2312.56	0	-170.78	2658.27	-0	-0	-0	903	0	-403	-0	-0	-0	-0	300	0	-203	-0	-0	-0	-0	300	0	200	-0
455	-0	-0	-0	1506	0	-203	-0	40.62	625.42	-41.66	2311.52	0	-170.97	2200.68	-0	-0	-0	903	0	-403	-0	0	0	0	300	0	-203	0	-0	-0	-0	300	0	200	-0
456	-0	-0	-0	1506	0	-203	-0	44.61	639.49	-40.87	2311.96	0	-171.44	2607.7	-0	-0	-0	903	0	-403	-0	-0	-0	-0	300	0	-203	-0	-0	-0	-0	300	0	200	-0
457	-0	-0	-0	1506	0	-203	-0	49.25	651.06	-42.31	2313.02	0	-171.59	2669.46	-0	-0	-0	903	0	-403	-0	-0	-0	-0	300	0	-203	-0	-0	-0	-0	300	0	200	-0
458	-0	-0	-0	1506	0	-203	-0	52.93	662.94	-43.11	2313.21	0	-171.2	2693.95	-0	-0	-0	903	0	-403	-0	-0	-0	-0	300	0	-203	-0	-0	-0	-0	300	0	200	-0
459	-0	-0	-0	1506	0	-203	-0	58.04	674.2	-45.35	2313.13	0	-171	2757.27	-0	-0	-0	903	0	-403	-0	-0	-0	-0	300	0	-203	-0	-0	-0	-0	300	0	200	-0
460	-0	-0	-0	1506	0	-203	-0	61.88	686.4	-46.95	2313.15	0	-170.97	2472.77	-0	-0	-0	903	0	-403	-0	-0	-0	-0	300	0	-203	-0	-0	-0	-0	300	0	200	-0
461	-0	-0	-0	1506	0	-203	-0	66.2	696.4	-48.56	2313.02	0	-171.33	2517.45	-0	-0	-0	903	0	-403	-0	-0	-0	-0	300	0	-203	-0	-0	-0	-0	300	0	200	-0
462	-0	-0	-0	1506	0	-203	-0	70.03	709.23	-49.84	2312.33	0	-171.41	2712.36	-0	-0	-0	903	0	-403	-0	-0	-0	-0	300	0	-203	-0	0	0	0	300	0	200	0
463	-0	-0	-0	1506	0	-203	-0	75.95	719.23	-51.28	2312.85	0	-171.43	2872.13	-0	-0	-0	903	0	-403	-0	0	0	0	300	0	-203	0	-0	-0	-0	300	0	200	-0
464	-0	-0	-0	1506	0	-203	-0	79.47	727.04	-53.85	2313.73	0	-170.64	2693.7	-0	-0	-0	903	0	-403	-0	0	0	0	300	0	-203	0	-0	-0	-0	300	0	200	-0
465	-0	-0	-0	1506	0	-203	-0	85.38	733.61	-54.81	2313.56	0	-170.54	2721.74	-0	-0	-0	903	0	-403	-0	-0	-0	-0	300	0	-203	-0	-0	-0	-0	300	0	200	-0
466	-0	-0	-0	1506	0	-203	-0	89.7	745.5	-56.73	2313.26	0	-170.88	2448.48	-0	-0	-0	903	0	-403	-0	-0	-0	-0	300	0	-203	-0	-0	-0	-0	300	0	200	-0
467	-0	-0	-0	1506	0	-203	-0	95.93	752.69	-57.69	2313.45	0	-171.2	2717.57	-0	-0	-0	903	0	-403	-0	-0	-0	-0	300	0	-203	-0	-0	-0	-0	300	0	200	-0
468	-0	-0	-0	1506	0	-203	-0	101.53	762.08	-58.81	2313.26	0	-171.86	2824.63	-0	-0	-0	903	0	-403	-0	-0	-0	-0	300	0	-203	-0	-0	-0	-0	300	0	200	-0
469	-0	-0	-0	1506	0	-203	-0	106.65	765.2	-60.26	2314.22	0	-171.59	2739.14	-0	-0	-0	903	0	-403	-0	-0	-0	-0	300	0	-203	-0	-0	-0	-0	300	0	200	-0
470	-0	-0	-0	1506	0	-203	-0	111.12	769.58	-62.18	2314.79	0	-171.5	2594.26	0	0	0	903	0	-403	0	-0	-0	-0	300	0	-203	-0	-0	-0	-0	300	0	200	-0
471	-0	-0	-0	1506	0	-203	-0	117.2	771.14	-63.14	2315.48	0	-171.38	2110.3	-0	-0	-0	903	0	-403	-0	-0	-0	-0	300	0	-203	-0	-0	-0	-0	300	0	200	-0
472	-0	-0	-0	1506	0	-203	-0	121.68	776.77	-62.98	2314.42	0	-171.6	2383.04	-0	-0	-0	903	0	-403	-0	-0	-0	-0	300	0	-203	-0	-0	-0	-0	300	0	200	-0
473	-0	-0	-0	1506	0	-203	-0	127.43	778.03	-63.3	2314.93	0	-172.06	2469.77	-0	-0	-0	903	0	-403	-0	0	0	0	300	0	-203	0	-0	-0	-0	300	0	200	-0
474	-0	-0	-0	1506	0	-203	-0	131.91	778.03	-63.94	2316.49	0	-172.29	2807.76	-0	-0	-0	903	0	-403	-0	-0	-0	-0	300	0	-203	-0	-0	-0	-0	300	0	200	-0
475	-0	-0	-0	1506	0	-203	-0	137.5	778.97	-64.9	2316.51	0	-172.15	2321.28	0	0	0	903	0	-403	0	-0	-0	-0	300	0	-203	-0	-0	-0	-0	300	0	200	-0
476	-0	-0	-0	1506	0	-203	-0	141.02	775.22	-65.54	2317.25	0	-172.71	2444.19	-0	-0	-0	903	0	-403	-0	-0	-0	-0	300	0	-203	-0	-0	-0	-0	300	0	200	-0
477	-0	-0	-0	1506	0	-203	-0	145.18	771.47	-65.86	2317.71	0	-172.49	2265.71	-0	-0	-0	903	0	-403	-0	-0	-0	-0	300	0	-203	-0	-0	-0	-0	300	0	200	-0
478	-0	-0	-0	1506	0	-203	-0	148.69	770.53	-64.58	2316.64	0	-173	2417.77	-0	-0	-0	903	0	-403	-0	-0	-0	-0	300	0	-203	-0	-0	-0	-0	300	0	200	-0
479	-0	-0	-0	1506	0	-203	-0	154.29	761.46	-65.06	2318.23	0	-173.41	2302.19	-0	-0	-0	903	0	-403	-0	-0	-0	-0	300	0	-203	-0	0	0	0	300	0	200	0
480	-0	-0	-0	1506	0	-203	-0	158.13	754.27	-64.26	2319.06	0	-173.73	2485.99	-0	-0	-0	903	0	-403	-0	-0	-0	-0	300	0	-203	-0	-0	-0	-0	300	0	200	-0
481	-0	-0	-0	1506	0	-203	-0	161.48	745.52	-64.58	2319.4	0	-173.7	2085.31	-0	-0	-0	903	0	-403	-0	0	0	0	300	0	-203	0	-0	-0	-0	300	0	200	-0
482	-0	-0	-0	1506	0	-203	-0	164.52	734.89	-63.46	2319.92	0	-173.82	2102.32	0	0	0	903	0	-403	0	-0	-0	-0	300	0	-203	-0	-0	-0	-0	300	0	200	-0
483	-0	-0	-0	1506	0	-203	-0	167.24	724.89	-61.54	2320.25	0	-174.01	1896.3	-0	-0	-0	903	0	-403	-0	-0	-0	-0	300	0	-203	-0	-0	-0	-0	300	0	200	-0
484	-0	-0	-0	1506	0	-203	-0	169.64	713.63	-59.93	2320.06	0	-174.7	2018.65	-0	-0	-0	903	0	-403	-0	-0	-0	-0	300	0	-203	-0	-0	-0	-0	300	0	200	-0
485	-0	-0	-0	1506	0	-203	-0	172.83	698.31	-59.29	2320.7	0	-175.27	2008.47	-0	-0	-0	903	0	-403	-0	-0	-0	-0	300	0	-203	-0	-0	-0	-0	300	0	200	-0
486	-0	-0	-0	1506	0	-203	-0	174.59	685.81	-56.89	2321.58	0	-175.8	2252.88	0	0	0	903	0	-403	0	-0	-0	-0	300	0	-203	-0	-0	-0	-0	300	0	200	-0
487	-0	-0	-0	1506	0	-203	-0	175.23	668.3	-55.45	2321.96	0	-175.99	1934.18	-0	-0	-0	903	0	-403	-0	-0	-0	-0	300	0	-203	-0	-0	-0	-0	300	0	200	-0
488	-0	-0	-0	1506	0	-203	-0	176.19	653.29	-52.09	2321.56	0	-176.5	1908.2	-0	-0	-0	903	0	-403	-0	-0	-0	-0	300	0	-203	-0	-0	-0	-0	300	0	200	-0
489	-0	-0	-0	1506	0	-203	-0	177.31	633.91	-49.68	2322.43	0	-177.51	1924.66	-0	-0	-0	903	0	-403	-0	-0	-0	-0	300	0	-203	-0	-0	-0	-0	300	0	200	-0
490	-0	-0	-0	1506	0	-203	-0	179.07	616.09	-46.8	2322.54	0	-177.34	1492.14	-0	-0	-0	903	0	-403	-0	-0	-0	-0	300	0	-203	-0	-0	-0	-0	300	0	200	-0
491	-0	-0	-0	1506	0	-203	-0	177.47	590.44	-44.23	2324.06	0	-177.66	1379.01	-0	-0	-0	903	0	-403	-0	0	0	0	300	0	-203	0	-0	-0	-0	300	0	200	-0
492	-0	-0	-0	1506	0	-203	-0	175.55	567.3	-40.71	2324.52	0	-177.91	1237.33	-0	-0	-0	903	0	-403	-0	-0	-0	-0	300	0	-203	-0	-0	-0	-0	300	0	200	-0
493	-0	-0	-0	1506	0	-203	-0	172.83	540.41	-38.14	2325.05	0	-178.23	837.36	-0	-0	-0	903	0	-403	-0	0	0	0	300	0	-203	0	-0	-0	-0	300	0	200	-0
494	-0	-0	-0	1506	0	-203	-0	168.99	511.95	-33.98	2325.33	0	-178.43	780.29	-0	-0	-0	903	0	-403	-0	-0	-0	-0	300	0	-203	-0	-0	-0	-0	300	0	200	-0
495	-0	-0	-0	1506	0	-203	-0	164.83	486.32	-29.82	2324.75	0	-179.96	1078.07	-0	-0	-0	903	0	-403	-0	-0	-0	-0	300	0	-203	-0	-0	-0	-0	300	0	200	-0
496	-0	-0	-0	1506	0	-203	-0	159.24	454.42	-25.01	2326.92	0	-180.13	891.7	-0	-0	-0	903	0	-403	-0	-0	-0	-0	300	0	-203	-0	-0	-0	-0	300	0	200	-0
497	-0	-0	-0	1506	0	-203	-0	154.44	421.27	-20.84	2326.89	0	-179.98	720.75	-0	-0	-0	903	0	-403	-0	-0	-0	-0	300	0	-203	-0	-0	-0	-0	300	0	200	-0
498	-0	-0	-0	1506	0	-203	-0	147.24	389.06	-16.52	2326.84	0	-180.52	653.23	-0	-0	-0	903	0	-403	-0	-0	-0	-0	300	0	-203	-0	0	0	0	300	0	200	0
499	-0	-0	-0	1506	0	-203	-0	139.25	350.91	-12.19	2328.05	0	-180.67	430.54	-0	-0	-0	903	0	-403	-0	-0	-0	-0	300	0	-203	-0	-0	-0	-0	300	0	200	-0
500	-0	-0	-0	1506	0	-203	-0	128.54	311.5	-7.7	2329.61	0	-180.99	86.89	-0	-0	-0	903	0	-403	-0	-0	-0	-0	300	0	-203	-0	-0	-0	-0	300	0	200	-0
501	-0	-0	-0	1506	0	-203	-0	117.51	275.23	-3.86	2332.68	0	-182.58	308.3	-0	-0	-0	903	0	-403	-0	0	0	0	300	0	-203	0	-0	-0	-0	300	0	200	-0
502	-0	-0	-0	1506	0	-203	-0	103.92	240.82	0.47	2331.79	0	-181.58	448.29	-0	-0	-0	903	0	-403	-0	-0	-0	-0	300	0	-203	-0	-0	-0	-0	300	0	200	-0
503	-0	-0	-0	1506	0	-203	-0	88.41	208.3	1.43	2336.59	0	-180.87	151.64	-0	-0	-0	903	0	-403	-0	-0	-0	-0	300	0	-203	-0	-0	-0	-0	300	0	200	-0
504	-0	-0	-0	1506	0	-203	-0	71.78	181.71	1.28	2338.3	0	-180.33	-262.79	-0	-0	-0	903	0	-403	-0	-0	-0	-0	300	0	-203	-0	0	0	0	300	0	200	0
505	-0	-0	-0	1506	0	-203	-0	55.95	158.26	2.4	2348.12	0	-182.07	-269.09	-0	-0	-0	903	0	-403	-0	-0	-0	-0	300	0	-203	-0	-0	-0	-0	300	0	200	-0
506	-0	-0	-0	1506	0	-203	-0	40.93	141.37	4.16	2344.15	0	-183.72	-65.38	-0	-0	-0	903	0	-403	-0	-0	-0	-0	300	0	-203	-0	-0	-0	-0	300	0	200	-0
507	-0	-0	-0	1506	0	-203	-0	30.85	118.85	4.48	2356.22	0	-184.33	129.36	-0	-0	-0	903	0	-403	-0	-0	-0	-0	300	0	-203	-0	-0	-0	-0	300	0	200	-0
508	-0	-0	-0	1506	0	-203	-0	23.66	105.09	3.84	2351.97	0	-187.16	200.42	-0	-0	-0	903	0	-403	-0	-0	-0	-0	300	0	-203	-0	0	0	0	300	0	200	0
509	-0	-0	-0	1506	0	-203	-0	17.11	85.07	2.24	2356.91	0	-184.28	-166.55	-0	-0	-0	903	0	-403	-0	-0	-0	-0	300	0	-203	-0	-0	-0	-0	300	0	200	-0
510	-0	-0	-0	1506	0	-203	-0	12.15	70.37	1.76	2354.65	0	-183.33	-208.67	-0	-0	-0	903	0	-403	-0	-0	-0	-0	300	0	-203	-0	-0	-0	-0	300	0	200	-0
511	-0	-0	-0	1506	0	-203	-0	9.75	56.3	0.96	2359.57	0	-186.38	-323.38	-0	-0	-0	903	0	-403	-0	-0	-0	-0	300	0	-203	-0	-0	-0	-0	300	0	200	-0
512	-0	-0	-0	1506	0	-203	-0	7.99	45.35	0.64	2358.87	0	-186.8	-237.57	-0	-0	-0	903	0	-403	-0	-0	-0	-0	300	0	-203	-0	-0	-0	-0	300	0	200	-0
513	-0	-0	-0	1506	0	-203	-0	5.12	33.77	-0.16	2390.41	0	-176.76	-236.08	-0	-0	-0	903	0	-403	-0	-0	-0	-0	300	0	-203	-0	-0	-0	-0	300	0	200	-0
514	-0	-0	-0	1506	0	-203	-0	3.84	24.4	-0.48	2398.66	0	-173.38	-309.39	-0	-0	-0	903	0	-403	-0	-0	-0	-0	300	0	-203	-0	-0	-0	-0	300	0	200	-0
515	-0	-0	-0	1506	0	-203	-0	3.36	16.89	-1.76	2370.45	0	-163.74	-514.13	-0	-0	-0	903	0	-403	-0	-0	-0	-0	300	0	-203	-0	-0	-0	-0	300	0	200	-0
516	-0	-0	-0	1506	0	-203	-0	-0	-0	-0	2109	0	-203	-0	-0	-0	-0	903	0	-403	-0	-0	-0	-0	300	0	-203	-0	-0	-0	-0	300	0	200	-0
517	-0	-0	-0	1506	0	-203	-0	-0	-0	-0	2109	0	-203	-0	-0	-0	-0	903	0	-403	-0	0	0	0	300	0	-203	0	0	0	0	300	0	200	0
518	-0	-0	-0	1506	0	-203	-0	-0	-0	-0	2109	0	-203	-0	-0	-0	-0	903	0	-403	-0	0	0	0	300	0	-203	0	-0	-0	-0	300	0	200	-0
519	-0	-0	-0	1506	0	-203	-0	-0	-0	-0	2109	0	-203	-0	-0	-0	-0	903	0	-403	-0	-0	-0	-0	300	0	-203	-0	-0	-0	-0	300	0	200	-0
520	-0	-0	-0	1506	0	-203	-0	-0	-0	-0	2109	0	-203	-0	-0	-0	-0	903	0	-403	-0	-0	-0	-0	300	0	-203	-0	-0	-0	-0	300	0	200	-0
521	-0	-0	-0	1506	0	-203	-0	-0	-0	-0	2109	0	-203	-0	-0	-0	-0	903	0	-403	-0	-0	-0	-0	300	0	-203	-0	-0	-0	-0	300	0	200	-0
522	-0	-0	-0	1506	0	-203	-0	-0	-0	-0	2109	0	-203	-0	-0	-0	-0	903	0	-403	-0	-0	-0	-0	300	0	-203	-0	-0	-0	-0	300	0	200	-0
523	-0	-0	-0	1506	0	-203	-0	-0	-0	-0	2109	0	-203	-0	-0	-0	-0	903	0	-403	-0	-0	-0	-0	300	0	-203	-0	-0	-0	-0	300	0	200	-0
524	-0	-0	-0	1506	0	-203	-0	-0	-0	-0	2109	0	-203	-0	0	0	0	903	0	-403	0	0	0	0	300	0	-203	0	0	0	0	300	0	200	0
525	-0	-0	-0	1506	0	-203	-0	-0	-0	-0	2109	0	-203	-0	-0	-0	-0	903	0	-403	-0	-0	-0	-0	300	0	-203	-0	-0	-0	-0	300	0	200	-0
526	-0	-0	-0	1506	0	-203	-0	-0	-0	-0	2109	0	-203	-0	-0	-0	-0	903	0	-403	-0	-0	-0	-0	300	0	-203	-0	-0	-0	-0	300	0	200	-0
527	-0	-0	-0	1506	0	-203	-0	-0	-0	-0	2109	0	-203	-0	-0	-0	-0	903	0	-403	-0	-0	-0	-0	300	0	-203	-0	-0	-0	-0	300	0	200	-0
528	-0	-0	-0	1506	0	-203	-0	-0	-0	-0	2109	0	-203	-0	-0	-0	-0	903	0	-403	-0	-0	-0	-0	300	0	-203	-0	-0	-0	-0	300	0	200	-0
529	-0	-0	-0	1506	0	-203	-0	-0	-0	-0	2109	0	-203	-0	0	0	0	903	0	-403	0	-0	-0	-0	300	0	-203	-0	-0	-0	-0	300	0	200	-0
530	-0	-0	-0	1506	0	-203	-0	-0	-0	-0	2109	0	-203	-0	-0	-0	-0	903	0	-403	-0	-0	-0	-0	300	0	-203	-0	-0	-0	-0	300	0	200	-0
531	-0	-0	-0	1506	0	-203	-0	-0	-0	-0	2109	0	-203	-0	-0	-0	-0	903	0	-403	-0	-0	-0	-0	300	0	-203	-0	-0	-0	-0	300	0	200	-0
532	-0	-0	-0	1506	0	-203	-0	-0	-0	-0	2109	0	-203	-0	-0	-0	-0	903	0	-403	-0	-0	-0	-0	300	0	-203	-0	-0	-0	-0	300	0	200	-0
533	-0	-0	-0	1506	0	-203	-0	-0	-0	-0	2109	0	-203	-0	-0	-0	-0	903	0	-403	-0	-0	-0	-0	300	0	-203	-0	-0	-0	-0	300	0	200	-0
534	-0	-0	-0	1506	0	-203	-0	-0	-0	-0	2109	0	-203	-0	-0	-0	-0	903	0	-403	-0	0	0	0	300	0	-203	0	-0	-0	-0	300	0	200	-0
535	-0	-0	-0	1506	0	-203	-0	-0	-0	-0	2109	0	-203	-0	-0	-0	-0	903	0	-403	-0	-0	-0	-0	300	0	-203	-0	-0	-0	-0	300	0	200	-0
536	-0	-0	-0	1506	0	-203	-0	-0	-0	-0	2109	0	-203	-0	-0	-0	-0	903	0	-403	-0	-0	-0	-0	300	0	-203	-0	0	0	0	300	0	200	0
537	-0	-0	-0	1506	0	-203	-0	-0	-0	-0	2109	0	-203	-0	-0	-0	-0	903	0	-403	-0	-0	-0	-0	300	0	-203	-0	-0	-0	-0	300	0	200	-0
538	-0	-0	-0	1506	0	-203	-0	-0	-0	-0	2109	0	-203	-0	-0	-0	-0	903	0	-403	-0	-0	-0	-0	300	0	-203	-0	-0	-0	-0	300	0	200	-0
539	-0	-0	-0	1506	0	-203	-0	-0	-0	-0	2109	0	-203	-0	-0	-0	-0	903	0	-403	-0	-0	-0	-0	300	0	-203	-0	-0	-0	-0	300	0	200	-0
540	-0	-0	-0	1506	0	-203	-0	-0	-0	-0	2109	0	-203	-0	-0	-0	-0	903	0	-403	-0	0	0	0	300	0	-203	0	-0	-0	-0	300	0	200	-0
541	-0	-0	-0	1506	0	-203	-0	-0	-0	-0	2109	0	-203	-0	-0	-0	-0	903	0	-403	-0	-0	-0	-0	300	0	-203	-0	-0	-0	-0	300	0	200	-0
542	-0	-0	-0	1506	0	-203	-0	-0	-0	-0	2109	0	-203	-0	-0	-0	-0	903	0	-403	-0	-0	-0	-0	300	0	-203	-0	-0	-0	-0	300	0	200	-0
543	-0	-0	-0	1506	0	-203	-0	-0	-0	-0	2109	0	-203	-0	-0	-0	-0	903	0	-403	-0	0	0	0	300	0	-203	0	-0	-0	-0	300	0	200	-0
544	-0	-0	-0	1506	0	-203	-0	-0	-0	-0	2109	0	-203	-0	-0	-0	-0	903	0	-403	-0	-0	-0	-0	300	0	-203	-0	-0	-0	-0	300	0	200	-0
545	-0	-0	-0	1506	0	-203	-0	-0	-0	-0	2109	0	-203	-0	-0	-0	-0	903	0	-403	-0	-0	-0	-0	300	0	-203	-0	-0	-0	-0	300	0	200	-0
546	-0	-0	-0	1506	0	-203	-0	-0	-0	-0	2109	0	-203	-0	-0	-0	-0	903	0	-403	-0	-0	-0	-0	300	0	-203	-0	-0	-0	-0	300	0	200	-0
547	-0	-0	-0	1506	0	-203	-0	-0	-0	-0	2109	0	-203	-0	-0	-0	-0	903	0	-403	-0	-0	-0	-0	300	0	-203	-0	-0	-0	-0	300	0	200	-0
548	-0	-0	-0	1506	0	-203	-0	-0	-0	-0	2109	0	-203	-0	-0	-0	-0	903	0	-403	-0	-0	-0	-0	300	0	-203	-0	-0	-0	-0	300	0	200	-0
549	-0	-0	-0	1506	0	-203	-0	-0	-0	-0	2109	0	-203	-0	-0	-0	-0	903	0	-403	-0	-0	-0	-0	300	0	-203	-0	-0	-0	-0	300	0	200	-0
550	-0	-0	-0	1506	0	-203	-0	-0	-0	-0	2109	0	-203	-0	-0	-0	-0	903	0	-403	-0	-0	-0	-0	300	0	-203	-0	-0	-0	-0	300	0	200	-0
551	-0	-0	-0	1506	0	-203	-0	-0	-0	-0	2109	0	-203	-0	-0	-0	-0	903	0	-403	-0	-0	-0	-0	300	0	-203	-0	-0	-0	-0	300	0	200	-0
552	-0	-0	-0	1506	0	-203	-0	-0	-0	-0	2109	0	-203	-0	-0	-0	-0	903	0	-403	-0	-0	-0	-0	300	0	-203	-0	-0	-0	-0	300	0	200	-0
553	-0	-0	-0	1506	0	-203	-0	-0	-0	-0	2109	0	-203	-0	-0	-0	-0	903	0	-403	-0	-0	-0	-0	300	0	-203	-0	-0	-0	-0	300	0	200	-0
554	-0	-0	-0	1506	0	-203	-0	-0	-0	-0	2109	0	-203	-0	-0	-0	-0	903	0	-403	-0	-0	-0	-0	300	0	-203	-0	-0	-0	-0	300	0	200	-0
555	-0	-0	-0	1506	0	-203	-0	-0	-0	-0	2109	0	-203	-0	-0	-0	-0	903	0	-403	-0	-0	-0	-0	300	0	-203	-0	-0	-0	-0	300	0	200	-0
556	-0	-0	-0	1506	0	-203	-0	-0	-0	-0	2109	0	-203	-0	-0	-0	-0	903	0	-403	-0	-0	-0	-0	300	0	-203	-0	0	0	0	300	0	200	0
557	-0	-0	-0	1506	0	-203	-0	-0	-0	-0	2109	0	-203	-0	0	0	0	903	0	-403	0	-0	-0	-0	300	0	-203	-0	-0	-0	-0	300	0	200	-0
558	-0	-0	-0	1506	0	-203	-0	-0	-0	-0	2109	0	-203	-0	-0	-0	-0	903	0	-403	-0	-0	-0	-0	300	0	-203	-0	-0	-0	-0	300	0	200	-0
559	-0	-0	-0	1506	0	-203	-0	-0	-0	-0	2109	0	-203	-0	-0	-0	-0	903	0	-403	-0	-0	-0	-0	300	0	-203	-0	0	0	0	300	0	200	0
560	-0	-0	-0	1506	0	-203	-0	-0	-0	-0	2109	0	-203	-0	-0	-0	-0	903	0	-403	-0	-0	-0	-0	300	0	-203	-0	-0	-0	-0	300	0	200	-0
561	-0	-0	-0	1506	0	-203	-0	-0	-0	-0	2109	0	-203	-0	-0	-0	-0	903	0	-403	-0	-0	-0	-0	300	0	-203	-0	0	0	0	300	0	200	0
562	-0	-0	-0	1506	0	-203	-0	-0	-0	-0	2109	0	-203	-0	-0	-0	-0	903	0	-403	-0	0	0	0	300	0	-203	0	-0	-0	-0	300	0	200	-0
563	-0	-0	-0	1506	0	-203	-0	-0	-0	-0	2109	0	-203	-0	-0	-0	-0	903	0	-403	-0	-0	-0	-0	300	0	-203	-0	-0	-0	-0	300	0	200	-0
564	-0	-0	-0	1506	0	-203	-0	-0	-0	-0	2109	0	-203	-0	-0	-0	-0	903	0	-403	-0	-0	-0	-0	300	0	-203	-0	-0	-0	-0	300	0	200	-0
565	-0	-0	-0	1506	0	-203	-0	-0	-0	-0	2109	0	-203	-0	-0	-0	-0	903	0	-403	-0	-0	-0	-0	300	0	-203	-0	-0	-0	-0	300	0	200	-0
566	-0	-0	-0	1506	0	-203	-0	-0	-0	-0	2109	0	-203	-0	-0	-0	-0	903	0	-403	-0	-0	-0	-0	300	0	-203	-0	-0	-0	-0	300	0	200	-0
567	-0	-0	-0	1506	0	-203	-0	-0	-0	-0	2109	0	-203	-0	-0	-0	-0	903	0	-403	-0	-0	-0	-0	300	0	-203	-0	-0	-0	-0	300	0	200	-0
568	-0	-0	-0	1506	0	-203	-0	-0	-0	-0	2109	0	-203	-0	-0	-0	-0	903	0	-403	-0	-0	-0	-0	300	0	-203	-0	-0	-0	-0	300	0	200	-0
569	-0	-0	-0	1506	0	-203	-0	-0	-0	-0	2109	0	-203	-0	-0	-0	-0	903	0	-403	-0	-0	-0	-0	300	0	-203	-0	0	0	0	300	0	200	0
570	-0	-0	-0	1506	0	-203	-0	-0	-0	-0	2109	0	-203	-0	-0	-0	-0	903	0	-403	-0	-0	-0	-0	300	0	-203	-0	-0	-0	-0	300	0	200	-0
571	-0	-0	-0	1506	0	-203	-0	-0	-0	-0	2109	0	-203	-0	-0	-0	-0	903	0	-403	-0	0	0	0	300	0	-203	0	-0	-0	-0	300	0	200	-0
572	-0	-0	-0	1506	0	-203	-0	-0	-0	-0	2109	0	-203	-0	-0	-0	-0	903	0	-403	-0	-0	-0	-0	300	0	-203	-0	-0	-0	-0	300	0	200	-0
573	-0	-0	-0	1506	0	-203	-0	-0	-0	-0	2109	0	-203	-0	-0	-0	-0	903	0	-403	-0	-0	-0	-0	300	0	-203	-0	-0	-0	-0	300	0	200	-0
574	-0	-0	-0	1506	0	-203	-0	-0	-0	-0	2109	0	-203	-0	-0	-0	-0	903	0	-403	-0	-0	-0	-0	300	0	-203	-0	-0	-0	-0	300	0	200	-0
575	-0	-0	-0	1506	0	-203	-0	-0	-0	-0	2109	0	-203	-0	-0	-0	-0	903	0	-403	-0	0	0	0	300	0	-203	0	-0	-0	-0	300	0	200	-0
576	-0	-0	-0	1506	0	-203	-0	-0	-0	-0	2109	0	-203	-0	-0	-0	-0	903	0	-403	-0	-0	-0	-0	300	0	-203	-0	0	0	0	300	0	200	0
577	-0	-0	-0	1506	0	-203	-0	-0	-0	-0	2109	0	-203	-0	-0	-0	-0	903	0	-403	-0	-0	-0	-0	300	0	-203	-0	-0	-0	-0	300	0	200	-0
578	-0	-0	-0	1506	0	-203	-0	-0	-0	-0	2109	0	-203	-0	-0	-0	-0	903	0	-403	-0	-0	-0	-0	300	0	-203	-0	-0	-0	-0	300	0	200	-0
579	-0	-0	-0	1506	0	-203	-0	-0	-0	-0	2109	0	-203	-0	-0	-0	-0	903	0	-403	-0	-0	-0	-0	300	0	-203	-0	-0	-0	-0	300	0	200	-0
580	-0	-0	-0	1506	0	-203	-0	-0	-0	-0	2109	0	-203	-0	-0	-0	-0	903	0	-403	-0	-0	-0	-0	300	0	-203	-0	-0	-0	-0	300	0	200	-0
581	-0	-0	-0	1506	0	-203	-0	-0	-0	-0	2109	0	-203	-0	-0	-0	-0	903	0	-403	-0	-0	-0	-0	300	0	-203	-0	-0	-0	-0	300	0	200	-0
582	-0	-0	-0	1506	0	-203	-0	-0	-0	-0	2109	0	-203	-0	-0	-0	-0	903	0	-403	-0	-0	-0	-0	300	0	-203	-0	0	0	0	300	0	200	0
583	-0	-0	-0	1506	0	-203	-0	-0	-0	-0	2109	0	-203	-0	-0	-0	-0	903	0	-403	-0	-0	-0	-0	300	0	-203	-0	-0	-0	-0	300	0	200	-0
584	-0	-0	-0	1506	0	-203	-0	-0	-0	-0	2109	0	-203	-0	-0	-0	-0	903	0	-403	-0	-0	-0	-0	300	0	-203	-0	-0	-0	-0	300	0	200	-0
585	-0	-0	-0	1506	0	-203	-0	-0	-0	-0	2109	0	-203	-0	-0	-0	-0	903	0	-403	-0	-0	-0	-0	300	0	-203	-0	-0	-0	-0	300	0	200	-0
586	-0	-0	-0	1506	0	-203	-0	-0	-0	-0	2109	0	-203	-0	0	0	0	903	0	-403	0	-0	-0	-0	300	0	-203	-0	-0	-0	-0	300	0	200	-0
587	-0	-0	-0	1506	0	-203	-0	-0	-0	-0	2109	0	-203	-0	-0	-0	-0	903	0	-403	-0	-0	-0	-0	300	0	-203	-0	-0	-0	-0	300	0	200	-0
588	-0	-0	-0	1506	0	-203	-0	-0	-0	-0	2109	0	-203	-0	-0	-0	-0	903	0	-403	-0	-0	-0	-0	300	0	-203	-0	-0	-0	-0	300	0	200	-0
589	-0	-0	-0	1506	0	-203	-0	-0	-0	-0	2109	0	-203	-0	-0	-0	-0	903	0	-403	-0	-0	-0	-0	300	0	-203	-0	-0	-0	-0	300	0	200	-0
590	-0	-0	-0	1506	0	-203	-0	-0	-0	-0	2109	0	-203	-0	-0	-0	-0	903	0	-403	-0	0	0	0	300	0	-203	0	-0	-0	-0	300	0	200	-0
591	-0	-0	-0	1506	0	-203	-0	-0	-0	-0	2109	0	-203	-0	0	0	0	903	0	-403	0	-0	-0	-0	300	0	-203	-0	-0	-0	-0	300	0	200	-0
592	-0	-0	-0	1506	0	-203	-0	-0	-0	-0	2109	0	-203	-0	-0	-0	-0	903	0	-403	-0	-0	-0	-0	300	0	-203	-0	-0	-0	-0	300	0	200	-0
593	-0	-0	-0	1506	0	-203	-0	-0	-0	-0	2109	0	-203	-0	0	0	0	903	0	-403	0	-0	-0	-0	300	0	-203	-0	-0	-0	-0	300	0	200	-0
594	-0	-0	-0	1506	0	-203	-0	-0	-0	-0	2109	0	-203	-0	-0	-0	-0	903	0	-403	-0	-0	-0	-0	300	0	-203	-0	-0	-0	-0	300	0	200	-0
595	-0	-0	-0	1506	0	-203	-0	-0	-0	-0	2109	0	-203	-0	-0	-0	-0	903	0	-403	-0	-0	-0	-0	300	0	-203	-0	-0	-0	-0	300	0	200	-0
596	-0	-0	-0	1506	0	-203	-0	-0	-0	-0	2109	0	-203	-0	-0	-0	-0	903	0	-403	-0	0	0	0	300	0	-203	0	-0	-0	-0	300	0	200	-0
597	-0	-0	-0	1506	0	-203	-0	-0	-0	-0	2109	0	-203	-0	-0	-0	-0	903	0	-403	-0	-0	-0	-0	300	0	-203	-0	-0	-0	-0	300	0	200	-0
598	-0	-0	-0	1506	0	-203	-0	-0	-0	-0	2109	0	-203	-0	0	0	0	903	0	-403	0	-0	-0	-0	300	0	-203	-0	-0	-0	-0	300	0	200	-0
599	-0	-0	-0	1506	0	-203	-0	-0	-0	-0	2109	0	-203	-0	-0	-0	-0	903	0	-403	-0	-0	-0	-0	300	0	-203	-0	-0	-0	-0	300	0	200	-0
600	-0	-0	-0	1506	0	-203	-0	-0	-0	-0	2109	0	-203	-0	-0	-0	-0	903	0	-403	-0	-0	-0	-0	300	0	-203	-0	-0	-0	-0	300	0	200	-0
