Time	RPelvisAngleX	RPelvisAngleY	RPelvisAngleZ	LPelvisAngleX	LPelvisAngleY	LPelvisAngleZ	RHipAngleX	RHipAngleY	RHipAngleZ	LHipAngleX	LHipAngleY	LHipAngleZ	RKneeAngleX	RKneeAngleY	RKneeAngleZ	LKneeAngleX	LKneeAngleY	LKneeAngleZ	RAnkleAngleX	RAnkleAngleY	RAnkleAngleZ	LAnkleAngleX	LAnkleAngleY	LAnkleAngleZ	RFootAngleX	RFootAngleY	RFootAngleZ	LFootAngleX	LFootAngleY	LFootAngleZ
0	-1.25666	10.1367	5.94624	0.0819112	3.76613	4.30982	-5.06094	-4.25133	24.6129	0.0379237	-2.716	33.1714	2.58875	-22.0822	-0.66486	-2.24666	-21.0678	15.7727	4.56353	4.95726	5.48359	11.2699	8.50098	9.86419	5.63281	12.9761	26.2147	6.80771	11.3133	26.1627
1	-1.13936	10.0992	5.78049	0.260892	3.95834	4.17609	-4.90766	-4.0014	24.6572	0.297432	-2.41778	33.0729	2.87863	-22.6511	0.848767	-2.22912	-21.5778	16.674	4.33833	5.05602	5.36677	11.2162	8.4906	9.10089	5.61705	13.1876	24.6935	7.07619	11.2823	24.5527
2	-0.98046	9.98798	5.63989	0.471679	4.09773	4.06995	-4.68669	-3.6378	24.7367	0.638886	-2.01614	32.8905	3.21304	-23.4098	2.56075	-2.23567	-22.1515	17.6469	4.02385	5.32934	4.2505	11.0533	8.57416	7.47173	5.83695	13.3267	21.9938	7.48067	11.1808	21.9122
3	-0.767287	9.7753	5.56814	0.70957	4.15851	4.01313	-4.3738	-3.08679	24.9028	1.0634	-1.50954	32.7026	3.54419	-24.2988	4.29022	-2.27104	-22.6575	18.7217	3.87536	5.69842	2.17811	10.7261	8.79601	5.11744	6.52105	13.344	18.4193	7.92659	10.8251	18.3643
4	-0.488673	9.42836	5.57734	0.969305	4.11329	4.01357	-3.95242	-2.34249	25.2037	1.5769	-0.936754	32.5948	3.84676	-25.0642	6.04577	-2.3373	-22.9212	19.9917	3.8663	6.12047	-0.259273	10.1093	9.10412	2.64883	7.43528	13.0451	14.5398	8.09678	10.0973	14.4001
5	-0.151423	8.92827	5.63493	1.24356	3.94532	4.05917	-3.42813	-1.45625	25.6545	2.18466	-0.350936	32.6041	4.15104	-25.3276	8.00996	-2.42033	-22.8134	21.5043	3.76576	6.44845	-2.21445	9.16518	9.29075	0.819965	8.05707	12.3052	10.9256	7.72002	9.11529	10.7122
6	0.21938	8.28512	5.68195	1.52947	3.65605	4.12707	-2.81658	-0.502713	26.2228	2.89035	0.220828	32.6903	4.50874	-24.8493	10.3611	-2.48771	-22.3449	23.1959	3.25157	6.45025	-3.11038	7.91839	9.08344	0.038395	7.88907	11.2389	7.86972	6.72951	8.20296	7.77424
7	0.595437	7.54389	5.66003	1.83593	3.2678	4.19132	-2.12462	0.415817	26.8165	3.69633	0.759006	32.7523	4.90708	-23.6699	13.0741	-2.51876	-21.6467	24.9276	2.15399	5.99432	-2.86412	6.44705	8.35754	0.243659	6.78042	10.1131	5.46578	5.2753	7.64082	5.67713
8	0.958943	6.77279	5.53442	2.17598	2.8209	4.22705	-1.35485	1.18097	27.2882	4.59115	1.22846	32.6715	5.25719	-22.0471	15.883	-2.53533	-20.8612	26.5407	0.668923	5.13613	-1.81663	4.93452	7.24798	1.09354	5.07939	9.17737	3.71107	3.66078	7.45734	4.26025
9	1.30238	6.04207	5.30896	2.5513	2.36395	4.22133	-0.53069	1.69906	27.4865	5.53623	1.60584	32.3643	5.4654	-20.302	18.4391	-2.58539	-20.081	27.8934	-0.863827	4.08833	-0.44547	3.58218	6.02756	2.21013	3.28707	8.52878	2.48682	2.16417	7.4773	3.29781
10	1.61874	5.40829	5.02334	2.9482	1.94122	4.18251	0.293167	1.92242	27.3306	6.47323	1.89608	31.8165	5.49115	-18.6966	20.5027	-2.69723	-19.3803	28.9041	-2.17437	3.11433	0.931487	2.52869	4.92063	3.33826	1.75343	8.13212	1.64277	0.950179	7.53645	2.62175
11	1.90153	4.9045	4.7354	3.34414	1.57922	4.13438	1.05875	1.84607	26.8457	7.34673	2.10656	31.0754	5.34326	-17.3645	22.0106	-2.86495	-18.8324	29.5725	-3.1028	2.39585	2.2113	1.81795	4.06072	4.37734	0.64321	7.9127	1.07781	0.0690875	7.56958	2.13935
12	2.1506	4.53743	4.4989	3.71656	1.28554	4.10292	1.73406	1.50139	26.1315	8.12033	2.22215	30.2169	5.05531	-16.3039	23.0223	-3.07314	-18.4659	29.9556	-3.61897	1.96933	3.38774	1.41127	3.50895	5.32571	-0.03346	7.80454	0.72236	-0.513724	7.56432	1.80207
13	2.36838	4.28667	4.34588	4.04777	1.05828	4.10601	2.3148	0.944927	25.2983	8.77663	2.20878	29.3094	4.66983	-15.4401	23.6421	-3.31685	-18.2219	30.1246	-3.79411	1.77644	4.46879	1.22936	3.23157	6.21231	-0.36041	7.76359	0.516677	-0.871511	7.53016	1.5781
14	2.55211	4.11216	4.28105	4.32387	0.891096	4.14968	2.8088	0.249423	24.4216	9.309	2.03945	28.393	4.23021	-14.7101	23.9698	-3.59787	-17.9804	30.1355	-3.74433	1.75358	5.45891	1.18561	3.11286	7.05896	-0.45539	7.76469	0.407287	-1.08094	7.4913	1.43734
15	2.69229	3.97025	4.29004	4.53083	0.769801	4.23071	3.22024	-0.513487	23.5362	9.71669	1.71794	27.4793	3.77389	-14.0717	24.0805	-3.91545	-17.63	30.0234	-3.58194	1.84971	6.3577	1.20295	3.03005	7.87308	-0.428253	7.79681	0.349743	-1.2073	7.46848	1.35016
16	2.7735	3.82259	4.34874	4.65271	0.671237	4.33923	3.54481	-1.29315	22.6466	10.0021	1.27669	26.5612	3.32305	-13.4686	24.0262	-4.2658	-17.1161	29.8061	-3.38545	2.00925	7.16517	1.22847	2.91455	8.65065	-0.35544	7.8557	0.31449	-1.29508	7.4688	1.2917
17	2.78472	3.64723	4.43507	4.67834	0.57227	4.46351	3.77797	-2.06132	21.7438	10.1721	0.760897	25.6256	2.88774	-12.838	23.8407	-4.6425	-16.4479	29.4919	-3.19547	2.17367	7.88653	1.23806	2.75815	9.38267	-0.276127	7.93599	0.28688	-1.3673	7.48936	1.24458
18	2.7282	3.44195	4.53373	4.60724	0.457435	4.59236	3.92432	-2.79748	20.8153	10.2402	0.211143	24.6623	2.47815	-12.1468	23.5428	-5.03836	-15.6662	29.0867	-3.02254	2.30048	8.53105	1.2249	2.58309	10.0614	-0.198023	8.0291	0.262077	-1.43474	7.52053	1.19852
19	2.61526	3.21343	4.63008	4.45003	0.318178	4.71368	3.99641	-3.4838	19.846	10.226	-0.359156	23.6652	2.10675	-11.3999	23.1416	-5.45306	-14.801	28.5977	-2.86025	2.37765	9.10708	1.19057	2.41517	10.6828	-0.11081	8.12476	0.238763	-1.50135	7.5522	1.14843
20	2.46204	2.9689	4.71161	4.22837	0.15086	4.81672	4.0117	-4.10552	18.823	10.1532	-0.968936	22.633	1.78438	-10.6358	22.6434	-5.89322	-13.8622	28.0336	-2.69696	2.42522	9.62016	1.14257	2.2749	11.2473	-0.002	8.21449	0.21479	-1.56626	7.58131	1.09233
21	2.28871	2.7104	4.77348	3.96955	-0.0460575	4.89536	3.994	-4.66637	17.7459	10.0453	-1.64835	21.5686	1.50836	-9.90117	22.0577	-6.36305	-12.8568	27.4037	-2.5207	2.48611	10.0746	1.09399	2.18222	11.7595	0.133827	8.29438	0.18708	-1.62425	7.6117	1.02969
22	2.11753	2.43494	4.81989	3.6997	-0.27487	4.95039	3.97336	-5.20294	16.6265	9.9216	-2.40633	20.4777	1.25551	-9.209	21.3985	-6.85364	-11.8077	26.7179	-2.32559	2.59904	10.4759	1.06364	2.15772	12.2266	0.291043	8.36414	0.15343	-1.66482	7.64776	0.960461
23	1.96543	2.13805	4.85909	3.43971	-0.53899	4.98878	3.97598	-5.74259	15.4776	9.79552	-3.21057	19.3673	1.00382	-8.54025	20.6773	-7.33897	-10.7588	25.9885	-2.12065	2.76609	10.8324	1.07061	2.21308	12.658	0.452583	8.42424	0.11288	-1.67623	7.69075	0.885241
24	1.83697	1.81753	4.89782	3.20224	-0.841851	5.0209	4.01254	-6.27421	14.3052	9.67464	-3.99256	18.2441	0.74738	-7.86945	19.9024	-7.78277	-9.76729	25.2316	-1.929	2.95119	11.1569	1.12547	2.34396	13.0645	0.593897	8.47478	0.0651833	-1.65264	7.74064	0.805179
25	1.7242	1.47619	4.94121	2.99123	-1.18385	5.05662	4.07656	-6.77536	13.1167	9.56048	-4.68665	17.1146	0.487303	-7.16417	19.0867	-8.15647	-8.87445	24.4643	-1.77379	3.09784	11.464	1.22629	2.52968	13.456	0.695043	8.51779	0.0107533	-1.5963	7.79792	0.720748
26	1.61191	1.1216	4.99402	2.80529	-1.55738	5.10124	4.14922	-7.23243	11.9266	9.45036	-5.26013	15.9844	0.226583	-6.40324	18.2534	-8.44799	-8.07798	23.7006	-1.66082	3.16031	11.769	1.35833	2.72725	13.8426	0.753133	8.5606	-0.0487233	-1.51516	7.86467	0.633965
27	1.48582	0.764593	5.05958	2.639	-1.94936	5.1571	4.20906	-7.64665	10.7541	9.33849	-5.69479	14.8604	-0.0292067	-5.5956	17.4308	-8.6527	-7.35161	22.9563	-1.57937	3.12996	12.0864	1.49787	2.87611	14.2388	0.779193	8.61342	-0.109827	-1.42071	7.94408	0.550944
28	1.33906	0.418717	5.13745	2.48426	-2.34568	5.2259	4.24014	-8.03483	9.61438	9.21704	-5.9887	13.7558	-0.273053	-4.76249	16.6423	-8.77495	-6.68143	22.2535	-1.5151	3.02682	12.4249	1.6288	2.94223	14.6576	0.787453	8.68076	-0.17039	-1.32154	8.03686	0.474076
29	1.17153	0.09656	5.22392	2.33481	-2.73345	5.30742	4.23342	-8.4112	8.51126	9.08092	-6.17281	12.6859	-0.494147	-3.92526	15.8972	-8.83249	-6.0646	21.6133	-1.45862	2.87954	12.7817	1.75363	2.9372	15.0983	0.790253	8.75687	-0.233797	-1.21517	8.13898	0.39426
30	0.98456	-0.195433	5.31694	2.18736	-3.10642	5.40027	4.1821	-8.76406	7.43976	8.93014	-6.28916	11.6627	-0.67521	-3.10872	15.1927	-8.84785	-5.49553	21.0494	-1.40916	2.70841	13.145	1.88248	2.88647	15.5537	0.795183	8.82983	-0.31076	-1.09451	8.24703	0.299824
31	0.779943	-0.45922	5.41765	2.04081	-3.46611	5.50224	4.08128	-9.06217	6.39287	8.76683	-6.37095	10.6896	-0.800703	-2.34119	14.5239	-8.84075	-4.9628	20.5644	-1.37005	2.5256	13.503	2.01772	2.80747	16.0188	0.803443	8.88789	-0.41376	-0.96191	8.36125	0.18437
32	0.564837	-0.7013	5.5263	1.89687	-3.81866	5.61055	3.93507	-9.28048	5.3624	8.59412	-6.43629	9.76034	-0.866197	-1.64685	13.8853	-8.82466	-4.45651	20.15	-1.34252	2.34189	13.853	2.15108	2.71156	16.4893	0.81135	8.92455	-0.546577	-0.831111	8.48229	0.0432875
33	0.351303	-0.93135	5.63965	1.75915	-4.17375	5.7237	3.75712	-9.40253	4.33611	8.41671	-6.48639	8.86495	-0.876497	-1.04465	13.2693	-8.8068	-3.97957	19.7936	-1.31793	2.16759	14.2004	2.27948	2.61155	16.9612	0.82034	8.93866	-0.703057	-0.711794	8.61053	-0.125285
34	0.15384	-1.15953	5.74972	1.63148	-4.54327	5.8411	3.5658	-9.42905	3.29796	8.2402	-6.50995	7.99416	-0.84352	-0.53978	12.6662	-8.78949	-3.54982	19.4855	-1.27911	2.0155	14.5472	2.41539	2.52374	17.4346	0.838783	8.92976	-0.877037	-0.599405	8.74775	-0.316759
35	-0.0152067	-1.39113	5.84691	1.51843	-4.93706	5.96005	3.37579	-9.38216	2.23465	8.07104	-6.49587	7.13932	-0.780617	-0.12452	12.0683	-8.77338	-3.18339	19.2195	-1.20935	1.90173	14.8896	2.57561	2.45966	17.9125	0.87589	8.89775	-1.06662	-0.482932	8.89673	-0.523574
36	-0.150447	-1.62681	5.92432	1.42479	-5.36001	6.07548	3.19303	-9.29485	1.14025	7.9145	-6.4427	6.29175	-0.698707	0.206033	11.4752	-8.75964	-2.87896	18.9918	-1.09152	1.85121	15.2243	2.7688	2.41788	18.3966	0.942133	8.84355	-1.27342	-0.354351	9.06114	-0.741046
37	-0.251897	-1.86724	5.97619	1.35381	-5.81284	6.1817	3.0192	-9.202	0.01238	7.77195	-6.35715	5.44268	-0.607503	0.46504	10.8941	-8.7485	-2.62181	18.7991	-0.915397	1.88132	15.5489	2.99372	2.38862	18.8855	1.0441	8.76998	-1.50363	-0.210806	9.24506	-0.97054
38	-0.322327	-2.11481	5.99778	1.30763	-6.29282	6.27267	2.85494	-9.12841	-1.1488	7.64174	-6.2507	4.58177	-0.515467	0.67982	10.3368	-8.73952	-2.39345	18.6373	-0.67973	1.98382	15.859	3.24803	2.36394	19.3722	1.18563	8.68397	-1.76776	-0.0487975	9.44952	-1.21981
39	-0.366033	-2.37121	5.98906	1.28639	-6.79435	6.34327	2.69891	-9.08401	-2.33535	7.51924	-6.13358	3.69857	-0.428167	0.878007	9.81953	-8.73193	-2.18513	18.5009	-0.38229	2.13525	16.1459	3.53592	2.34772	19.8464	1.37641	8.59281	-2.07986	0.138713	9.66956	-1.49887
40	-0.387203	-2.63606	5.9555	1.28731	-7.31081	6.39019	2.54858	-9.06876	-3.53123	7.39676	-6.01364	2.78442	-0.34901	1.0744	9.36015	-8.72574	-1.99787	18.3836	-0.0190533	2.31862	16.3997	3.86489	2.35382	20.2973	1.6274	8.49854	-2.45417	0.357618	9.89597	-1.81681
41	-0.390617	-2.90908	5.90243	1.30735	-7.83411	6.41119	2.40051	-9.08	-4.72158	7.26743	-5.90118	1.83283	-0.283193	1.27375	8.97312	-8.72358	-1.83193	18.2798	0.411907	2.52789	16.6117	4.24101	2.39486	20.7133	1.94287	8.39909	-2.90344	0.611185	10.1197	-2.18382
42	-0.38327	-3.1887	5.83123	1.34379	-8.35523	6.4072	2.24904	-9.12094	-5.89802	7.12681	-5.79974	0.842479	-0.23812	1.47725	8.66859	-8.72766	-1.69047	18.1871	0.91292	2.76278	16.7721	4.66752	2.4762	21.0826	2.32397	8.29365	-3.44111	0.901511	10.3335	-2.61122
43	-0.37549	-3.46876	5.7449	1.39261	-8.86414	6.38487	2.08537	-9.19778	-7.05127	6.97147	-5.70169	-0.179136	-0.220253	1.67648	8.45678	-8.73746	-1.58211	18.1078	1.48763	3.02893	16.8714	5.14466	2.59578	21.3943	2.77123	8.18262	-4.08156	1.23031	10.5305	-3.10979
44	-0.378813	-3.7407	5.64613	1.44701	-9.34918	6.35534	1.89981	-9.31829	-8.17162	6.79724	-5.59654	-1.21572	-0.235437	1.86119	8.34968	-8.7515	-1.51558	18.0484	2.13822	3.33316	16.9005	5.67176	2.74843	21.6372	3.28385	8.06573	-4.83958	1.60097	10.7027	-3.69091
45	-0.40076	-3.99887	5.53069	1.49936	-9.79387	6.32912	1.6868	-9.49376	-9.25589	6.6004	-5.48478	-2.24776	-0.29079	2.03286	8.3603	-8.77056	-1.49471	18.0179	2.86185	3.67642	16.8499	6.25013	2.93128	21.7976	3.85876	7.94356	-5.73085	2.01976	10.8402	-4.36822
46	-0.44339	-4.24103	5.39153	1.54248	-10.1784	6.30986	1.44688	-9.72665	-10.3041	6.37772	-5.37918	-3.26144	-0.393423	2.1908	8.50184	-8.79835	-1.51731	18.0261	3.64751	4.05535	16.7099	6.8825	3.14352	21.8605	4.48789	7.819	-6.7724	2.49419	10.9336	-5.1577
47	-0.507357	-4.46594	5.22897	1.56787	-10.4877	6.29085	1.18204	-10.003	-11.3084	6.12386	-5.29739	-4.25467	-0.547837	2.31964	8.78847	-8.84021	-1.57838	18.0821	4.47749	4.4673	16.4713	7.56801	3.38737	21.8109	5.15854	7.6944	-7.98182	3.02761	10.9768	-6.07718
48	-0.595697	-4.66953	5.05327	1.56524	-10.7161	6.25663	0.89233	-10.3069	-12.2493	5.83066	-5.2577	-5.23599	-0.755043	2.40568	9.23569	-8.90152	-1.6785	18.1944	5.3303	4.90673	16.1255	8.29959	3.67365	21.6342	5.8584	7.56968	-9.37688	3.61533	10.9706	-7.14689
49	-0.711983	-4.84271	4.88306	1.52464	-10.8664	6.1894	0.580063	-10.6261	-13.0965	5.48963	-5.27793	-6.21765	-1.015	2.43693	9.86214	-8.98695	-1.82788	18.373	6.17966	5.36669	15.6614	9.06568	4.02252	21.3152	6.57364	7.44281	-10.9803	4.2459	10.923	-8.38938
50	-0.856237	-4.9698	4.74212	1.43913	-10.945	6.07742	0.254577	-10.9462	-13.81	5.09585	-5.3724	-7.20528	-1.32691	2.37946	10.6914	-9.09976	-2.04411	18.6314	6.98653	5.85951	15.0562	9.85131	4.45772	20.8385	7.27683	7.30544	-12.8299	4.90433	10.8457	-9.82881
51	-1.02626	-5.02783	4.65059	1.3055	-10.957	5.92357	-0.07047	-11.2564	-14.3487	4.65141	-5.54617	-8.18579	-1.68754	2.18954	11.7496	-9.24238	-2.34905	18.9918	7.69286	6.4108	14.2699	10.6371	4.99963	20.1853	7.92496	7.14108	-14.982	5.57541	10.7476	-11.4941
52	-1.22077	-4.99174	4.6154	1.12241	-10.9025	5.75008	-0.382743	-11.5511	-14.68	4.16787	-5.79044	-9.11858	-2.09154	1.84063	13.0639	-9.41867	-2.76424	19.4876	8.23376	7.03265	13.2498	11.3958	5.6576	19.3302	8.47727	6.93129	-17.5024	6.24461	10.6292	-13.424
53	-1.43948	-4.84468	4.62532	0.888398	-10.7725	5.59343	-0.67529	-11.828	-14.7848	3.66628	-6.08519	-9.93791	-2.53351	1.32035	14.6618	-9.63535	-3.30869	20.1649	8.55832	7.73149	11.9357	12.0866	6.43199	18.2366	8.91186	6.65745	-20.4574	6.89501	10.4771	-15.6733
54	-1.68413	-4.58755	4.65396	0.603868	-10.5494	5.48814	-0.950197	-12.0831	-14.6576	3.17473	-6.41096	-10.5695	-3.00952	0.610733	16.5658	-9.90199	-3.98787	21.0779	8.62838	8.53115	10.2677	12.6506	7.31337	16.8548	9.2164	6.30021	-23.9038	7.50402	10.2657	-18.3153
55	-1.95709	-4.23969	4.67313	0.276614	-10.2141	5.44549	-1.2157	-12.3037	-14.2986	2.72347	-6.75837	-10.9562	-3.51783	-0.312527	18.7886	-10.2295	-4.78327	22.2809	8.40235	9.46191	8.20882	13.0103	8.27575	15.1271	9.3657	5.8462	-27.873	8.03909	9.96977	-21.4356
56	-2.25776	-3.83009	4.66432	-0.0762575	-9.75713	5.44339	-1.4785	-12.4758	-13.7071	2.33902	-7.12474	-11.0734	-4.0616	-1.44968	21.3337	-10.6264	-5.67131	23.8196	7.82839	10.5266	5.7742	13.0845	9.2939	12.9936	9.30828	5.29442	-32.3521	8.46001	9.57169	-25.1177
57	-2.58169	-3.39474	4.62081	-0.436478	-9.18955	5.43769	-1.74393	-12.5851	-12.8792	2.03449	-7.5	-10.9249	-4.646	-2.75283	24.1982	-11.0952	-6.65229	25.7226	6.86653	11.668	3.04749	12.8112	10.3725	10.4005	8.97889	4.66991	-37.2669	8.72954	9.05538	-29.4213
58	-2.91996	-2.97408	4.54885	-0.795164	-8.54549	5.38378	-2.01797	-12.6104	-11.8086	1.80072	-7.85397	-10.528	-5.26923	-4.13127	27.3692	-11.6293	-7.75347	27.9951	5.52943	12.7702	0.1672	12.1546	11.5479	7.32807	8.33143	4.02673	-42.4753	8.81102	8.39845	-34.3534
59	-3.25729	-2.60249	4.46523	-1.153	-7.87237	5.25394	-2.3004	-12.5353	-10.4948	1.6134	-8.14006	-9.90182	-5.9179	-5.46179	30.8159	-12.2129	-8.99631	30.6221	3.9106	13.6885	-2.6858	11.0989	12.8519	3.84936	7.37695	3.42844	-47.7621	8.65214	7.57402	-39.827
60	-3.57105	-2.29471	4.38761	-1.51159	-7.21757	5.0451	-2.57455	-12.372	-8.95488	1.4518	-8.31596	-9.05959	-6.5725	-6.6228	34.4872	-12.8272	-10.3506	33.5789	2.16998	14.2788	-5.26959	9.6529	14.2538	0.19163	6.195	2.94976	-52.8245	8.17559	6.57591	-45.6177
61	-3.83658	-2.04659	4.32887	-1.867	-6.6202	4.77706	-2.81101	-12.1554	-7.21966	1.31045	-8.36007	-8.00425	-7.21181	-7.52677	38.3132	-13.452	-11.719	36.8401	0.471173	14.3988	-7.29218	7.89269	15.6149	-3.2577	4.89014	2.69777	-57.3087	7.31544	5.46666	-51.3444
62	-4.0377	-1.85087	4.29955	-2.21066	-6.10855	4.48569	-2.986	-11.9039	-5.3215	1.19516	-8.27031	-6.73153	-7.80261	-8.12805	42.2078	-14.0577	-12.9772	40.3758	-1.05844	13.9232	-8.52401	6.02062	16.6966	-6.03832	3.55081	2.79086	-60.916	6.09781	4.41435	-56.5125
63	-4.16265	-1.69919	4.30356	-2.533	-5.69741	4.21296	-3.08198	-11.619	-3.29713	1.11365	-8.06126	-5.23944	-8.29981	-8.42437	46.0628	-14.6027	-14.0437	44.1303	-2.2727	12.8134	-8.90272	4.35791	17.2523	-7.78303	2.29652	3.2951	-63.4647	4.69904	3.65952	-60.6442
64	-4.20169	-1.57334	4.33721	-2.82403	-5.38616	3.99273	-3.08774	-11.3053	-1.1919	1.07387	-7.7664	-3.54064	-8.65733	-8.48991	49.7491	-15.0491	-14.9273	48.0008	-3.02839	11.1861	-8.49325	3.20756	17.1457	-8.35528	1.27623	4.18614	-64.8775	3.38404	3.41614	-63.4386
65	-4.15558	-1.4488	4.39536	-3.07173	-5.15919	3.83992	-3.008	-10.9565	0.948363	1.08607	-7.43692	-1.66595	-8.82627	-8.52789	53.1341	-15.3778	-15.709	51.8422	-3.3528	9.33862	-7.40914	2.66438	16.3961	-7.85547	0.53777	5.36084	-65.184	2.33088	3.78689	-64.8536
66	-4.03491	-1.30345	4.47074	-3.26278	-4.99018	3.75141	-2.86063	-10.5549	3.08317	1.1603	-7.12993	0.344335	-8.76768	-8.77852	56.1078	-15.5896	-16.4705	55.4983	-3.45384	7.62392	-5.83189	2.54839	15.1426	-6.53862	-0.01153	6.68011	-64.5478	1.50911	4.73345	-65.0779
67	-3.85661	-1.12593	4.55378	-3.3858	-4.85127	3.71363	-2.66959	-10.0762	5.18112	1.30106	-6.88606	2.44875	-8.46602	-9.35422	58.6015	-15.6912	-17.2383	58.8353	-3.50562	6.25712	-4.02344	2.53774	13.5821	-4.73135	-0.467333	8.01729	-63.2287	0.748188	6.09657	-64.4341
68	-3.63916	-0.912513	4.63344	-3.43446	-4.72084	3.70957	-2.45906	-9.50475	7.21694	1.50379	-6.7104	4.60538	-7.93107	-10.2103	60.5884	-15.6798	-17.9863	61.7547	-3.52095	5.27189	-2.23548	2.37172	11.9202	-2.75571	-0.825323	9.28303	-61.4706	-0.0973875	7.65446	-63.2511
69	-3.4016	-0.660487	4.7006	-3.40998	-4.58513	3.72396	-2.25346	-8.84514	9.17084	1.75405	-6.57415	6.77128	-7.19121	-11.2335	62.0705	-15.5424	-18.6714	64.1912	-3.44359	4.61934	-0.61498	1.95814	10.3403	-0.854661	-1.04383	10.4138	-59.4205	-1.05793	9.19085	-61.7593
70	-3.16294	-0.367123	4.75312	-3.32196	-4.43485	3.74647	-2.07624	-8.11828	11.0341	2.03021	-6.43236	8.9064	-6.28728	-12.3117	63.0643	-15.263	-19.2636	66.1069	-3.27397	4.2459	0.802193	1.37278	8.97901	0.840631	-1.14251	11.3554	-57.1383	-2.048	10.5449	-60.0528
71	-2.93834	-0.0311567	4.79633	-3.18657	-4.26253	3.77152	-1.94391	-7.35619	12.8104	2.30797	-6.24453	10.9784	-5.27246	-13.3594	63.5934	-14.8348	-19.7612	67.4867	-3.06272	4.108	2.0394	0.795539	7.91656	2.29547	-1.18621	12.0686	-54.6407	-2.91688	11.6301	-58.1167
72	-2.73756	0.343067	4.83779	-3.02443	-4.0627	3.79688	-1.8629	-6.5981	14.5069	2.56216	-5.99254	12.9669	-4.21123	-14.3281	63.6819	-14.2739	-20.1853	68.3371	-2.82382	4.17056	3.13881	0.40878	7.18607	3.53841	-1.20047	12.5405	-51.9168	-3.53147	12.4224	-55.8889
73	-2.56186	0.747163	4.88313	-2.85592	-3.83104	3.82282	-1.82846	-5.88355	16.1242	2.76846	-5.68536	14.8635	-3.16822	-15.1979	63.3508	-13.6171	-20.559	68.6832	-2.51487	4.3964	4.14728	0.31944	6.78259	4.62769	-1.15643	12.786	-48.9339	-3.83396	12.9354	-53.3138
74	-2.40294	1.17297	4.93626	-2.69462	-3.56275	3.85133	-1.82731	-5.24102	17.6565	2.90972	-5.35124	16.668	-2.1912	-15.9582	62.6171	-12.908	-20.8911	68.5612	-2.08909	4.73257	5.10896	0.545928	6.66772	5.62187	-1.02013	12.8408	-45.6586	-3.83972	13.2025	-50.3681
75	-2.24907	1.60974	4.99762	-2.54501	-3.25649	3.88447	-1.84384	-4.68308	19.0942	2.98299	-5.0173	18.383	-1.3091	-16.5962	61.4967	-12.1811	-21.1761	68.0126	-1.55259	5.10777	6.05618	1.03821	6.7718	6.5635	-0.802107	12.7535	-42.0836	-3.61146	13.2705	-47.0647
76	-2.09076	2.04489	5.06473	-2.40552	-2.91883	3.92392	-1.86576	-4.20516	20.428	2.99855	-4.69115	20.0118	-0.53061	-17.1128	60.0058	-11.4519	-21.4052	67.0796	-0.955253	5.45639	6.99535	1.71022	7.00507	7.4762	-0.54331	12.5804	-38.2392	-3.2307	13.1978	-43.4447
77	-1.92381	2.46652	5.13553	-2.2716	-2.56136	3.97182	-1.88628	-3.78817	21.6503	2.97233	-4.36776	21.557	0.153857	-17.5364	58.1587	-10.7229	-21.5737	65.8019	-0.338163	5.73046	7.90213	2.47196	7.2768	8.36725	-0.265577	12.3872	-34.1813	-2.77275	13.0494	-39.5653
78	-1.75079	2.86656	5.21085	-2.13603	-2.1957	4.0305	-1.90507	-3.40933	22.7545	2.92132	-4.04277	23.0179	0.760853	-17.9071	55.9652	-9.99546	-21.6826	64.2137	0.2819	5.88985	8.73053	3.24888	7.50923	9.22948	0.03739	12.2444	-29.977	-2.29338	12.8882	-35.4927
79	-1.57815	3.24789	5.29373	-1.99129	-1.83211	4.10143	-1.92766	-3.0525	23.7343	2.8606	-3.71247	24.3907	1.30621	-18.2691	53.4325	-9.27177	-21.7396	62.3426	0.885403	5.91215	9.42728	3.98328	7.64691	10.0425	0.36735	12.2082	-25.7004	-1.83155	12.7657	-31.2973
80	-1.4144	3.61936	5.38648	-1.83283	-1.4789	4.18408	-1.96275	-2.71273	24.5824	2.8002	-3.38461	25.6709	1.79567	-18.6633	50.5674	-8.5658	-21.752	60.2112	1.45409	5.80214	9.95039	4.6277	7.66085	10.7777	0.719473	12.3064	-21.4143	-1.41823	12.7152	-27.0497
81	-1.26931	3.98775	5.48777	-1.6612	-1.14174	4.27656	-2.02044	-2.39096	25.2878	2.74281	-3.08037	26.8555	2.22481	-19.1062	47.3786	-7.90165	-21.7163	57.8399	1.98315	5.57836	10.2769	5.14498	7.54581	11.4029	1.09462	12.5357	-17.1592	-1.0756	12.7484	-22.816
82	-1.1494	4.36214	5.59351	-1.48169	-0.821785	4.3763	-2.11143	-2.10119	25.8402	2.68386	-2.81272	27.9406	2.58301	-19.5823	43.8821	-7.29223	-21.629	55.2457	2.46111	5.27052	10.3935	5.52659	7.31727	11.8845	1.48573	12.8599	-12.9691	-0.799946	12.8576	-18.6507
83	-1.05662	4.75367	5.69795	-1.302	-0.514901	4.47957	-2.24435	-1.87693	26.2349	2.61374	-2.58684	28.9192	2.85529	-20.0441	40.108	-6.73944	-21.4942	52.4419	2.8609	4.92238	10.2911	5.80593	7.00552	12.1884	1.87415	13.2147	-8.8847	-0.550652	13.0254	-14.5907
84	-0.990373	5.16746	5.79327	-1.13032	-0.213663	4.58164	-2.42314	-1.74495	26.4706	2.52093	-2.40196	29.7829	3.03814	-20.449	36.0994	-6.23682	-21.3287	49.4406	3.1515	4.59845	9.9648	6.04301	6.6551	12.2806	2.23751	13.5225	-4.95352	-0.264021	13.2289	-10.6628
85	-0.948303	5.59799	5.86892	-0.973275	0.0908662	4.67734	-2.64481	-1.71527	26.5461	2.3963	-2.26199	30.525	3.14022	-20.7818	31.9119	-5.77963	-21.1568	46.259	3.29893	4.3774	9.42074	6.28503	6.32407	12.131	2.54505	13.7128	-1.22831	0.109376	13.4376	-6.89703
86	-0.926907	6.03306	5.9141	-0.835346	0.406396	4.76166	-2.89925	-1.7876	26.4647	2.23495	-2.17163	31.1419	3.17622	-21.0296	27.6169	-5.36291	-21.0002	42.9237	3.26893	4.30866	8.68634	6.5388	6.07199	11.7277	2.76067	13.7388	2.24536	0.577198	13.6148	-3.327
87	-0.92074	6.46683	5.92497	-0.719154	0.738212	4.82962	-3.17525	-1.95633	26.2423	2.03532	-2.12959	31.6326	3.16609	-21.1778	23.3013	-4.97712	-20.8727	39.4755	3.05391	4.39821	7.81489	6.77757	5.94666	11.0911	2.86191	13.5825	5.44843	1.10882	13.7205	0.0221325
88	-0.924847	6.89889	5.90583	-0.625595	1.08864	4.87681	-3.46209	-2.21808	25.9123	1.79876	-2.1419	32.0019	3.12625	-21.2319	19.0656	-4.61934	-20.7747	35.972	2.69365	4.64078	6.88425	6.96569	5.98143	10.2788	2.85436	13.2544	8.39802	1.65378	13.7178	3.14498
89	-0.937363	7.32656	5.86604	-0.553997	1.45624	4.89978	-3.74738	-2.56077	25.522	1.53052	-2.21577	32.2602	3.06814	-21.2318	15.0215	-4.29115	-20.7044	32.487	2.29698	5.02178	5.99266	7.08064	6.19529	9.38193	2.80136	12.8054	11.1488	2.16047	13.5814	6.06043
90	-0.95859	7.74147	5.8174	-0.501812	1.83589	4.8964	-4.0168	-2.95042	25.1247	1.24171	-2.34893	32.4232	3.00018	-21.2321	11.2834	-3.99466	-20.6604	29.1061	2.01709	5.49039	5.2405	7.12319	6.57967	8.51446	2.81533	12.3245	13.768	2.58962	13.3069	8.80888
91	-0.988607	8.13186	5.77094	-0.465239	2.21845	4.86663	-4.25837	-3.33535	24.7676	0.948891	-2.52462	32.5109	2.9319	-21.2492	7.95743	-3.73132	-20.6281	25.9182	1.96223	5.94165	4.7061	7.12646	7.07921	7.79571	2.98187	11.9012	16.2893	2.9329	12.9151	11.4445
92	-1.02496	8.48656	5.73386	-0.439417	2.59208	4.81398	-4.46324	-3.6595	24.4823	0.671031	-2.7157	32.5479	2.87284	-21.2329	5.13059	-3.50067	-20.5741	23.0068	2.14087	6.23157	4.42325	7.15449	7.59611	7.32462	3.30817	11.588	18.6813	3.22197	12.4491	14.016
93	-1.05953	8.79814	5.70782	-0.418629	2.94613	4.74516	-4.61762	-3.8821	24.283	0.425671	-2.89941	32.5628	2.8223	-21.1329	2.86409	-3.3021	-20.462	20.4501	2.50503	6.26538	4.37011	7.276	8.02877	7.15889	3.75781	11.3921	20.8547	3.50817	11.9606	16.5396
94	-1.0795	9.05969	5.68601	-0.396719	3.27253	4.66697	-4.70034	-3.9886	24.1735	0.227809	-3.05231	32.5845	2.77015	-20.9906	1.20073	-3.13063	-20.2889	18.3244	3.0067	6.09354	4.48198	7.53198	8.3153	7.30438	4.29669	11.2926	22.6938	3.83386	11.4956	18.9773
95	-1.07182	9.26408	5.65406	-0.366046	3.56676	4.5843	-4.69682	-3.98669	24.1504	0.090775	-3.14528	32.6368	2.71844	-20.9088	0.175423	-2.9761	-20.1024	16.7038	3.58157	5.86167	4.68142	7.92725	8.44535	7.71172	4.87892	11.2594	24.0775	4.22573	11.0919	21.2301
96	-1.02775	9.40702	5.59849	-0.318794	3.82834	4.49884	-4.61072	-3.88371	24.2003	0.0250025	-3.1545	32.7296	2.69521	-20.9701	-0.19415	-2.83087	-19.9774	15.6458	4.13301	5.68471	4.88743	8.4305	8.4465	8.28173	5.44116	11.2691	24.8831	4.6895	10.778	23.1479
97	-0.941803	9.48755	5.51457	-0.248611	4.05974	4.41048	-4.45287	-3.68223	24.2992	0.0352925	-3.07831	32.8517	2.73586	-21.202	0.06554	-2.6954	-19.9735	15.1635	4.57574	5.59643	4.99327	8.96903	8.36958	8.87695	5.94552	11.3081	24.9917	5.19515	10.5638	24.556
98	-0.808597	9.50457	5.40881	-0.150631	4.26323	4.3199	-4.22742	-3.38825	24.4227	0.120864	-2.92975	32.9717	2.85626	-21.5914	0.870717	-2.57359	-20.1248	15.2052	4.85709	5.59657	4.88094	9.42701	8.27293	9.33917	6.37885	11.3516	24.3265	5.66665	10.4395	25.2915
99	-0.62623	9.45312	5.29292	-0.0215238	4.43915	4.2293	-3.93373	-3.01658	24.5554	0.279696	-2.71225	33.0481	3.0458	-22.0754	2.10751	-2.46628	-20.4471	15.6587	4.90728	5.70039	4.52128	9.66765	8.19768	9.51906	6.67192	11.3229	22.9256	5.99853	10.3844	25.2404
100	-0.40355	9.32737	5.17342	0.138529	4.5865	4.14185	-3.57466	-2.58618	24.6893	0.510354	-2.42193	33.044	3.2832	-22.5053	3.67984	-2.37422	-20.9228	16.3819	4.67347	5.87911	4.02557	9.61161	8.14644	9.29797	6.72923	11.1283	20.9594	6.1311	10.3802	24.3656
