Time	RPelvisAngleX	RPelvisAngleY	RPelvisAngleZ	LPelvisAngleX	LPelvisAngleY	LPelvisAngleZ	RHipAngleX	RHipAngleY	RHipAngleZ	LHipAngleX	LHipAngleY	LHipAngleZ	RKneeAngleX	RKneeAngleY	RKneeAngleZ	LKneeAngleX	LKneeAngleY	LKneeAngleZ	RAnkleAngleX	RAnkleAngleY	RAnkleAngleZ	LAnkleAngleX	LAnkleAngleY	LAnkleAngleZ	RFootAngleX	RFootAngleY	RFootAngleZ	LFootAngleX	LFootAngleY	LFootAngleZ
0	1.61234	0.856157	14.0121	-0.907698	-1.13289	13.1419	-0.607685	-3.08467	28.9131	-1.49093	-8.10401	28.1402	4.1133	-31.9979	4.04224	2.22827	-16.9211	0.0420088	14.6945	24.0745	2.3096	2.87838	18.484	3.57872	13.506	10.7616	21.2809	1.95799	8.01123	19.7854
1	1.85076	1.08641	13.9919	-0.691307	-0.779914	13.1702	-0.341281	-3.21609	28.6463	-1.24109	-8.17325	27.917	4.11557	-32.4818	4.80666	2.0164	-17.0134	0.97758	14.6737	24.3295	2.28443	2.72173	18.0884	3.53459	13.6186	10.8487	20.2756	2.0235	8.17934	18.4667
2	2.14506	1.27292	13.9552	-0.43185	-0.476337	13.1947	0.0361996	-3.38594	28.3967	-0.922956	-8.22005	27.6473	4.09903	-32.4266	5.8483	1.79235	-16.9055	1.93504	14.1668	23.5272	1.98691	2.24329	17.2521	2.86949	13.591	11.4512	18.4312	2.07013	8.57988	16.3763
3	2.50353	1.41527	13.9139	-0.108404	-0.238186	13.2129	0.465729	-3.46948	28.0635	-0.565842	-8.14824	27.2449	4.12365	-32.133	6.64958	1.66593	-16.741	2.47693	13.6298	22.1127	1.1947	1.77941	16.1588	1.5429	13.8448	12.3553	16.2621	2.37712	9.07209	13.988
4	2.91639	1.5162	13.8617	0.288338	-0.0748108	13.2078	0.883646	-3.39171	27.5999	-0.198438	-7.9443	26.705	4.19592	-31.909	7.01841	1.66292	-16.5032	2.58219	13.2698	20.8658	0.153096	1.53148	15.0894	-0.0114212	14.3027	13.0251	14.2728	2.90452	9.35018	11.8072
5	3.35818	1.58449	13.7841	0.742684	0.0165984	13.1639	1.25029	-3.1735	27.0485	0.158798	-7.68921	26.1141	4.32524	-31.8263	7.15476	1.7384	-16.0701	2.59369	12.9619	20.3079	-0.750767	1.59542	14.2469	-1.43383	14.6417	13.0204	12.5896	3.58497	9.19236	9.94298
6	3.80162	1.63048	13.6889	1.21847	0.0536296	13.0873	1.57052	-2.88797	26.5072	0.495696	-7.47812	25.5785	4.50714	-31.7989	7.37554	1.82883	-15.404	2.8479	12.5701	20.4403	-1.33203	1.95613	13.6798	-2.64632	14.7024	12.3257	11.0736	4.38927	8.6222	8.20658
7	4.2307	1.66705	13.5991	1.67854	0.0678056	12.9945	1.88451	-2.60013	26.0376	0.812799	-7.33997	25.1289	4.70407	-31.6473	7.8398	1.89754	-14.5514	3.42662	12.0437	20.783	-1.43079	2.32905	13.2362	-3.53176	14.4061	11.2981	9.69813	5.04047	7.85777	6.52067
8	4.64316	1.71143	13.5264	2.10396	0.09688	12.8969	2.23784	-2.34801	25.616	1.12031	-7.23824	24.7008	4.86631	-31.173	8.47717	1.94846	-13.5956	4.15365	11.4812	20.7401	-0.98114	2.37186	12.6706	-3.93821	13.8316	10.365	8.58622	5.20312	7.16254	5.01761
9	5.03506	1.78278	13.4631	2.49605	0.175568	12.799	2.64211	-2.14705	25.1571	1.43195	-7.13462	24.2003	4.96662	-30.3703	9.08682	2.0114	-12.6766	4.79037	10.957	20.13	-0.147825	1.98064	11.9076	-3.85593	13.1388	9.7097	7.77999	4.82438	6.67995	3.85057
10	5.38936	1.89822	13.3902	2.86512	0.325202	12.6994	3.06573	-1.98335	24.5758	1.7623	-7.01337	23.5681	5.02763	-29.5465	9.49135	2.10583	-11.9761	5.19787	10.3481	19.3006	0.815667	1.20717	11.135	-3.41922	12.3469	9.26694	7.17312	4.03685	6.36413	3.02913
11	5.68488	2.06569	13.2952	3.21846	0.549354	12.5915	3.46582	-1.81848	23.8401	2.11866	-6.86078	22.7892	5.0955	-29.0997	9.62627	2.22993	-11.6275	5.34169	9.56037	18.6935	1.72971	0.159806	10.5609	-2.80004	11.445	8.96173	6.66039	3.00566	6.1216	2.45993
12	5.91341	2.28015	13.1793	3.55589	0.839132	12.4699	3.81808	-1.63011	22.9805	2.48922	-6.66014	21.8789	5.1897	-29.1641	9.53293	2.37748	-11.6601	5.24131	8.65028	18.4429	2.53575	-0.975116	10.218	-2.13852	10.4901	8.78813	6.19957	1.93198	5.94296	2.04875
13	6.08457	2.5252	13.0506	3.86934	1.17965	12.3348	4.11725	-1.43237	22.0596	2.83921	-6.40876	20.873	5.29891	-29.5231	9.30416	2.55113	-11.9938	4.94765	7.72852	18.3775	3.25557	-1.99888	10.0217	-1.51311	9.56046	8.72759	5.7779	1.0019	5.84878	1.74179
14	6.21808	2.77788	12.9159	4.14655	1.55184	12.1916	4.3655	-1.24751	21.1328	3.12455	-6.13655	19.8177	5.41211	-29.8502	9.02854	2.76034	-12.4743	4.53285	6.88713	18.2637	3.92704	-2.78326	9.88736	-0.94343	8.72289	8.72194	5.39555	0.322123	5.8197	1.51984
15	6.3338	3.01516	12.7779	4.37584	1.92931	12.0461	4.56907	-1.1099	20.2294	3.31463	-5.8916	18.7511	5.52788	-29.9493	8.76415	3.01107	-12.9613	4.06712	6.19381	18.0025	4.56603	-3.27822	9.78208	-0.42004	8.03279	8.72331	5.06365	-0.0746484	5.82069	1.37561
16	6.44235	3.21727	12.6359	4.54843	2.27845	11.9019	4.73796	-1.04489	19.3508	3.40637	-5.70882	17.6924	5.64701	-29.8283	8.53075	3.29556	-13.3738	3.59456	5.69175	17.6514	5.16591	-3.499	9.7095	0.0708516	7.52554	8.72392	4.79514	-0.213776	5.83067	1.29855
17	6.53957	3.36921	12.4895	4.65727	2.56627	11.7608	4.88226	-1.02433	18.4795	3.42055	-5.592	16.6438	5.76721	-29.6222	8.31192	3.58981	-13.6752	3.12685	5.38071	17.3186	5.71739	-3.51769	9.67602	0.537421	7.19436	8.73655	4.59229	-0.171652	5.83828	1.27116
18	6.60867	3.46475	12.3434	4.69359	2.77185	11.6259	5.00771	-0.988375	17.5988	3.38511	-5.50875	15.6025	5.87909	-29.4597	8.07741	3.86072	-13.8837	2.6557	5.21225	17.0681	6.22158	-3.4318	9.68867	0.984827	6.98854	8.7708	4.44297	-0.0463728	5.84013	1.27358
19	6.62821	3.50765	12.207	4.64895	2.89371	11.5052	5.1137	-0.905235	16.7096	3.32166	-5.41416	14.5751	5.96513	-29.3857	7.8126	4.07687	-14.0755	2.17583	5.11248	16.9048	6.68971	-3.32342	9.77029	1.42114	6.83538	8.8279	4.32537	0.0793952	5.84352	1.28808
20	6.58079	3.50847	12.0899	4.52027	2.94399	11.4097	5.19383	-0.788298	15.8318	3.24166	-5.28676	13.5859	6.00754	-29.3821	7.53629	4.21728	-14.321	1.70688	5.01613	16.8149	7.1387	-3.24118	9.94317	1.85886	6.66836	8.90073	4.21404	0.154258	5.85979	1.29918
21	6.45926	3.47919	11.9974	4.31136	2.9344	11.3506	5.23863	-0.671684	14.9973	3.14669	-5.14743	12.6769	5.99916	-29.4112	7.29753	4.27588	-14.6189	1.30186	4.88803	16.7897	7.58915	-3.20277	10.2063	2.3166	6.44678	8.97582	4.08691	0.155041	5.89324	1.29547
22	6.27114	3.42893	11.9297	4.03561	2.86916	11.3336	5.24378	-0.5907	14.2402	3.03594	-5.05125	11.8943	5.94453	-29.4321	7.15664	4.26016	-14.8829	1.03104	4.71892	16.8193	8.06393	-3.20181	10.5241	2.81272	6.15354	9.04029	3.93015	0.082718	5.93846	1.27088
23	6.03597	3.36295	11.8825	3.7156	2.74755	11.3565	5.21513	-0.571004	13.5847	2.91287	-5.05365	11.2683	5.85233	-29.4002	7.16044	4.18516	-15.0098	0.94934	4.52267	16.8774	8.57961	-3.21479	10.8503	3.35672	5.79643	9.08863	3.74148	-0.0418768	5.98826	1.22485
24	5.77625	3.28478	11.8496	3.37678	2.56986	11.4087	5.16475	-0.616727	13.0357	2.78463	-5.17701	10.7965	5.73033	-29.2756	7.32254	4.06716	-14.9501	1.06859	4.3281	16.9176	9.14027	-3.21277	11.1548	3.94745	5.40493	9.12357	3.52901	-0.189482	6.04034	1.16312
25	5.50814	3.2006	11.8267	3.04025	2.34415	11.4777	5.10354	-0.709428	12.5806	2.65915	-5.39146	10.4456	5.58341	-29.0397	7.62074	3.91983	-14.7334	1.35095	4.15888	16.8908	9.74006	-3.17554	11.4257	4.57397	5.01106	9.14999	3.306	-0.335136	6.09538	1.09445
26	5.23897	3.12111	11.8119	2.71676	2.09103	11.5536	5.03751	-0.823124	12.1946	2.53893	-5.63266	10.1645	5.41333	-28.7114	8.01309	3.75622	-14.4426	1.72556	4.03101	16.7781	10.3669	-3.09857	11.6614	5.21858	4.64019	9.17159	3.08518	-0.464343	6.153	1.02616
27	4.96997	3.0578	11.8024	2.40736	1.84197	11.63	4.96808	-0.938775	11.8448	2.41939	-5.84422	9.90036	5.22215	-28.34	8.45355	3.58954	-14.1696	2.11721	3.95593	16.5975	11.0092	-2.98654	11.87	5.86394	4.30902	9.19315	2.87795	-0.570546	6.21163	0.962992
28	4.69949	3.01801	11.7943	2.1088	1.62878	11.7004	4.89278	-1.04661	11.497	2.29317	-6.00092	9.611	5.01648	-27.9815	8.89787	3.43057	-13.9819	2.47194	3.93157	16.3866	11.6588	-2.84552	12.0644	6.4986	4.01804	9.21982	2.69287	-0.652496	6.27147	0.90637
29	4.42614	3.00221	11.785	1.81879	1.47113	11.7584	4.80732	-1.13379	11.1245	2.15636	-6.10408	9.27219	4.80986	-27.6875	9.30799	3.28469	-13.9012	2.76762	3.95145	16.1848	12.3059	-2.68145	12.2468	7.11747	3.76335	9.25428	2.53221	-0.712872	6.33521	0.854009
30	4.15174	3.0053	11.7722	1.53734	1.3698	11.8015	4.70987	-1.18668	10.7109	2.01067	-6.16684	8.88175	4.61777	-27.4868	9.6607	3.15118	-13.9057	3.00992	4.00301	16.0174	12.9364	-2.50106	12.4079	7.7233	3.53727	9.29447	2.38601	-0.758066	6.40306	0.803776
31	3.87967	3.01728	11.7575	1.26568	1.30973	11.8337	4.60228	-1.19542	10.2569	1.86105	-6.20491	8.4548	4.44878	-27.3789	9.95414	3.02557	-13.955	3.21972	4.0627	15.8919	13.5403	-2.31397	12.5417	8.32416	3.32056	9.33254	2.23646	-0.799591	6.47015	0.753896
32	3.61336	3.02741	11.747	1.00495	1.26981	11.8644	4.48906	-1.16143	9.77728	1.71295	-6.23096	8.01451	4.3	-27.3335	10.202	2.9024	-14.0071	3.41932	4.11386	15.7949	14.1157	-2.13404	12.6444	8.92533	3.09839	9.36168	2.07122	-0.851751	6.53077	0.699523
33	3.35699	3.03049	11.7488	0.755621	1.23248	11.9046	4.37672	-1.10049	9.29066	1.57021	-6.25366	7.58209	4.16167	-27.2994	10.4209	2.77775	-14.0261	3.62253	4.14325	15.6931	14.6671	-1.97401	12.7083	9.52706	2.86231	9.38197	1.88497	-0.92466	6.58252	0.635728
34	3.11312	3.02667	11.7712	0.517459	1.18854	11.9645	4.27019	-1.03048	8.81244	1.4331	-6.27876	7.1707	4.02584	-27.2385	10.6204	2.6514	-13.9961	3.83151	4.13433	15.5595	15.2011	-1.83357	12.731	10.1256	2.60277	9.39825	1.67591	-1.01502	6.62684	0.5612
35	2.8847	3.02021	11.8196	0.291035	1.13594	12.0537	4.17342	-0.966827	8.34847	1.30112	-6.30692	6.78732	3.88902	-27.1458	10.7995	2.52545	-13.9299	4.04115	4.08502	15.3944	15.7229	-1.69436	12.7259	10.7144	2.31888	9.4159	1.44877	-1.10392	6.66654	0.477427
36	2.67445	3.0172	11.896	0.0788664	1.07852	12.1793	4.08736	-0.915026	7.8953	1.17529	-6.33649	6.4342	3.75372	-27.0435	10.95	2.40347	-13.8509	4.24374	4.03077	15.2152	16.2338	-1.53726	12.7102	11.2877	2.03932	9.44022	1.21992	-1.17228	6.70265	0.386526
37	2.48422	3.02249	12.001	-0.11499	1.02413	12.3436	4.0102	-0.87008	7.44584	1.05817	-6.36632	6.10777	3.62762	-26.9606	11.0635	2.2895	-13.7768	4.4315	4.01817	15.0377	16.7315	-1.35744	12.6917	11.8443	1.8034	9.4769	1.0057	-1.21481	6.7372	0.290112
38	2.31688	3.03837	12.1334	-0.285403	0.979748	12.5426	3.94113	-0.823876	6.99287	0.953497	-6.39415	5.79812	3.51909	-26.9159	11.1322	2.18693	-13.7246	4.59746	4.06397	14.8693	17.2092	-1.16082	12.6745	12.3867	1.62739	9.52934	0.806615	-1.23858	6.77418	0.188715
39	2.17632	3.06379	12.2877	-0.428396	0.947032	12.7669	3.88133	-0.767729	6.52665	0.864229	-6.41464	5.48956	3.43402	-26.9182	11.1494	2.09917	-13.7082	4.73447	4.15656	14.7182	17.6577	-0.956682	12.663	12.9162	1.5038	9.59251	0.611042	-1.25389	6.81687	0.0810104
40	2.06511	3.09418	12.4517	-0.542406	0.921889	13.0017	3.83218	-0.696064	6.0325	0.791916	-6.42122	5.16163	3.37553	-26.9658	11.1131	2.02936	-13.7396	4.83591	4.28615	14.5911	18.0704	-0.747402	12.6665	13.4314	1.4263	9.65922	0.409121	-1.26392	6.86621	-0.0346588
41	1.98191	3.12234	12.6097	-0.629812	0.895342	13.2277	3.79258	-0.606157	5.49543	0.735862	-6.40663	4.79255	3.34416	-27.0548	11.0297	1.97827	-13.8298	4.90081	4.45917	14.494	18.4434	-0.525101	12.6996	13.9305	1.40087	9.72571	0.195784	-1.26319	6.92039	-0.159666
42	1.91972	3.13842	12.7473	-0.6989	0.854148	13.4248	3.75723	-0.498527	4.90803	0.690426	-6.3629	4.36642	3.33626	-27.1788	10.9177	1.94256	-13.983	4.94004	4.68847	14.4343	18.7749	-0.276755	12.775	14.413	1.43604	9.78929	-0.0350679	-1.24295	6.976	-0.297321
43	1.86544	3.12718	12.8552	-0.762671	0.782536	13.5791	3.71681	-0.376589	4.27574	0.644812	-6.28584	3.88194	3.34139	-27.3243	10.8105	1.91436	-14.1895	4.97913	4.98472	14.421	19.0683	0.0090572	12.8983	14.8828	1.53316	9.84376	-0.29139	-1.19819	7.0284	-0.452788
44	1.80311	3.06771	12.9326	-0.834701	0.665792	13.6897	3.66018	-0.244605	3.62005	0.58773	-6.17918	3.3589	3.34392	-27.4673	10.752	1.88028	-14.4251	5.05629	5.34539	14.4603	19.3325	0.341668	13.0665	15.3467	1.67907	9.8791	-0.583525	-1.12748	7.07275	-0.633275
45	1.71969	2.93875	12.987	-0.925352	0.49254	13.7671	3.57843	-0.109797	2.97551	0.51168	-6.0514	2.8341	3.32677	-27.5717	10.7891	1.82338	-14.6564	5.21467	5.75693	14.5489	19.5742	0.729151	13.2679	15.8081	1.85469	9.88485	-0.926627	-1.02851	7.10405	-0.848598
46	1.6089	2.7262	13.029	-1.04027	0.259865	13.8262	3.46858	0.0163904	2.37907	0.4123	-5.91611	2.34723	3.27303	-27.6021	10.9643	1.72864	-14.8508	5.49164	6.21599	14.6775	19.7937	1.17777	13.4889	16.2642	2.05421	9.85455	-1.33574	-0.896858	7.11714	-1.11086
47	1.47197	2.4321	13.0666	-1.17908	-0.0199344	13.8769	3.33365	0.117035	1.85727	0.287524	-5.79481	1.9239	3.16975	-27.5376	11.3055	1.58789	-14.9853	5.90981	6.72838	14.8362	19.9873	1.68979	13.7186	16.7029	2.28278	9.78752	-1.82138	-0.726745	7.10758	-1.43666
48	1.31444	2.07647	13.1029	-1.33734	-0.319882	13.9182	3.17836	0.175508	1.41992	0.136275	-5.71387	1.56655	3.01458	-27.3754	11.8171	1.40075	-15.0462	6.47344	7.2945	15.0157	20.1489	2.26238	13.9478	17.1045	2.54709	9.68695	-2.39045	-0.511182	7.07063	-1.84637
49	1.14076	1.68896	13.1377	-1.51492	-0.610366	13.942	3.00362	0.182363	1.06097	-0.0479744	-5.69002	1.25837	2.81391	-27.1345	12.4859	1.17223	-15.045	7.17139	7.91527	15.2135	20.2662	2.89489	14.1818	17.4447	2.85689	9.5578	-3.0505	-0.241548	7.00155	-2.3608
50	0.950947	1.29967	13.1696	-1.72066	-0.870776	13.9412	2.80511	0.136049	0.766392	-0.278465	-5.72169	0.979098	2.5754	-26.8548	13.2931	0.908679	-15.0285	7.98564	8.59867	15.4404	20.3196	3.59501	14.4497	17.6944	3.22425	9.40482	-3.81453	0.0935508	6.89809	-3.00148
51	0.737845	0.933697	13.1984	-1.96937	-1.09156	13.9175	2.57392	0.039965	0.521973	-0.568574	-5.79643	0.72095	2.30312	-26.58	14.2191	0.612921	-15.0531	8.90114	9.35168	15.7135	20.2769	4.37277	14.7878	17.8175	3.6614	9.23065	-4.70527	0.507581	6.76121	-3.79441
52	0.48654	0.610482	13.2244	-2.27473	-1.26932	13.8815	2.29832	-0.0972717	0.318971	-0.923967	-5.9025	0.49301	1.99742	-26.3456	15.2488	0.280649	-15.1575	9.91263	10.1741	16.0481	20.0942	5.22969	15.2187	17.7716	4.182	9.03416	-5.75493	1.01152	6.59598	-4.7731
53	0.179502	0.346804	13.2439	-2.63962	-1.40324	13.8393	1.96796	-0.26165	0.152586	-1.33774	-6.03038	0.310276	1.65968	-26.1767	16.376	-0.0925036	-15.3536	11.0301	11.0516	16.4486	19.7246	6.14716	15.7375	17.5179	4.79663	8.81362	-7.00393	1.60736	6.41493	-5.97739
54	-0.193603	0.154997	13.244	-3.0503	-1.49628	13.7839	1.57712	-0.430262	0.0176537	-1.79123	-6.1656	0.182716	1.30256	-26.0929	17.6116	-0.49897	-15.6526	12.2828	11.9477	16.8992	19.1364	7.08876	16.3333	17.0343	5.49893	8.57915	-8.49649	2.28447	6.23672	-7.44476
55	-0.624415	0.0370621	13.2107	-3.48199	-1.5567	13.7074	1.12905	-0.571643	-0.0804992	-2.26253	-6.28636	0.129457	0.957832	-26.1322	18.9917	-0.920574	-16.1028	13.7186	12.8102	17.3933	18.324	8.02055	17.0361	16.3148	6.25583	8.35123	-10.273	3.02311	6.07342	-9.20383
56	-1.08549	-0.0204775	13.1444	-3.9111	-1.59663	13.6191	0.63946	-0.658972	-0.106728	-2.73745	-6.3765	0.197017	0.661068	-26.364	20.5774	-1.34258	-16.7531	15.3978	13.5992	17.985	17.2845	8.90526	17.9039	15.3565	7.02596	8.13932	-12.3697	3.79222	5.91863	-11.2818
57	-1.54268	-0.0470113	13.0569	-4.32574	-1.63187	13.5362	0.13055	-0.689723	0.00105167	-3.21843	-6.44268	0.446152	0.430242	-26.822	22.4461	-1.76207	-17.5759	17.3793	14.27	18.7432	16.0034	9.67708	18.9563	14.151	7.76784	7.94226	-14.8314	4.54748	5.7552	-13.7178
58	-1.971	-0.0788704	12.9589	-4.72269	-1.68092	13.4658	-0.381723	-0.696182	0.311671	-3.71599	-6.51843	0.924778	0.261578	-27.4615	24.6717	-2.18753	-18.4617	19.7043	14.7416	19.6894	14.4586	10.2249	20.1507	12.693	8.43433	7.7679	-17.7176	5.22362	5.57286	-16.5629
59	-2.36462	-0.14964	12.8566	-5.09559	-1.76164	13.3989	-0.896346	-0.723713	0.880074	-4.22971	-6.64369	1.65015	0.137527	-28.2181	27.2943	-2.63562	-19.2951	22.3804	14.9079	20.8169	12.6217	10.4012	21.4185	10.9971	8.97943	7.63769	-21.087	5.72566	5.37454	-19.8612
60	-2.73244	-0.282789	12.7507	-5.42856	-1.88738	13.3192	-1.42063	-0.800768	1.72816	-4.73859	-6.8363	2.60927	0.0337125	-29.0578	30.2955	-3.12446	-20.0197	25.3727	14.6525	22.1089	10.4742	10.0559	22.7025	9.10789	9.35706	7.57303	-24.9732	5.94056	5.16716	-23.6259
61	-3.08547	-0.487415	12.6379	-5.70523	-2.06341	13.2183	-1.95502	-0.927957	2.83985	-5.21103	-7.0807	3.77511	-0.0803625	-29.9485	33.5983	-3.66845	-20.6264	28.6127	13.8542	23.503	8.04982	9.07703	23.9459	7.10713	9.50743	7.5781	-29.3629	5.76379	4.95077	-27.8162
62	-3.42761	-0.75957	12.5146	-5.921	-2.2838	13.0989	-2.48308	-1.09018	4.17188	-5.62061	-7.34626	5.11698	-0.2454	-30.7941	37.094	-4.27744	-21.0891	32.0147	12.4356	24.8416	5.46776	7.44573	25.0414	5.11921	9.36971	7.63744	-34.1704	5.14126	4.73329	-32.3112
63	-3.75345	-1.08653	12.3811	-6.08533	-2.53202	12.9691	-2.97112	-1.28668	5.67075	-5.95283	-7.61256	6.59834	-0.512106	-31.4437	40.6824	-4.95563	-21.3443	35.4926	10.4663	25.9026	2.92614	5.30116	25.8132	3.30291	8.93506	7.74559	-39.2008	4.11749	4.56732	-36.8847
64	-4.04943	-1.44962	12.2404	-6.21572	-2.78566	12.8344	-3.37704	-1.53888	7.28311	-6.20367	-7.87757	8.1756	-0.917548	-31.773	44.2923	-5.69804	-21.3533	38.974	8.25348	26.4635	0.661597	2.97587	26.0696	1.82543	8.32248	7.96361	-44.1104	2.8702	4.57825	-41.2017
65	-4.30282	-1.82592	12.0963	-6.32863	-3.0217	12.6958	-3.67084	-1.85945	8.95953	-6.37563	-8.14541	9.80295	-1.44394	-31.7744	47.8699	-6.48003	-21.1812	42.4	6.26708	26.3622	-1.07861	0.923512	25.6898	0.826276	7.75105	8.44055	-48.4314	1.68328	4.94574	-44.8776
66	-4.50443	-2.18715	11.9511	-6.43168	-3.21987	12.5522	-3.84387	-2.23118	10.6546	-6.47373	-8.41099	11.439	-2.00825	-31.6028	51.3537	-7.24886	-21.0129	45.7084	4.86727	25.5785	-2.0533	-0.52057	24.6991	0.394847	7.35664	9.35562	-51.7163	0.782407	5.82501	-47.6178
67	-4.64351	-2.50042	11.8068	-6.51968	-3.36688	12.4051	-3.90149	-2.62144	12.3279	-6.50152	-8.65619	13.0521	-2.50101	-31.5251	54.6587	-7.93575	-21.0943	48.8174	4.07992	24.2933	-2.11103	-1.37717	23.3113	0.552272	7.06435	10.7956	-53.7426	0.141455	7.24687	-49.3544
68	-4.70764	-2.73845	11.6671	-6.57535	-3.45852	12.2607	-3.85585	-2.99742	13.9503	-6.45849	-8.8595	14.6225	-2.83714	-31.7819	57.6851	-8.48467	-21.5842	51.6358	3.62803	22.8266	-1.30419	-1.96533	21.8316	1.20723	6.65255	12.673	-54.6196	-0.47491	9.07713	-50.2641
69	-4.68757	-2.8919	11.5385	-6.57788	-3.49851	12.1289	-3.72241	-3.32018	15.5095	-6.34292	-9.00472	16.1437	-2.97653	-32.4481	60.3501	-8.87219	-22.4348	54.0946	3.19446	21.4602	0.0864392	-2.60012	20.4709	2.15031	5.96346	14.7695	-54.701	-1.26286	11.0821	-50.6432
70	-4.58021	-2.96779	11.4322	-6.51247	-3.49663	12.0195	-3.51672	-3.55364	17.0132	-6.15474	-9.0833	17.6206	-2.91967	-33.398	62.6145	-9.10819	-23.4369	56.1702	2.62735	20.3099	1.67903	-3.38565	19.2844	3.14426	5.02834	16.8448	-54.3762	-2.22677	13.0253	-50.7368
71	-4.3891	-2.97663	11.361	-6.37524	-3.46419	11.9366	-3.25276	-3.6875	18.4815	-5.89701	-9.10006	19.0625	-2.70048	-34.4034	64.4824	-9.22714	-24.3667	57.8733	1.94328	19.353	3.1593	-4.23203	18.2631	4.03055	4.00514	18.7125	-53.9055	-3.23115	14.7168	-50.6372
72	-4.12615	-2.9239	11.3337	-6.17584	-3.41028	11.8777	-2.94683	-3.73775	19.9327	-5.58049	-9.06561	20.4755	-2.37105	-35.2564	65.9799	-9.26943	-25.0912	59.2235	1.24882	18.5271	4.35917	-4.96931	17.4211	4.75779	3.06524	20.2528	-53.3745	-4.12029	16.0231	-50.2987
73	-3.81211	-2.81094	11.3509	-5.93427	-3.34113	11.8372	-2.62187	-3.72405	21.3734	-5.22401	-8.98866	21.8608	-1.97682	-35.8412	67.1333	-9.26745	-25.5738	60.2344	0.674373	17.8049	5.244	-5.45182	16.8048	5.3518	2.32907	21.3987	-52.7362	-4.79797	16.8655	-49.618
74	-3.47228	-2.63964	11.4031	-5.6719	-3.26247	11.8097	-2.30483	-3.65816	22.7964	-4.84737	-8.87816	23.2174	-1.54809	-36.1463	67.9587	-9.24579	-25.8372	60.9105	0.331018	17.2186	5.86427	-5.61667	16.4707	5.8687	1.84969	22.1194	-51.8827	-5.24782	17.2155	-48.5142
75	-3.12892	-2.41751	11.4755	-5.40249	-3.18234	11.7917	-2.0166	-3.55005	24.1872	-4.46342	-8.74843	24.5422	-1.11178	-36.2386	68.463	-9.22615	-25.9286	61.2501	0.271313	16.8481	6.30706	-5.47308	16.4571	6.34558	1.61037	22.4098	-50.7164	-5.49402	17.0939	-46.9683
76	-2.79584	-2.16282	11.5553	-5.1325	-3.11221	11.7799	-1.76231	-3.42059	25.5343	-4.07845	-8.61571	25.8291	-0.708011	-36.2085	68.6485	-9.22476	-25.8844	61.2509	0.473235	16.7726	6.65379	-5.06383	16.7473	6.77821	1.54284	22.2887	-49.194	-5.55686	16.5697	-45.0187
77	-2.47764	-1.9048	11.6345	-4.86411	-3.06349	11.7699	-1.53118	-3.29696	26.8319	-3.69621	-8.49337	27.0663	-0.384661	-36.1183	68.5186	-9.24702	-25.7167	60.9144	0.865448	17.0169	6.95591	-4.44739	17.2645	7.14031	1.56551	21.8029	-47.3274	-5.45158	15.749	-42.7355
78	-2.17283	-1.6759	11.7078	-4.59517	-3.04013	11.7596	-1.30603	-3.19608	28.0732	-3.32033	-8.3882	28.2404	-0.174223	-35.9903	68.077	-9.28071	-25.4241	60.248	1.37411	17.5385	7.23317	-3.6978	17.8961	7.41435	1.62058	21.026	-45.1548	-5.20904	14.7566	-40.1956
79	-1.87831	-1.49981	11.7705	-4.32364	-3.03839	11.749	-1.07488	-3.12207	29.2458	-2.95755	-8.29907	29.3372	-0.0789854	-35.8114	67.3256	-9.29876	-25.01	59.2626	1.96264	18.2339	7.48816	-2.90324	18.5222	7.60627	1.69937	20.0565	-42.7056	-4.88571	13.7224	-37.4669
80	-1.59281	-1.38315	11.8191	-4.0526	-3.0514	11.7367	-0.838074	-3.07103	30.3335	-2.61914	-8.21946	30.339	-0.0723325	-35.5472	66.2642	-9.26975	-24.4922	57.967	2.64204	18.9638	7.7168	-2.14115	19.0421	7.73853	1.84257	19.0077	-39.9862	-4.54172	12.7658	-34.5966
81	-1.31719	-1.31598	11.855	-3.78645	-3.06945	11.7235	-0.607757	-3.03234	31.3221	-2.31547	-8.14446	31.2313	-0.107673	-35.1672	64.8902	-9.16511	-23.9098	56.3675	3.41465	19.5967	7.91705	-1.45327	19.3955	7.83024	2.08395	17.9847	-37.0092	-4.2101	11.98	-31.6121
82	-1.05305	-1.27871	11.8855	-3.52723	-3.08227	11.7162	-0.400586	-2.99401	32.2023	-2.05144	-8.0735	32.0059	-0.134146	-34.6707	63.2006	-8.96239	-23.3091	54.4665	4.22705	20.0476	8.09653	-0.852958	19.5601	7.88619	2.4011	17.0685	-33.8156	-3.89607	11.4236	-28.532
83	-0.801642	-1.25067	11.9206	-3.277	-3.08536	11.7232	-0.230818	-2.95376	32.9692	-1.82876	-8.0048	32.6582	-0.116728	-34.0946	61.191	-8.64792	-22.7281	52.2618	5.00808	20.2891	8.26069	-0.352838	19.5478	7.90237	2.74573	16.3164	-30.4572	-3.60541	11.1134	-25.3758
84	-0.562655	-1.21703	11.9712	-3.03874	-3.08086	11.7523	-0.105777	-2.9213	33.6196	-1.64767	-7.93688	33.186	-0.0413508	-33.4998	58.8544	-8.21966	-22.1843	49.7518	5.71144	20.3433	8.39149	0.0105152	19.3911	7.87491	3.09039	15.7639	-26.9845	-3.37035	11.0279	-22.1701
85	-0.334898	-1.17174	12.0482	-2.81485	-3.07344	11.809	-0.0247521	-2.90508	34.1516	-1.50698	-7.8748	33.5901	0.0980662	-32.9437	56.182	-7.68929	-21.6744	46.9364	6.33308	20.2532	8.44599	0.194955	19.1319	7.79137	3.45149	15.4245	-23.4376	-3.23	11.1201	-18.9477
86	-0.119863	-1.11691	12.16	-2.60785	-3.06899	11.8962	0.0163908	-2.90345	34.5624	-1.40333	-7.8279	33.8717	0.304397	-32.4647	53.166	-7.0785	-21.1865	43.8162	6.89329	20.0642	8.38128	0.188239	18.8181	7.62212	3.86328	15.2888	-19.841	-3.19435	11.3296	-15.7397
87	0.0781321	-1.06011	12.3113	-2.4214	-3.07313	12.0137	0.0243812	-2.91561	34.8485	-1.3316	-7.80457	34.0317	0.564359	-32.082	49.8034	-6.40963	-20.6997	40.3937	7.38094	19.8319	8.17678	0.0142464	18.4904	7.3346	4.3152	15.317	-16.2205	-3.24007	11.5924	-12.5622
88	0.253842	-1.00968	12.5012	-2.25976	-3.08838	12.1586	0.00922917	-2.9497	35.0048	-1.28648	-7.80874	34.0693	0.841765	-31.8089	46.0966	-5.69763	-20.1876	36.6771	7.75739	19.6371	7.83067	-0.278358	18.173	6.91378	4.75124	15.4372	-12.6033	-3.32593	11.8478	-9.40859
89	0.403282	-0.970013	12.7225	-2.12717	-3.11311	12.3233	-0.0179779	-3.01393	35.0228	-1.26425	-7.83766	33.9814	1.09689	-31.631	42.0537	-4.94847	-19.6287	32.6896	8.00984	19.5442	7.35089	-0.644068	17.883	6.36964	5.13176	15.5646	-8.99685	-3.42025	12.0385	-6.2639
90	0.524583	-0.939682	12.9611	-2.02586	-3.14226	12.494	-0.0489121	-3.10302	34.8925	-1.26281	-7.88511	33.7632	1.30842	-31.4903	37.6993	-4.16455	-19.0129	28.4782	8.16196	19.5592	6.74759	-1.04658	17.642	5.72775	5.4609	15.6214	-5.40155	-3.50347	12.1076	-3.12438
91	0.618596	-0.912182	13.1975	-1.95253	-3.16797	12.6543	-0.0802521	-3.19988	34.606	-1.27996	-7.94576	33.4131	1.47853	-31.2977	33.0915	-3.35042	-18.3402	24.1201	8.26637	19.6349	6.0346	-1.40674	17.4649	5.02149	5.78425	15.5466	-1.82812	-3.52155	12.0121	0.0163024
92	0.690937	-0.87578	13.4087	-1.89761	-3.17882	12.7888	-0.114436	-3.28406	34.1623	-1.31419	-8.01496	32.9368	1.63325	-30.9712	28.3293	-2.51291	-17.6183	19.7213	8.3894	19.7018	5.24227	-1.61083	17.3502	4.30268	6.1678	15.3037	1.70028	-3.39683	11.7299	3.17322
93	0.752634	-0.81466	13.5763	-1.84646	-3.15762	12.8882	-0.159678	-3.34044	33.5747	-1.36681	-8.09057	32.3491	1.8168	-30.4674	23.5496	-1.65626	-16.8644	15.4073	8.59239	19.7015	4.43656	-1.58222	17.2873	3.64891	6.66695	14.8832	5.15689	-3.08778	11.2591	6.34924
94	0.818751	-0.711429	13.6947	-1.78305	-3.08159	12.954	-0.22665	-3.36752	32.8743	-1.44048	-8.16615	31.6737	2.06843	-29.8177	18.9172	-0.782121	-16.1309	11.3124	8.92516	19.6336	3.71937	-1.3218	17.2688	3.14754	7.30114	14.2988	8.51748	-2.6145	10.6298	9.50603
95	0.903544	-0.550681	13.7733	-1.69493	-2.92708	12.9976	-0.32249	-3.36175	32.1017	-1.53236	-8.22396	30.9406	2.40863	-29.1855	14.6009	0.0942536	-15.5472	7.57423	9.43145	19.5999	3.18369	-0.86175	17.3171	2.8512	8.0674	13.5936	11.7508	-2.00507	9.91687	12.5471
96	1.01466	-0.32501	13.8297	-1.5778	-2.68076	13.0321	-0.444358	-3.31212	31.299	-1.62795	-8.24086	30.1885	2.83128	-28.8508	10.7679	0.922823	-15.2957	4.34783	10.1888	19.7984	2.85036	-0.193018	17.4835	2.74971	9.0075	12.8435	14.8006	-1.23358	9.23369	15.3227
97	1.15079	-0.0421613	13.8773	-1.43558	-2.35102	13.0664	-0.573473	-3.21589	30.5139	-1.70137	-8.20367	29.4739	3.28868	-29.0655	7.61287	1.61894	-15.4855	1.82804	11.2851	20.429	2.65651	0.704535	17.7884	2.80514	10.1897	12.1318	17.5431	-0.273635	8.69171	17.6454
98	1.30581	0.273388	13.9191	-1.27515	-1.96646	13.1028	-0.672106	-3.09172	29.8089	-1.72139	-8.13003	28.8676	3.69807	-29.8643	5.36191	2.09252	-16.024	0.224123	12.6414	21.5355	2.5231	1.72714	18.1709	2.99151	11.5327	11.5083	19.7329	0.764923	8.33629	19.2972
99	1.47773	0.589108	13.9481	-1.1006	-1.56294	13.1386	-0.689043	-2.9977	29.2455	-1.65983	-8.0732	28.4199	3.9788	-30.9773	4.19513	2.29169	-16.6316	-0.346538	13.8962	22.8794	2.43009	2.58788	18.4862	3.26913	12.7107	11.0009	21.0336	1.61367	8.1367	20.0507
100	1.67428	0.877809	13.9539	-0.909965	-1.17158	13.1695	-0.57901	-3.01057	28.8423	-1.50159	-8.08334	28.1205	4.10244	-31.9579	4.10958	2.23698	-17.0241	0.0155008	14.6135	23.9569	2.39556	2.97949	18.5401	3.51488	13.3829	10.7003	21.1894	2.04556	8.07292	19.7541
