Time	Fx1	Fy1	Fz1	COPx1	COPy1	COPz1	Ty1	Fx2	Fy2	Fz2	COPx2	COPy2	COPz2	Ty2	Fx3	Fy3	Fz3	COPx3	COPy3	COPz3	Ty3	Fx4	Fy4	Fz4	COPx4	COPy4	COPz4	Ty4	Fx5	Fy5	Fz5	COPx5	COPy5	COPz5	Ty5
1	0	0	0	1506	0	-203	0	0	0	0	2109	0	-203	0	0	0	0	903	0	-403	0	0	0	0	300	0	-203	0	0	0	0	300	0	200	0
2	-0	-0	-0	1506	0	-203	-0	-0	-0	-0	2109	0	-203	-0	-0	-0	-0	903	0	-403	-0	-0	-0	-0	300	0	-203	-0	-0	-0	-0	300	0	200	-0
3	-0	-0	-0	1506	0	-203	-0	-0	-0	-0	2109	0	-203	-0	-0	-0	-0	903	0	-403	-0	-0	-0	-0	300	0	-203	-0	-0	-0	-0	300	0	200	-0
4	-0	-0	-0	1506	0	-203	-0	-0	-0	-0	2109	0	-203	-0	-0	-0	-0	903	0	-403	-0	-0	-0	-0	300	0	-203	-0	-0	-0	-0	300	0	200	-0
5	-0	-0	-0	1506	0	-203	-0	-0	-0	-0	2109	0	-203	-0	-0	-0	-0	903	0	-403	-0	-0	-0	-0	300	0	-203	-0	-0	-0	-0	300	0	200	-0
6	-0	-0	-0	1506	0	-203	-0	-0	-0	-0	2109	0	-203	-0	-0	-0	-0	903	0	-403	-0	-0	-0	-0	300	0	-203	-0	-0	-0	-0	300	0	200	-0
7	-0	-0	-0	1506	0	-203	-0	-0	-0	-0	2109	0	-203	-0	-0	-0	-0	903	0	-403	-0	-0	-0	-0	300	0	-203	-0	-0	-0	-0	300	0	200	-0
8	-0	-0	-0	1506	0	-203	-0	-0	-0	-0	2109	0	-203	-0	-0	-0	-0	903	0	-403	-0	-0	-0	-0	300	0	-203	-0	-0	-0	-0	300	0	200	-0
9	-0	-0	-0	1506	0	-203	-0	-0	-0	-0	2109	0	-203	-0	-0	-0	-0	903	0	-403	-0	-0	-0	-0	300	0	-203	-0	-0	-0	-0	300	0	200	-0
10	-0	-0	-0	1506	0	-203	-0	-0	-0	-0	2109	0	-203	-0	-0	-0	-0	903	0	-403	-0	-0	-0	-0	300	0	-203	-0	-0	-0	-0	300	0	200	-0
11	-0	-0	-0	1506	0	-203	-0	-0	-0	-0	2109	0	-203	-0	-0	-0	-0	903	0	-403	-0	-0	-0	-0	300	0	-203	-0	-0	-0	-0	300	0	200	-0
12	-0	-0	-0	1506	0	-203	-0	-0	-0	-0	2109	0	-203	-0	-0	-0	-0	903	0	-403	-0	-0	-0	-0	300	0	-203	-0	-0	-0	-0	300	0	200	-0
13	-0	-0	-0	1506	0	-203	-0	-0	-0	-0	2109	0	-203	-0	-0	-0	-0	903	0	-403	-0	-0	-0	-0	300	0	-203	-0	-0	-0	-0	300	0	200	-0
14	-0	-0	-0	1506	0	-203	-0	-0	-0	-0	2109	0	-203	-0	-0	-0	-0	903	0	-403	-0	-0	-0	-0	300	0	-203	-0	-0	-0	-0	300	0	200	-0
15	-0	-0	-0	1506	0	-203	-0	-0	-0	-0	2109	0	-203	-0	-0	-0	-0	903	0	-403	-0	-0	-0	-0	300	0	-203	-0	-0	-0	-0	300	0	200	-0
16	-0	-0	-0	1506	0	-203	-0	-0	-0	-0	2109	0	-203	-0	-0	-0	-0	903	0	-403	-0	-0	-0	-0	300	0	-203	-0	-0	-0	-0	300	0	200	-0
17	-0	-0	-0	1506	0	-203	-0	-0	-0	-0	2109	0	-203	-0	-0	-0	-0	903	0	-403	-0	-0	-0	-0	300	0	-203	-0	-0	-0	-0	300	0	200	-0
18	-0	-0	-0	1506	0	-203	-0	-0	-0	-0	2109	0	-203	-0	-0	-0	-0	903	0	-403	-0	-0	-0	-0	300	0	-203	-0	-0	-0	-0	300	0	200	-0
19	-0	-0	-0	1506	0	-203	-0	-0	-0	-0	2109	0	-203	-0	-0	-0	-0	903	0	-403	-0	-0	-0	-0	300	0	-203	-0	-0	-0	-0	300	0	200	-0
20	-0	-0	-0	1506	0	-203	-0	-0	-0	-0	2109	0	-203	-0	-0	-0	-0	903	0	-403	-0	-0	-0	-0	300	0	-203	-0	-0	-0	-0	300	0	200	-0
21	-0	-0	-0	1506	0	-203	-0	-0	-0	-0	2109	0	-203	-0	-0	-0	-0	903	0	-403	-0	-0	-0	-0	300	0	-203	-0	-0	-0	-0	300	0	200	-0
22	-0	-0	-0	1506	0	-203	-0	-0	-0	-0	2109	0	-203	-0	-0	-0	-0	903	0	-403	-0	-0	-0	-0	300	0	-203	-0	-0	-0	-0	300	0	200	-0
23	-0	-0	-0	1506	0	-203	-0	-0	-0	-0	2109	0	-203	-0	-0	-0	-0	903	0	-403	-0	-0	-0	-0	300	0	-203	-0	0	0	0	300	0	200	0
24	-0	-0	-0	1506	0	-203	-0	-0	-0	-0	2109	0	-203	-0	-0	-0	-0	903	0	-403	-0	-0	-0	-0	300	0	-203	-0	-0	-0	-0	300	0	200	-0
25	-0	-0	-0	1506	0	-203	-0	-0	-0	-0	2109	0	-203	-0	-0	-0	-0	903	0	-403	-0	-0	-0	-0	300	0	-203	-0	-0	-0	-0	300	0	200	-0
26	-0	-0	-0	1506	0	-203	-0	-0	-0	-0	2109	0	-203	-0	-0	-0	-0	903	0	-403	-0	-0	-0	-0	300	0	-203	-0	-0	-0	-0	300	0	200	-0
27	-0	-0	-0	1506	0	-203	-0	-0	-0	-0	2109	0	-203	-0	-0	-0	-0	903	0	-403	-0	-0	-0	-0	300	0	-203	-0	0	0	0	300	0	200	0
28	-0	-0	-0	1506	0	-203	-0	-0	-0	-0	2109	0	-203	-0	-0	-0	-0	903	0	-403	-0	-0	-0	-0	300	0	-203	-0	-0	-0	-0	300	0	200	-0
29	-0	-0	-0	1506	0	-203	-0	-0	-0	-0	2109	0	-203	-0	-0	-0	-0	903	0	-403	-0	-0	-0	-0	300	0	-203	-0	-0	-0	-0	300	0	200	-0
30	-0	-0	-0	1506	0	-203	-0	-0	-0	-0	2109	0	-203	-0	-0	-0	-0	903	0	-403	-0	-0	-0	-0	300	0	-203	-0	-0	-0	-0	300	0	200	-0
31	-0	-0	-0	1506	0	-203	-0	-0	-0	-0	2109	0	-203	-0	-0	-0	-0	903	0	-403	-0	-0	-0	-0	300	0	-203	-0	-0	-0	-0	300	0	200	-0
32	-0	-0	-0	1506	0	-203	-0	-0	-0	-0	2109	0	-203	-0	-0	-0	-0	903	0	-403	-0	-0	-0	-0	300	0	-203	-0	0	0	0	300	0	200	0
33	-0	-0	-0	1506	0	-203	-0	-0	-0	-0	2109	0	-203	-0	-0	-0	-0	903	0	-403	-0	-0	-0	-0	300	0	-203	-0	0	0	0	300	0	200	0
34	-0	-0	-0	1506	0	-203	-0	-0	-0	-0	2109	0	-203	-0	0	0	0	903	0	-403	0	-0	-0	-0	300	0	-203	-0	-0	-0	-0	300	0	200	-0
35	-0	-0	-0	1506	0	-203	-0	-0	-0	-0	2109	0	-203	-0	-0	-0	-0	903	0	-403	-0	-0	-0	-0	300	0	-203	-0	-0	-0	-0	300	0	200	-0
36	-0	-0	-0	1506	0	-203	-0	-0	-0	-0	2109	0	-203	-0	-0	-0	-0	903	0	-403	-0	-0	-0	-0	300	0	-203	-0	0	0	0	300	0	200	0
37	-0	-0	-0	1506	0	-203	-0	-0	-0	-0	2109	0	-203	-0	-0	-0	-0	903	0	-403	-0	-0	-0	-0	300	0	-203	-0	-0	-0	-0	300	0	200	-0
38	-0	-0	-0	1506	0	-203	-0	-0	-0	-0	2109	0	-203	-0	-0	-0	-0	903	0	-403	-0	-0	-0	-0	300	0	-203	-0	0	0	0	300	0	200	0
39	-0	-0	-0	1506	0	-203	-0	-0	-0	-0	2109	0	-203	-0	-0	-0	-0	903	0	-403	-0	-0	-0	-0	300	0	-203	-0	-0	-0	-0	300	0	200	-0
40	-0	-0	-0	1506	0	-203	-0	-0	-0	-0	2109	0	-203	-0	-0	-0	-0	903	0	-403	-0	-0	-0	-0	300	0	-203	-0	-0	-0	-0	300	0	200	-0
41	-0	-0	-0	1506	0	-203	-0	-0	-0	-0	2109	0	-203	-0	-0	-0	-0	903	0	-403	-0	-0	-0	-0	300	0	-203	-0	-0	-0	-0	300	0	200	-0
42	-0	-0	-0	1506	0	-203	-0	-0	-0	-0	2109	0	-203	-0	-0	-0	-0	903	0	-403	-0	-0	-0	-0	300	0	-203	-0	-0	-0	-0	300	0	200	-0
43	-0	-0	-0	1506	0	-203	-0	-0	-0	-0	2109	0	-203	-0	-0	-0	-0	903	0	-403	-0	-0	-0	-0	300	0	-203	-0	-0	-0	-0	300	0	200	-0
44	-0	-0	-0	1506	0	-203	-0	-0	-0	-0	2109	0	-203	-0	-0	-0	-0	903	0	-403	-0	-0	-0	-0	300	0	-203	-0	-0	-0	-0	300	0	200	-0
45	-0	-0	-0	1506	0	-203	-0	-0	-0	-0	2109	0	-203	-0	-0	-0	-0	903	0	-403	-0	-0	-0	-0	300	0	-203	-0	0	0	0	300	0	200	0
46	-0	-0	-0	1506	0	-203	-0	-0	-0	-0	2109	0	-203	-0	-0	-0	-0	903	0	-403	-0	-0	-0	-0	300	0	-203	-0	-0	-0	-0	300	0	200	-0
47	-0	-0	-0	1506	0	-203	-0	-0	-0	-0	2109	0	-203	-0	-0	-0	-0	903	0	-403	-0	-0	-0	-0	300	0	-203	-0	-0	-0	-0	300	0	200	-0
48	-0	-0	-0	1506	0	-203	-0	-0	-0	-0	2109	0	-203	-0	-0	-0	-0	903	0	-403	-0	-0	-0	-0	300	0	-203	-0	-0	-0	-0	300	0	200	-0
49	-0	-0	-0	1506	0	-203	-0	-0	-0	-0	2109	0	-203	-0	-0	-0	-0	903	0	-403	-0	-0	-0	-0	300	0	-203	-0	-0	-0	-0	300	0	200	-0
50	-0	-0	-0	1506	0	-203	-0	-0	-0	-0	2109	0	-203	-0	-0	-0	-0	903	0	-403	-0	-0.81	44.53	4.34	284.82	0	-201.45	18.08	-0	-0	-0	300	0	200	-0
51	-0	-0	-0	1506	0	-203	-0	-0	-0	-0	2109	0	-203	-0	-0	-0	-0	903	0	-403	-0	-6.65	186.52	8.01	287.21	0	-202.26	-4.45	-0	-0	-0	300	0	200	-0
52	-0	-0	-0	1506	0	-203	-0	-0	-0	-0	2109	0	-203	-0	-0	-0	-0	903	0	-403	-0	-3.6	311.14	13.64	288.79	0	-202.42	83.53	-0	-0	-0	300	0	200	-0
53	-0	-0	-0	1506	0	-203	-0	-0	-0	-0	2109	0	-203	-0	-0	-0	-0	903	0	-403	-0	-13.57	290.77	18.39	291.08	0	-202.43	52.3	-0	-0	-0	300	0	200	-0
54	-0	-0	-0	1506	0	-203	-0	-0	-0	-0	2109	0	-203	-0	-0	-0	-0	903	0	-403	-0	-24.71	269.6	19.68	293.61	0	-202.49	31.58	-0	-0	-0	300	0	200	-0
55	-0	-0	-0	1506	0	-203	-0	-0	-0	-0	2109	0	-203	-0	-0	-0	-0	903	0	-403	-0	-37.06	283.44	19.14	296.25	0	-202.56	-34.8	0	0	0	300	0	200	0
56	-0	-0	-0	1506	0	-203	-0	-0	-0	-0	2109	0	-203	-0	-0	-0	-0	903	0	-403	-0	-50.43	312.22	19.14	298.41	0	-202.34	-81.5	-0	-0	-0	300	0	200	-0
57	-0	-0	-0	1506	0	-203	-0	-0	-0	-0	2109	0	-203	-0	-0	-0	-0	903	0	-403	-0	-65.36	336.66	20.7	299.59	0	-202.06	-114.11	0	0	0	300	0	200	0
58	-0	-0	-0	1506	0	-203	-0	-0	-0	-0	2109	0	-203	-0	-0	-0	-0	903	0	-403	-0	-82.2	351.59	18.73	302.24	0	-202.37	-151.32	-0	-0	-0	300	0	200	-0
59	-0	-0	-0	1506	0	-203	-0	-0	-0	-0	2109	0	-203	-0	0	0	0	903	0	-403	0	-90.41	361.36	16.63	304.24	0	-202.08	-191.52	-0	-0	-0	300	0	200	-0
60	-0	-0	-0	1506	0	-203	-0	-0	-0	-0	2109	0	-203	-0	-0	-0	-0	903	0	-403	-0	-91.77	371.14	14.53	306.13	0	-201.63	-217.47	-0	-0	-0	300	0	200	-0
61	-0	-0	-0	1506	0	-203	-0	-0	-0	-0	2109	0	-203	-0	-0	-0	-0	903	0	-403	-0	-89.12	408.33	11.33	312.84	0	-199.82	-114.6	-0	-0	-0	300	0	200	-0
62	-0	-0	-0	1506	0	-203	-0	-0	-0	-0	2109	0	-203	-0	0	0	0	903	0	-403	0	-90.27	449.33	-1.15	318.14	0	-198.55	380.85	-0	-0	-0	300	0	200	-0
63	-0	-0	-0	1506	0	-203	-0	-0	-0	-0	2109	0	-203	-0	0	0	0	903	0	-403	0	-99.98	484.9	-15.54	322.1	0	-198.19	707.7	-0	-0	-0	300	0	200	-0
64	-0	-0	-0	1506	0	-203	-0	-0	-0	-0	2109	0	-203	-0	-0	-0	-0	903	0	-403	-0	-116	526.98	-19.68	326.2	0	-198.26	1152.66	-0	-0	-0	300	0	200	-0
65	-0	-0	-0	1506	0	-203	-0	-0	-0	-0	2109	0	-203	-0	-0	-0	-0	903	0	-403	-0	-131	552.5	-14.05	328.86	0	-198.71	1051.74	-0	-0	-0	300	0	200	-0
66	-0	-0	-0	1506	0	-203	-0	-0	-0	-0	2109	0	-203	-0	0	0	0	903	0	-403	0	-143.28	567.16	-6.86	330.71	0	-199.23	641.55	-0	-0	-0	300	0	200	-0
67	-0	-0	-0	1506	0	-203	-0	-0	-0	-0	2109	0	-203	-0	-0	-0	-0	903	0	-403	-0	-150	579.65	-1.76	332.98	0	-199.65	381.26	-0	-0	-0	300	0	200	-0
68	-0	-0	-0	1506	0	-203	-0	-0	-0	-0	2109	0	-203	-0	-0	-0	-0	903	0	-403	-0	-148.58	586.71	-1.02	334.91	0	-199.71	175.88	-0	-0	-0	300	0	200	-0
69	-0	-0	-0	1506	0	-203	-0	-0	-0	-0	2109	0	-203	-0	-0	-0	-0	903	0	-403	-0	-146.34	594.31	-1.36	336.18	0	-199.87	-144.03	-0	-0	-0	300	0	200	-0
70	-0	-0	-0	1506	0	-203	-0	-0	-0	-0	2109	0	-203	-0	-0	-0	-0	903	0	-403	-0	-144.3	601.64	-1.29	337.37	0	-199.95	-382.28	-0	-0	-0	300	0	200	-0
71	-0	-0	-0	1506	0	-203	-0	-0	-0	-0	2109	0	-203	-0	-0	-0	-0	903	0	-403	-0	-143.89	604.63	-2.92	338.35	0	-199.9	-465.42	-0	-0	-0	300	0	200	-0
72	-0	-0	-0	1506	0	-203	-0	-0	-0	-0	2109	0	-203	-0	-0	-0	-0	903	0	-403	-0	-144.5	607.61	-5.57	339.18	0	-199.53	-416.12	-0	-0	-0	300	0	200	-0
73	-0	-0	-0	1506	0	-203	-0	-0	-0	-0	2109	0	-203	-0	-0	-0	-0	903	0	-403	-0	-144.16	609.78	-9.98	340.17	0	-199.36	-177.51	-0	-0	-0	300	0	200	-0
74	-0	-0	-0	1506	0	-203	-0	-0	-0	-0	2109	0	-203	-0	-0	-0	-0	903	0	-403	-0	-144.98	608.7	-12.56	341.24	0	-199.31	-201.3	-0	-0	-0	300	0	200	-0
75	-0	-0	-0	1506	0	-203	-0	-0	-0	-0	2109	0	-203	-0	-0	-0	-0	903	0	-403	-0	-144.57	611.96	-14.59	342.08	0	-199.06	-198.99	0	0	0	300	0	200	0
76	-0	-0	-0	1506	0	-203	-0	-0	-0	-0	2109	0	-203	-0	-0	-0	-0	903	0	-403	-0	-143.55	613.31	-16.36	343.09	0	-198.79	-225.25	-0	-0	-0	300	0	200	-0
77	-0	-0	-0	1506	0	-203	-0	-0	-0	-0	2109	0	-203	-0	-0	-0	-0	903	0	-403	-0	-140.97	617.39	-16.83	343.58	0	-198.89	-467.93	0	0	0	300	0	200	0
78	-0	-0	-0	1506	0	-203	-0	-0	-0	-0	2109	0	-203	-0	-0	-0	-0	903	0	-403	-0	-138.26	621.19	-16.76	343.96	0	-198.8	-608.5	-0	-0	-0	300	0	200	-0
79	-0	-0	-0	1506	0	-203	-0	-0	-0	-0	2109	0	-203	-0	-0	-0	-0	903	0	-403	-0	-135.54	624.17	-16.49	344.37	0	-198.58	-660.32	-0	-0	-0	300	0	200	-0
80	-0	-0	-0	1506	0	-203	-0	-0	-0	-0	2109	0	-203	-0	-0	-0	-0	903	0	-403	-0	-133.64	626.62	-16.9	344.84	0	-198.71	-785.79	0	0	0	300	0	200	0
81	-0	-0	-0	1506	0	-203	-0	-0	-0	-0	2109	0	-203	-0	-0	-0	-0	903	0	-403	-0	-132.29	627.16	-16.7	344.93	0	-198.45	-734.11	-0	-0	-0	300	0	200	-0
82	-0	-0	-0	1506	0	-203	-0	-0	-0	-0	2109	0	-203	-0	0	0	0	903	0	-403	0	-129.3	628.25	-17.24	345.42	0	-198.5	-766.61	-0	-0	-0	300	0	200	-0
83	-0	-0	-0	1506	0	-203	-0	-0	-0	-0	2109	0	-203	-0	-0	-0	-0	903	0	-403	-0	-127.94	628.52	-17.04	345.77	0	-198.61	-821.71	-0	-0	-0	300	0	200	-0
84	-0	-0	-0	1506	0	-203	-0	-0	-0	-0	2109	0	-203	-0	-0	-0	-0	903	0	-403	-0	-125.91	631.78	-17.31	345.93	0	-198.42	-722.89	-0	-0	-0	300	0	200	-0
85	-0	-0	-0	1506	0	-203	-0	-0	-0	-0	2109	0	-203	-0	-0	-0	-0	903	0	-403	-0	-123.87	633.95	-17.24	346.23	0	-198.34	-818.52	-0	-0	-0	300	0	200	-0
86	-0	-0	-0	1506	0	-203	-0	-0	-0	-0	2109	0	-203	-0	-0	-0	-0	903	0	-403	-0	-121.36	636.39	-17.58	346.16	0	-198.41	-857.29	-0	-0	-0	300	0	200	-0
87	-0	-0	-0	1506	0	-203	-0	-0	-0	-0	2109	0	-203	-0	-0	-0	-0	903	0	-403	-0	-119.25	637.48	-18.12	346.19	0	-198.24	-867.68	-0	-0	-0	300	0	200	-0
88	-0	-0	-0	1506	0	-203	-0	-0	-0	-0	2109	0	-203	-0	-0	-0	-0	903	0	-403	-0	-115.32	637.75	-18.73	346.02	0	-198.16	-960.3	-0	-0	-0	300	0	200	-0
89	-0	-0	-0	1506	0	-203	-0	-0	-0	-0	2109	0	-203	-0	-0	-0	-0	903	0	-403	-0	-111.38	638.02	-19.95	346.22	0	-198.22	-1043.53	-0	-0	-0	300	0	200	-0
90	-0	-0	-0	1506	0	-203	-0	-0	-0	-0	2109	0	-203	-0	-0	-0	-0	903	0	-403	-0	-108.33	638.02	-20.5	345.7	0	-197.96	-884.15	-0	-0	-0	300	0	200	-0
91	-0	-0	-0	1506	0	-203	-0	-0	-0	-0	2109	0	-203	-0	-0	-0	-0	903	0	-403	-0	-103.44	636.39	-21.99	345.32	0	-197.89	-950.21	-0	-0	-0	300	0	200	-0
92	-0	-0	-0	1506	0	-203	-0	-0	-0	-0	2109	0	-203	-0	-0	-0	-0	903	0	-403	-0	-98.89	634.22	-22.81	344.86	0	-197.67	-820.35	-0	-0	-0	300	0	200	-0
93	-0	-0	-0	1506	0	-203	-0	-0	-0	-0	2109	0	-203	-0	-0	-0	-0	903	0	-403	-0	-94.28	629.6	-23.96	344.56	0	-197.81	-803.94	-0	-0	-0	300	0	200	-0
94	-0	-0	-0	1506	0	-203	-0	-0	-0	-0	2109	0	-203	-0	-0	-0	-0	903	0	-403	-0	-89.05	626.35	-24.98	344.08	0	-197.65	-786.67	-0	-0	-0	300	0	200	-0
95	-0	-0	-0	1506	0	-203	-0	-0	-0	-0	2109	0	-203	-0	-0	-0	-0	903	0	-403	-0	-84.5	621.73	-26.13	343.77	0	-197.61	-696.82	-0	-0	-0	300	0	200	-0
96	-0	-0	-0	1506	0	-203	-0	-0	-0	-0	2109	0	-203	-0	-0	-0	-0	903	0	-403	-0	-80.5	616.3	-27.08	343.08	0	-197.58	-670.37	0	0	0	300	0	200	0
97	-0	-0	-0	1506	0	-203	-0	-0	-0	-0	2109	0	-203	-0	-0	-0	-0	903	0	-403	-0	-75.07	606.53	-27.9	342.89	0	-197.34	-676.51	-0	-0	-0	300	0	200	-0
98	-0	-0	-0	1506	0	-203	-0	-0	-0	-0	2109	0	-203	-0	-0	-0	-0	903	0	-403	-0	-71.06	599.74	-28.37	342.45	0	-197.23	-571.84	0	0	0	300	0	200	0
99	-0	-0	-0	1506	0	-203	-0	-0	-0	-0	2109	0	-203	-0	-0	-0	-0	903	0	-403	-0	-66.92	593.49	-29.05	342.06	0	-197.19	-533.14	-0	-0	-0	300	0	200	-0
100	-0	-0	-0	1506	0	-203	-0	-0	-0	-0	2109	0	-203	-0	-0	-0	-0	903	0	-403	-0	-62.04	583.18	-29.93	341.98	0	-197.09	-581.15	-0	-0	-0	300	0	200	-0
101	-0	-0	-0	1506	0	-203	-0	-0	-0	-0	2109	0	-203	-0	-0	-0	-0	903	0	-403	-0	-58.03	574.76	-30.14	341.85	0	-197.02	-402.42	-0	-0	-0	300	0	200	-0
102	-0	-0	-0	1506	0	-203	-0	-0	-0	-0	2109	0	-203	-0	-0	-0	-0	903	0	-403	-0	-54.1	567.16	-30.68	341.83	0	-197.07	-436.43	-0	-0	-0	300	0	200	-0
103	-0	-0	-0	1506	0	-203	-0	-0	-0	-0	2109	0	-203	-0	-0	-0	-0	903	0	-403	-0	-49.96	556.3	-30.95	341.95	0	-197.02	-475.79	-0	-0	-0	300	0	200	-0
104	-0	-0	-0	1506	0	-203	-0	-0	-0	-0	2109	0	-203	-0	-0	-0	-0	903	0	-403	-0	-47.04	548.97	-31.43	341.68	0	-196.82	-403.68	-0	-0	-0	300	0	200	-0
105	-0	-0	-0	1506	0	-203	-0	-0	-0	-0	2109	0	-203	-0	-0	-0	-0	903	0	-403	-0	-44.53	540.82	-31.15	341.9	0	-196.65	-391.66	-0	-0	-0	300	0	200	-0
106	-0	-0	-0	1506	0	-203	-0	-0	-0	-0	2109	0	-203	-0	-0	-0	-0	903	0	-403	-0	-41.47	529.69	-30.68	342.78	0	-196.59	-452.07	-0	-0	-0	300	0	200	-0
107	-0	-0	-0	1506	0	-203	-0	-0	-0	-0	2109	0	-203	-0	-0	-0	-0	903	0	-403	-0	-39.5	522.63	-29.86	343.44	0	-196.53	-464.32	-0	-0	-0	300	0	200	-0
108	-0	-0	-0	1506	0	-203	-0	-0	-0	-0	2109	0	-203	-0	-0	-0	-0	903	0	-403	-0	-38.08	515.3	-28.98	344.06	0	-196.58	-459.88	-0	-0	-0	300	0	200	-0
109	-0	-0	-0	1506	0	-203	-0	-0	-0	-0	2109	0	-203	-0	-0	-0	-0	903	0	-403	-0	-36.18	505.53	-28.37	345.07	0	-196.53	-446.59	-0	-0	-0	300	0	200	-0
110	-0	-0	-0	1506	0	-203	-0	-0	-0	-0	2109	0	-203	-0	-0	-0	-0	903	0	-403	-0	-34.34	497.66	-27.01	346.12	0	-196.35	-432.93	-0	-0	-0	300	0	200	-0
111	-0	-0	-0	1506	0	-203	-0	-0	-0	-0	2109	0	-203	-0	-0	-0	-0	903	0	-403	-0	-33.33	491.68	-26.2	346.73	0	-196.46	-468.69	-0	-0	-0	300	0	200	-0
112	-0	-0	-0	1506	0	-203	-0	-0	-0	-0	2109	0	-203	-0	-0	-0	-0	903	0	-403	-0	-31.7	483	-24.71	348.32	0	-196.35	-424.25	-0	-0	-0	300	0	200	-0
113	-0	-0	-0	1506	0	-203	-0	-0	-0	-0	2109	0	-203	-0	-0	-0	-0	903	0	-403	-0	-30.68	478.11	-23.62	349.24	0	-196.37	-476.86	-0	-0	-0	300	0	200	-0
114	-0	-0	-0	1506	0	-203	-0	-0	-0	-0	2109	0	-203	-0	-0	-0	-0	903	0	-403	-0	-29.66	472.95	-22.67	350.39	0	-196.38	-456.43	-0	-0	-0	300	0	200	-0
115	-0	-0	-0	1506	0	-203	-0	-0	-0	-0	2109	0	-203	-0	-0	-0	-0	903	0	-403	-0	-28.1	466.71	-21.45	351.86	0	-196.5	-398.73	-0	-0	-0	300	0	200	-0
116	-0	-0	-0	1506	0	-203	-0	-0	-0	-0	2109	0	-203	-0	-0	-0	-0	903	0	-403	-0	-27.15	462.36	-20.23	353.25	0	-196.29	-372.41	-0	-0	-0	300	0	200	-0
117	-0	-0	-0	1506	0	-203	-0	-0	-0	-0	2109	0	-203	-0	-0	-0	-0	903	0	-403	-0	-25.59	459.92	-18.87	354.46	0	-196.52	-351.55	-0	-0	-0	300	0	200	-0
118	-0	-0	-0	1506	0	-203	-0	-0	-0	-0	2109	0	-203	-0	-0	-0	-0	903	0	-403	-0	-24.3	455.3	-18.12	355.53	0	-196.21	-243.17	-0	-0	-0	300	0	200	-0
119	-0	-0	-0	1506	0	-203	-0	-0	-0	-0	2109	0	-203	-0	-0	-0	-0	903	0	-403	-0	-22.4	453.4	-16.83	356.58	0	-196.25	-228.79	0	0	0	300	0	200	0
120	-0	-0	-0	1506	0	-203	-0	-0	-0	-0	2109	0	-203	-0	-0	-0	-0	903	0	-403	-0	-21.31	450.96	-16.29	357.53	0	-196.21	-209.73	-0	-0	-0	300	0	200	-0
121	-0	-0	-0	1506	0	-203	-0	-0	-0	-0	2109	0	-203	-0	-0	-0	-0	903	0	-403	-0	-19.75	447.7	-15	359.12	0	-196.19	-117.9	-0	-0	-0	300	0	200	-0
122	-0	-0	-0	1506	0	-203	-0	-0	-0	-0	2109	0	-203	-0	-0	-0	-0	903	0	-403	-0	-18.53	445.26	-14.66	360.09	0	-196.31	-86.42	-0	-0	-0	300	0	200	-0
123	-0	-0	-0	1506	0	-203	-0	-0	-0	-0	2109	0	-203	-0	-0	-0	-0	903	0	-403	-0	-17.65	440.91	-14.05	361.62	0	-196.21	-40.92	-0	-0	-0	300	0	200	-0
124	-0	-0	-0	1506	0	-203	-0	-0	-0	-0	2109	0	-203	-0	0	0	0	903	0	-403	0	-15.68	436.84	-13.78	363.08	0	-196.24	55.64	-0	-0	-0	300	0	200	-0
125	-0	-0	-0	1506	0	-203	-0	-0	-0	-0	2109	0	-203	-0	-0	-0	-0	903	0	-403	-0	-14.46	434.94	-13.17	364.37	0	-196.18	102.57	-0	-0	-0	300	0	200	-0
126	-0	-0	-0	1506	0	-203	-0	-0	-0	-0	2109	0	-203	-0	-0	-0	-0	903	0	-403	-0	-13.3	430.87	-13.03	365.36	0	-196.31	197.41	-0	-0	-0	300	0	200	-0
127	-0	-0	-0	1506	0	-203	-0	-0	-0	-0	2109	0	-203	-0	-0	-0	-0	903	0	-403	-0	-11.81	427.34	-13.24	367.07	0	-196.29	286.33	-0	-0	-0	300	0	200	-0
128	-0	-0	-0	1506	0	-203	-0	-0	-0	-0	2109	0	-203	-0	0	0	0	903	0	-403	0	-10.25	422.99	-13.1	368.34	0	-196.15	360.99	-0	-0	-0	300	0	200	-0
129	-0	-0	-0	1506	0	-203	-0	-0	-0	-0	2109	0	-203	-0	-0	-0	-0	903	0	-403	-0	-9.37	423.27	-13.57	369.47	0	-196.06	432.14	-0	-0	-0	300	0	200	-0
130	-0	-0	-0	1506	0	-203	-0	-0	-0	-0	2109	0	-203	-0	-0	-0	-0	903	0	-403	-0	-7.87	421.09	-13.64	370.65	0	-195.96	488	-0	-0	-0	300	0	200	-0
131	-0	-0	-0	1506	0	-203	-0	-0	-0	-0	2109	0	-203	-0	-0	-0	-0	903	0	-403	-0	-6.99	420.55	-14.46	372.05	0	-196.24	514.01	0	0	0	300	0	200	0
132	-0	-0	-0	1506	0	-203	-0	-0	-0	-0	2109	0	-203	-0	-0	-0	-0	903	0	-403	-0	-5.77	420.55	-14.19	373.4	0	-196.28	631.91	-0	-0	-0	300	0	200	-0
133	-0	-0	-0	1506	0	-203	-0	-0	-0	-0	2109	0	-203	-0	-0	-0	-0	903	0	-403	-0	-4.62	421.64	-14.53	374.88	0	-196.52	693.85	-0	-0	-0	300	0	200	-0
134	-0	-0	-0	1506	0	-203	-0	-0	-0	-0	2109	0	-203	-0	-0	-0	-0	903	0	-403	-0	-3.33	423.81	-14.53	375.92	0	-196.46	722.2	-0	-0	-0	300	0	200	-0
135	-0	-0	-0	1506	0	-203	-0	-0	-0	-0	2109	0	-203	-0	-0	-0	-0	903	0	-403	-0	-2.58	425.71	-14.8	376.59	0	-196.68	801.79	-0	-0	-0	300	0	200	-0
136	-0	-0	-0	1506	0	-203	-0	-0	-0	-0	2109	0	-203	-0	-0	-0	-0	903	0	-403	-0	-1.22	427.88	-14.8	378.13	0	-196.65	834.17	-0	-0	-0	300	0	200	-0
137	-0	-0	-0	1506	0	-203	-0	-0	-0	-0	2109	0	-203	-0	-0	-0	-0	903	0	-403	-0	-0.68	430.6	-14.8	378.89	0	-196.72	926.36	-0	-0	-0	300	0	200	-0
138	-0	-0	-0	1506	0	-203	-0	-0	-0	-0	2109	0	-203	-0	-0	-0	-0	903	0	-403	-0	-0.41	433.04	-14.8	380.39	0	-196.6	1007.71	-0	-0	-0	300	0	200	-0
139	-0	-0	-0	1506	0	-203	-0	-0	-0	-0	2109	0	-203	-0	-0	-0	-0	903	0	-403	-0	0.48	438.2	-14.73	381.42	0	-196.93	1011.37	-0	-0	-0	300	0	200	-0
140	-0	-0	-0	1506	0	-203	-0	-0	-0	-0	2109	0	-203	-0	-0	-0	-0	903	0	-403	-0	0.34	440.1	-14.66	382.89	0	-197.08	1089.37	-0	-0	-0	300	0	200	-0
141	-0	-0	-0	1506	0	-203	-0	-0	-0	-0	2109	0	-203	-0	-0	-0	-0	903	0	-403	-0	1.02	443.9	-14.59	384.57	0	-196.91	1102.46	-0	-0	-0	300	0	200	-0
142	-0	-0	-0	1506	0	-203	-0	-0	-0	-0	2109	0	-203	-0	-0	-0	-0	903	0	-403	-0	0.95	448.79	-14.19	386.11	0	-196.64	1244.54	-0	-0	-0	300	0	200	-0
143	-0	-0	-0	1506	0	-203	-0	-0	-0	-0	2109	0	-203	-0	-0	-0	-0	903	0	-403	-0	1.15	451.5	-13.71	387.76	0	-196.68	1342.59	0	0	0	300	0	200	0
144	-0	-0	-0	1506	0	-203	-0	-0	-0	-0	2109	0	-203	-0	-0	-0	-0	903	0	-403	-0	1.29	453.4	-13.44	389.52	0	-196.95	1374.98	-0	-0	-0	300	0	200	-0
145	-0	-0	-0	1506	0	-203	-0	-0	-0	-0	2109	0	-203	-0	-0	-0	-0	903	0	-403	-0	1.49	458.29	-13.03	391.43	0	-196.8	1479.99	-0	-0	-0	300	0	200	-0
146	-0	-0	-0	1506	0	-203	-0	-0	-0	-0	2109	0	-203	-0	-0	-0	-0	903	0	-403	-0	1.49	461	-12.62	393.64	0	-196.66	1566.64	0	0	0	300	0	200	0
147	-0	-0	-0	1506	0	-203	-0	-0	-0	-0	2109	0	-203	-0	-0	-0	-0	903	0	-403	-0	1.43	464.8	-12.69	394.57	0	-196.59	1610.93	-0	-0	-0	300	0	200	-0
148	-0	-0	-0	1506	0	-203	-0	-0	-0	-0	2109	0	-203	-0	-0	-0	-0	903	0	-403	-0	1.7	466.71	-12.29	397.34	0	-196.38	1744.25	-0	-0	-0	300	0	200	-0
149	-0	-0	-0	1506	0	-203	-0	0	0	0	2109	0	-203	0	-0	-0	-0	903	0	-403	-0	1.83	469.96	-12.08	398.9	0	-196.63	1805.18	-0	-0	-0	300	0	200	-0
150	-0	-0	-0	1506	0	-203	-0	-0	-0	-0	2109	0	-203	-0	0	0	0	903	0	-403	0	2.1	473.49	-12.08	401.25	0	-196.65	1875.08	-0	-0	-0	300	0	200	-0
151	-0	-0	-0	1506	0	-203	-0	-0	-0	-0	2109	0	-203	-0	-0	-0	-0	903	0	-403	-0	2.51	476.21	-12.08	403.8	0	-196.45	1980.82	-0	-0	-0	300	0	200	-0
152	-0	-0	-0	1506	0	-203	-0	-0	-0	-0	2109	0	-203	-0	-0	-0	-0	903	0	-403	-0	2.92	478.65	-11.81	405.72	0	-196.2	2129.46	-0	-0	-0	300	0	200	-0
153	-0	-0	-0	1506	0	-203	-0	-0	-0	-0	2109	0	-203	-0	-0	-0	-0	903	0	-403	-0	3.05	481.09	-11.81	407.96	0	-196.18	2219.2	-0	-0	-0	300	0	200	-0
154	-0	-0	-0	1506	0	-203	-0	-0	-0	-0	2109	0	-203	-0	-0	-0	-0	903	0	-403	-0	3.33	485.44	-11.88	410.89	0	-196.29	2349.77	-0	-0	-0	300	0	200	-0
155	-0	-0	-0	1506	0	-203	-0	-0	-0	-0	2109	0	-203	-0	-0	-0	-0	903	0	-403	-0	3.6	489.78	-11.95	413.12	0	-196.16	2411.59	-0	-0	-0	300	0	200	-0
156	-0	-0	-0	1506	0	-203	-0	-0	-0	-0	2109	0	-203	-0	-0	-0	-0	903	0	-403	-0	3.6	493.58	-12.22	414.76	0	-195.96	2532.48	-0	-0	-0	300	0	200	-0
157	-0	-0	-0	1506	0	-203	-0	-0	-0	-0	2109	0	-203	-0	-0	-0	-0	903	0	-403	-0	4.07	499.83	-12.42	417.6	0	-196.02	2613.78	-0	-0	-0	300	0	200	-0
158	-0	-0	-0	1506	0	-203	-0	-0	-0	-0	2109	0	-203	-0	-0	-0	-0	903	0	-403	-0	4.34	504.44	-12.42	419.75	0	-195.95	2776.22	-0	-0	-0	300	0	200	-0
159	-0	-0	-0	1506	0	-203	-0	-0	-0	-0	2109	0	-203	-0	-0	-0	-0	903	0	-403	-0	5.36	509.6	-12.56	421.55	0	-195.75	2841.27	-0	-0	-0	300	0	200	-0
160	-0	-0	-0	1506	0	-203	-0	-0	-0	-0	2109	0	-203	-0	-0	-0	-0	903	0	-403	-0	5.7	516.39	-13.1	424.12	0	-195.63	3017.76	0	0	0	300	0	200	0
161	-0	-0	-0	1506	0	-203	-0	-0	-0	-0	2109	0	-203	-0	-0	-0	-0	903	0	-403	-0	6.86	521.55	-13.57	425.85	0	-195.7	3027.23	-0	-0	-0	300	0	200	-0
162	-0	-0	-0	1506	0	-203	-0	-0	-0	-0	2109	0	-203	-0	-0	-0	-0	903	0	-403	-0	7.47	528.34	-14.32	427.68	0	-195.43	3071.25	-0	-0	-0	300	0	200	-0
163	-0	-0	-0	1506	0	-203	-0	-0	-0	-0	2109	0	-203	-0	-0	-0	-0	903	0	-403	-0	8.96	536.48	-15.14	430.11	0	-195.24	3189.79	-0	-0	-0	300	0	200	-0
164	-0	-0	-0	1506	0	-203	-0	-0	-0	-0	2109	0	-203	-0	-0	-0	-0	903	0	-403	-0	10.32	544.08	-16.15	431.44	0	-195.32	3233.11	0	0	0	300	0	200	0
165	-0	-0	-0	1506	0	-203	-0	-0	-0	-0	2109	0	-203	-0	-0	-0	-0	903	0	-403	-0	11.54	551.14	-17.17	433.01	0	-195.04	3244.22	0	0	0	300	0	200	0
166	-0	-0	-0	1506	0	-203	-0	-0	-0	-0	2109	0	-203	-0	-0	-0	-0	903	0	-403	-0	13.78	559.29	-18.67	435.11	0	-195.01	3282.8	0	0	0	300	0	200	0
167	-0	-0	-0	1506	0	-203	-0	-0	-0	-0	2109	0	-203	-0	0	0	0	903	0	-403	0	15.75	567.16	-19.89	436.28	0	-194.59	3284.22	-0	-0	-0	300	0	200	-0
168	-0	-0	-0	1506	0	-203	-0	-0	-0	-0	2109	0	-203	-0	-0	-0	-0	903	0	-403	-0	17.72	574.49	-21.58	437.66	0	-194.48	3285.66	-0	-0	-0	300	0	200	-0
169	-0	-0	-0	1506	0	-203	-0	-0	-0	-0	2109	0	-203	-0	-0	-0	-0	903	0	-403	-0	21.18	582.91	-26.06	439.6	0	-194.03	2907.05	-0	-0	-0	300	0	200	-0
170	-0	-0	-0	1506	0	-203	-0	-0	-0	-0	2109	0	-203	-0	-0	-0	-0	903	0	-403	-0	22.87	590.51	-27.96	440.51	0	-194.03	2800.96	-0	-0	-0	300	0	200	-0
171	-0	-0	-0	1506	0	-203	-0	-0	-0	-0	2109	0	-203	-0	-0	-0	-0	903	0	-403	-0	23.82	598.11	-28.85	441.29	0	-193.94	2745.62	-0	-0	-0	300	0	200	-0
172	-0	-0	-0	1506	0	-203	-0	-0	-0	-0	2109	0	-203	-0	-0	-0	-0	903	0	-403	-0	26.06	608.16	-29.86	443.1	0	-193.97	2714.36	-0	-0	-0	300	0	200	-0
173	-0	-0	-0	1506	0	-203	-0	-0	-0	-0	2109	0	-203	-0	-0	-0	-0	903	0	-403	-0	28.03	615.21	-30.41	443.88	0	-193.92	2869.53	-0	-0	-0	300	0	200	-0
174	-0	-0	-0	1506	0	-203	-0	-0	-0	-0	2109	0	-203	-0	-0	-0	-0	903	0	-403	-0	30.2	622.27	-31.36	444.69	0	-193.98	2880.95	-0	-0	-0	300	0	200	-0
175	-0	-0	-0	1506	0	-203	-0	-0	-0	-0	2109	0	-203	-0	-0	-0	-0	903	0	-403	-0	33.46	631.78	-31.77	445.59	0	-194.25	2997.02	-0	-0	-0	300	0	200	-0
176	-0	-0	-0	1506	0	-203	-0	-0	-0	-0	2109	0	-203	-0	-0	-0	-0	903	0	-403	-0	36.58	638.84	-31.63	446.46	0	-194.34	3070.51	-0	-0	-0	300	0	200	-0
177	-0	-0	-0	1506	0	-203	-0	-0	-0	-0	2109	0	-203	-0	-0	-0	-0	903	0	-403	-0	39.71	645.35	-31.7	447.29	0	-194.39	3181.42	-0	-0	-0	300	0	200	-0
178	-0	-0	-0	1506	0	-203	-0	-0	-0	-0	2109	0	-203	-0	-0	-0	-0	903	0	-403	-0	43.44	655.4	-32.1	448.02	0	-194.56	3299.22	-0	-0	-0	300	0	200	-0
179	-0	-0	-0	1506	0	-203	-0	-0	-0	-0	2109	0	-203	-0	-0	-0	-0	903	0	-403	-0	46.36	662.18	-32.58	448.38	0	-194.73	3324.62	-0	-0	-0	300	0	200	-0
180	-0	-0	-0	1506	0	-203	-0	-0	-0	-0	2109	0	-203	-0	-0	-0	-0	903	0	-403	-0	49.21	668.43	-32.51	449.2	0	-194.93	3397.74	-0	-0	-0	300	0	200	-0
181	-0	-0	-0	1506	0	-203	-0	-0	-0	-0	2109	0	-203	-0	-0	-0	-0	903	0	-403	-0	53.35	676.57	-32.24	449.73	0	-195.21	3585.53	-0	-0	-0	300	0	200	-0
182	-0	-0	-0	1506	0	-203	-0	-0	-0	-0	2109	0	-203	-0	-0	-0	-0	903	0	-403	-0	56.95	682.27	-31.63	450.3	0	-195.2	3645.63	-0	-0	-0	300	0	200	-0
183	-0	-0	-0	1506	0	-203	-0	-0	-0	-0	2109	0	-203	-0	-0	-0	-0	903	0	-403	-0	60.34	688.52	-31.29	450.72	0	-195.33	3799.39	-0	-0	-0	300	0	200	-0
184	-0	-0	-0	1506	0	-203	-0	-0	-0	-0	2109	0	-203	-0	-0	-0	-0	903	0	-403	-0	64.41	695.31	-31.22	451.27	0	-195.42	3867.23	0	0	0	300	0	200	0
185	-0	-0	-0	1506	0	-203	-0	-0	-0	-0	2109	0	-203	-0	-0	-0	-0	903	0	-403	-0	68.35	699.65	-30.81	451.85	0	-195.53	3967.73	-0	-0	-0	300	0	200	-0
186	-0	-0	-0	1506	0	-203	-0	-0	-0	-0	2109	0	-203	-0	-0	-0	-0	903	0	-403	-0	71.47	705.35	-30.54	451.95	0	-195.69	4121.38	-0	-0	-0	300	0	200	-0
187	-0	-0	-0	1506	0	-203	-0	-0	-0	-0	2109	0	-203	-0	-0	-0	-0	903	0	-403	-0	76.09	709.97	-30	452.4	0	-195.77	4168.39	-0	-0	-0	300	0	200	-0
188	-0	-0	-0	1506	0	-203	-0	-0	-0	-0	2109	0	-203	-0	-0	-0	-0	903	0	-403	-0	79.28	713.77	-30.07	452.61	0	-195.83	4165.94	-0	-0	-0	300	0	200	-0
189	-0	-0	-0	1506	0	-203	-0	-0	-0	-0	2109	0	-203	-0	-0	-0	-0	903	0	-403	-0	83.15	717.03	-29.73	452.84	0	-195.98	4248.91	-0	-0	-0	300	0	200	-0
190	-0	-0	-0	1506	0	-203	-0	-0	-0	-0	2109	0	-203	-0	-0	-0	-0	903	0	-403	-0	88.03	721.1	-29.53	453.36	0	-196.08	4290.81	-0	-0	-0	300	0	200	-0
191	-0	-0	-0	1506	0	-203	-0	-0	-0	-0	2109	0	-203	-0	-0	-0	-0	903	0	-403	-0	91.63	723.54	-29.39	453.58	0	-196.16	4268.51	-0	-0	-0	300	0	200	-0
192	-0	-0	-0	1506	0	-203	-0	-0	-0	-0	2109	0	-203	-0	-0	-0	-0	903	0	-403	-0	95.02	724.63	-29.73	453.83	0	-196.24	4257.86	-0	-0	-0	300	0	200	-0
193	-0	-0	-0	1506	0	-203	-0	-0	-0	-0	2109	0	-203	-0	-0	-0	-0	903	0	-403	-0	99.44	723.81	-30.27	454.46	0	-196.29	4137.26	-0	-0	-0	300	0	200	-0
194	-0	-0	-0	1506	0	-203	-0	-0	-0	-0	2109	0	-203	-0	-0	-0	-0	903	0	-403	-0	102.76	723.54	-30.95	454.86	0	-196.18	4032.24	-0	-0	-0	300	0	200	-0
195	-0	-0	-0	1506	0	-203	-0	-0	-0	-0	2109	0	-203	-0	-0	-0	-0	903	0	-403	-0	105.34	721.64	-31.09	455.13	0	-196.41	4043.85	-0	-0	-0	300	0	200	-0
196	-0	-0	-0	1506	0	-203	-0	-0	-0	-0	2109	0	-203	-0	0	0	0	903	0	-403	0	109.35	717.03	-31.97	455.55	0	-196.21	3818.04	0	0	0	300	0	200	0
197	-0	-0	-0	1506	0	-203	-0	-0	-0	-0	2109	0	-203	-0	-0	-0	-0	903	0	-403	-0	113.01	712.41	-32.44	456.19	0	-196.38	3755.5	-0	-0	-0	300	0	200	-0
198	-0	-0	-0	1506	0	-203	-0	-0	-0	-0	2109	0	-203	-0	-0	-0	-0	903	0	-403	-0	116.4	707.52	-32.58	456.4	0	-196.57	3682.34	-0	-0	-0	300	0	200	-0
199	-0	-0	-0	1506	0	-203	-0	-0	-0	-0	2109	0	-203	-0	-0	-0	-0	903	0	-403	-0	119.87	699.38	-32.78	456.52	0	-196.73	3576.27	-0	-0	-0	300	0	200	-0
200	-0	-0	-0	1506	0	-203	-0	-0	-0	-0	2109	0	-203	-0	-0	-0	-0	903	0	-403	-0	123.19	689.61	-32.65	457.52	0	-196.84	3461.21	-0	-0	-0	300	0	200	-0
201	-0	-0	-0	1506	0	-203	-0	-0	-0	-0	2109	0	-203	-0	-0	-0	-0	903	0	-403	-0	125.7	680.92	-32.85	457.77	0	-197.02	3332.21	-0	-0	-0	300	0	200	-0
202	-0	-0	-0	1506	0	-203	-0	-0	-0	-0	2109	0	-203	-0	-0	-0	-0	903	0	-403	-0	128.69	667.34	-32.44	458.12	0	-197.23	3209.48	-0	-0	-0	300	0	200	-0
203	-0	-0	-0	1506	0	-203	-0	-0	-0	-0	2109	0	-203	-0	5.91	47.78	-6.24	987.86	0	-321.03	168.67	129.23	656.21	-32.51	458.35	0	-197.37	3103.89	-0	-0	-0	300	0	200	-0
204	-0	-0	-0	1506	0	-203	-0	-0	-0	-0	2109	0	-203	-0	16.56	212.58	-15.2	987.73	0	-321.71	358.18	130.32	643.18	-32.72	459.03	0	-197.45	2838.13	-0	-0	-0	300	0	200	-0
205	-0	-0	-0	1506	0	-203	-0	-0	-0	-0	2109	0	-203	-0	26.95	280.73	-8.82	988.44	0	-323.9	160.93	133.03	624.99	-32.04	459.59	0	-197.68	2726.91	-0	-0	-0	300	0	200	-0
206	-0	-0	-0	1506	0	-203	-0	-0	-0	-0	2109	0	-203	-0	12.49	252.76	-9.64	991.72	0	-322.9	1.18	135	608.43	-31.43	460.45	0	-197.79	2506.45	-0	-0	-0	300	0	200	-0
207	-0	-0	-0	1506	0	-203	-0	-0	-0	-0	2109	0	-203	-0	-4.55	235.12	-11.13	994.75	0	-322.34	-30.39	136.97	592.41	-30.41	460.48	0	-198.11	2394.47	0	0	0	300	0	200	0
208	-0	-0	-0	1506	0	-203	-0	-0	-0	-0	2109	0	-203	-0	-21.04	247.33	-11.67	996.01	0	-322.2	5.71	136.9	569.33	-29.32	461.29	0	-198.35	2189.95	-0	-0	-0	300	0	200	-0
209	-0	-0	-0	1506	0	-203	-0	-0	-0	-0	2109	0	-203	-0	-37.67	268.51	-11.74	998.33	0	-321.84	77.64	137.31	547.88	-28.24	462.07	0	-198.64	2095.8	-0	-0	-0	300	0	200	-0
210	-0	-0	-0	1506	0	-203	-0	-0	-0	-0	2109	0	-203	-0	-62.65	295.39	-12.29	1000.68	0	-322.04	-99.8	136.56	527.52	-27.49	462.65	0	-198.79	1892.94	0	0	0	300	0	200	0
211	-0	-0	-0	1506	0	-203	-0	-0	-0	-0	2109	0	-203	-0	-90.54	309.23	-12.42	1002.46	0	-322.27	-21.84	136.22	500.64	-26	462.98	0	-199.23	1727.66	-0	-0	-0	300	0	200	-0
212	-0	-0	-0	1506	0	-203	-0	-0	-0	-0	2109	0	-203	-0	-104.05	314.94	-11.13	1003.42	0	-322.46	-49.15	134.26	477.29	-25.05	463.32	0	-199.42	1529.44	-0	-0	-0	300	0	200	-0
213	-0	-0	-0	1506	0	-203	-0	-0	-0	-0	2109	0	-203	-0	-104.12	327.97	-9.23	1006.28	0	-322.17	-11.11	133.3	452.86	-23.42	464.77	0	-199.65	1413.48	-0	-0	-0	300	0	200	-0
214	-0	-0	-0	1506	0	-203	-0	-0	-0	-0	2109	0	-203	-0	-89.87	352.67	-7.87	1007.26	0	-323.1	-55.76	131.4	421.91	-21.45	465.08	0	-200.12	1273.73	-0	-0	-0	300	0	200	-0
215	-0	-0	-0	1506	0	-203	-0	-0	-0	-0	2109	0	-203	-0	-78.53	376.84	-7.47	1007.71	0	-324.09	-41.31	129.03	396.12	-19.48	465.14	0	-200.18	1222.01	-0	-0	-0	300	0	200	-0
216	-0	-0	-0	1506	0	-203	-0	-0	-0	-0	2109	0	-203	-0	-72.35	398.56	-6.79	1010.59	0	-324.41	18.56	127.06	368.69	-17.92	465.79	0	-200.79	1079.31	-0	-0	-0	300	0	200	-0
217	-0	-0	-0	1506	0	-203	-0	-0	-0	-0	2109	0	-203	-0	-77.78	426.52	-2.17	1015.21	0	-325.94	-259.54	121.9	334.76	-15.68	466.04	0	-201.39	988.33	-0	-0	-0	300	0	200	-0
218	-0	-0	-0	1506	0	-203	-0	-0	-0	-0	2109	0	-203	-0	-89.66	455.3	9.98	1019.69	0	-327.15	-682	116.27	305.44	-13.64	466.9	0	-201.65	947.96	-0	-0	-0	300	0	200	-0
219	-0	-0	-0	1506	0	-203	-0	-0	-0	-0	2109	0	-203	-0	-109.21	495.21	21.31	1023.43	0	-328.55	-1465.57	106.9	278.56	-12.15	468	0	-202.06	778.71	-0	-0	-0	300	0	200	-0
220	-0	-0	-0	1506	0	-203	-0	-0	-0	-0	2109	0	-203	-0	-128.21	534.03	26.81	1027.53	0	-329.06	-1551.69	95.63	241.63	-10.18	468.95	0	-202.54	720.39	-0	-0	-0	300	0	200	-0
221	-0	-0	-0	1506	0	-203	-0	-0	-0	-0	2109	0	-203	-0	-137.11	556.84	27.22	1030.76	0	-329.19	-1651.2	86	210.68	-8.69	469.55	0	-202.74	686.94	-0	-0	-0	300	0	200	-0
222	-0	-0	-0	1506	0	-203	-0	-0	-0	-0	2109	0	-203	-0	-142.6	579.65	25.18	1032.96	0	-329.43	-1251.34	76.49	182.45	-6.79	469.71	0	-202.85	643.22	-0	-0	-0	300	0	200	-0
223	-0	-0	-0	1506	0	-203	-0	-0	-0	-0	2109	0	-203	-0	-143.42	594.03	23.35	1034.76	0	-329.52	-939.84	62.78	141.99	-5.16	471.44	0	-203.68	571.97	-0	-0	-0	300	0	200	-0
224	-0	-0	-0	1506	0	-203	-0	-0	-0	-0	2109	0	-203	-0	-143.96	604.89	22.67	1035.59	0	-329.54	-639.01	52.13	110.5	-4	474.12	0	-203.25	525.95	-0	-0	-0	300	0	200	-0
225	-0	-0	-0	1506	0	-203	-0	-0	-0	-0	2109	0	-203	-0	-142.74	612.77	23.55	1037.01	0	-329.4	-394.96	41.88	83.62	-3.46	477.8	0	-204.98	424.2	-0	-0	-0	300	0	200	-0
226	-0	-0	-0	1506	0	-203	-0	-0	-0	-0	2109	0	-203	-0	-142.2	617.38	25.79	1038.69	0	-329.57	-176.03	31.63	54.57	-2.65	484.5	0	-205.53	270.79	-0	-0	-0	300	0	200	-0
227	-0	-0	-0	1506	0	-203	-0	-0	-0	-0	2109	0	-203	-0	-140.7	623.08	28.98	1039.11	0	-329.91	-164.34	24.16	38.28	-2.44	490.23	0	-205.52	180.53	0	0	0	300	0	200	0
228	-0	-0	-0	1506	0	-203	-0	-0	-0	-0	2109	0	-203	-0	-137.99	624.99	32.51	1040.77	0	-329.89	-368.61	16.9	26.88	-2.24	511.41	0	-205.57	71.5	-0	-0	-0	300	0	200	-0
229	-0	-0	-0	1506	0	-203	-0	-0	-0	-0	2109	0	-203	-0	-135.61	632.04	37.87	1041.46	0	-330.12	-465.19	12.22	19.82	-2.1	501.11	0	-209.96	77.33	0	0	0	300	0	200	0
230	-0	-0	-0	1506	0	-203	-0	-0	-0	-0	2109	0	-203	-0	-134.73	639.92	42.22	1041.56	0	-330.8	-575.6	9.57	15.2	-2.17	516.81	0	-210.26	-13.56	-0	-0	-0	300	0	200	-0
231	-0	-0	-0	1506	0	-203	-0	-0	-0	-0	2109	0	-203	-0	-134.39	646.98	46.49	1042.23	0	-330.95	-565.61	-0	-0	-0	300	0	-203	-0	-0	-0	-0	300	0	200	-0
232	-0	-0	-0	1506	0	-203	-0	-0	-0	-0	2109	0	-203	-0	-133.1	649.15	49.68	1043.44	0	-331.04	-395.72	-0	-0	-0	300	0	-203	-0	0	0	0	300	0	200	0
233	-0	-0	-0	1506	0	-203	-0	-0	-0	-0	2109	0	-203	-0	-131.4	651.05	51.99	1043.81	0	-331.1	-130.69	-0	-0	-0	300	0	-203	-0	-0	-0	-0	300	0	200	-0
234	-0	-0	-0	1506	0	-203	-0	-0	-0	-0	2109	0	-203	-0	-128.76	653.22	53.48	1043.68	0	-331.63	-100.37	-0	-0	-0	300	0	-203	-0	-0	-0	-0	300	0	200	-0
235	-0	-0	-0	1506	0	-203	-0	-0	-0	-0	2109	0	-203	-0	-126.65	649.69	54.16	1044.38	0	-331.63	21.52	-0	-0	-0	300	0	-203	-0	-0	-0	-0	300	0	200	-0
236	-0	-0	-0	1506	0	-203	-0	-0	-0	-0	2109	0	-203	-0	-124.28	646.7	54.57	1044.65	0	-331.62	30.6	-0	-0	-0	300	0	-203	-0	-0	-0	-0	300	0	200	-0
237	-0	-0	-0	1506	0	-203	-0	-0	-0	-0	2109	0	-203	-0	-122.31	646.7	54.98	1045.04	0	-331.77	83.37	-0	-0	-0	300	0	-203	-0	-0	-0	-0	300	0	200	-0
238	-0	-0	-0	1506	0	-203	-0	-0	-0	-0	2109	0	-203	-0	-120.61	647.52	54.91	1045.11	0	-331.73	85.82	-0	-0	-0	300	0	-203	-0	-0	-0	-0	300	0	200	-0
239	-0	-0	-0	1506	0	-203	-0	-0	-0	-0	2109	0	-203	-0	-119.66	647.79	54.5	1045.27	0	-331.93	110.12	-0	-0	-0	300	0	-203	-0	-0	-0	-0	300	0	200	-0
240	-0	-0	-0	1506	0	-203	-0	-0	-0	-0	2109	0	-203	-0	-117.08	647.52	53.55	1045.58	0	-331.9	113.69	-0	-0	-0	300	0	-203	-0	-0	-0	-0	300	0	200	-0
241	-0	-0	-0	1506	0	-203	-0	-0	-0	-0	2109	0	-203	-0	-114.64	649.42	52.81	1045.1	0	-332.02	159.47	-0	-0	-0	300	0	-203	-0	-0	-0	-0	300	0	200	-0
242	-0	-0	-0	1506	0	-203	-0	-0	-0	-0	2109	0	-203	-0	-111.52	648.06	52.06	1045.12	0	-332.05	289.03	-0	-0	-0	300	0	-203	-0	-0	-0	-0	300	0	200	-0
243	-0	-0	-0	1506	0	-203	-0	-0	-0	-0	2109	0	-203	-0	-107.17	644.26	50.16	1045.13	0	-331.93	308.05	-0	-0	-0	300	0	-203	-0	-0	-0	-0	300	0	200	-0
244	-0	-0	-0	1506	0	-203	-0	-0	-0	-0	2109	0	-203	-0	-102.15	642.36	48.46	1044.64	0	-331.95	266.62	-0	-0	-0	300	0	-203	-0	0	0	0	300	0	200	0
245	-0	-0	-0	1506	0	-203	-0	-0	-0	-0	2109	0	-203	-0	-98.21	638.83	47.38	1044.78	0	-331.91	349.23	-0	-0	-0	300	0	-203	-0	-0	-0	-0	300	0	200	-0
246	-0	-0	-0	1506	0	-203	-0	-0	-0	-0	2109	0	-203	-0	-94.89	634.49	45.88	1044.84	0	-331.7	516.13	-0	-0	-0	300	0	-203	-0	-0	-0	-0	300	0	200	-0
247	-0	-0	-0	1506	0	-203	-0	-0	-0	-0	2109	0	-203	-0	-89.59	627.43	44.59	1045.36	0	-331.54	552.19	-0	-0	-0	300	0	-203	-0	-0	-0	-0	300	0	200	-0
248	-0	-0	-0	1506	0	-203	-0	-0	-0	-0	2109	0	-203	-0	-86.06	624.99	44.25	1045.23	0	-331.5	607.74	-0	-0	-0	300	0	-203	-0	-0	-0	-0	300	0	200	-0
249	-0	-0	-0	1506	0	-203	-0	-0	-0	-0	2109	0	-203	-0	-82.33	622	43.51	1044.74	0	-331.93	636.15	-0	-0	-0	300	0	-203	-0	-0	-0	-0	300	0	200	-0
250	-0	-0	-0	1506	0	-203	-0	-0	-0	-0	2109	0	-203	-0	-78.6	616.3	41.95	1044.35	0	-332.26	538.51	-0	-0	-0	300	0	-203	-0	-0	-0	-0	300	0	200	-0
251	-0	-0	-0	1506	0	-203	-0	-0	-0	-0	2109	0	-203	-0	-74.39	610.05	41.74	1044.71	0	-332.1	506.16	-0	-0	-0	300	0	-203	-0	-0	-0	-0	300	0	200	-0
252	-0	-0	-0	1506	0	-203	-0	-0	-0	-0	2109	0	-203	-0	-69.91	603.81	41.47	1044.55	0	-332.33	513.96	-0	-0	-0	300	0	-203	-0	-0	-0	-0	300	0	200	-0
253	-0	-0	-0	1506	0	-203	-0	-0	-0	-0	2109	0	-203	-0	-66.18	596.75	40.66	1044.47	0	-332.23	496.46	-0	-0	-0	300	0	-203	-0	-0	-0	-0	300	0	200	-0
254	-0	-0	-0	1506	0	-203	-0	-0	-0	-0	2109	0	-203	-0	-63.06	590.51	39.64	1044.66	0	-332.25	451.27	-0	-0	-0	300	0	-203	-0	-0	-0	-0	300	0	200	-0
255	-0	-0	-0	1506	0	-203	-0	-0	-0	-0	2109	0	-203	-0	-58.78	581.27	39.5	1044.91	0	-332.46	562.02	-0	-0	-0	300	0	-203	-0	-0	-0	-0	300	0	200	-0
256	-0	-0	-0	1506	0	-203	-0	-0	-0	-0	2109	0	-203	-0	-55.05	574.49	39.37	1044.81	0	-332.78	595.82	-0	-0	-0	300	0	-203	-0	-0	-0	-0	300	0	200	-0
257	-0	-0	-0	1506	0	-203	-0	-0	-0	-0	2109	0	-203	-0	-52.53	567.16	38.82	1044.85	0	-332.75	667.83	-0	-0	-0	300	0	-203	-0	-0	-0	-0	300	0	200	-0
258	-0	-0	-0	1506	0	-203	-0	-0	-0	-0	2109	0	-203	-0	-48.94	556.3	38.21	1045.71	0	-332.76	760.44	-0	-0	-0	300	0	-203	-0	-0	-0	-0	300	0	200	-0
259	-0	-0	-0	1506	0	-203	-0	-0	-0	-0	2109	0	-203	-0	-45.14	548.42	37.47	1045.84	0	-333.04	633.11	-0	-0	-0	300	0	-203	-0	-0	-0	-0	300	0	200	-0
260	-0	-0	-0	1506	0	-203	-0	-0	-0	-0	2109	0	-203	-0	-42.56	539.19	36.65	1046.06	0	-333.02	638.35	-0	-0	-0	300	0	-203	-0	-0	-0	-0	300	0	200	-0
261	-0	-0	-0	1506	0	-203	-0	-0	-0	-0	2109	0	-203	-0	-39.91	529.42	36.31	1046.02	0	-333.39	769.03	-0	-0	-0	300	0	-203	-0	0	0	0	300	0	200	0
262	-0	-0	-0	1506	0	-203	-0	-0	-0	-0	2109	0	-203	-0	-37.26	517.2	35.36	1046.76	0	-333.37	703.19	-0	-0	-0	300	0	-203	-0	0	0	0	300	0	200	0
263	-0	-0	-0	1506	0	-203	-0	-0	-0	-0	2109	0	-203	-0	-35.36	508.78	35.36	1047.11	0	-333.82	887.89	-0	-0	-0	300	0	-203	-0	-0	-0	-0	300	0	200	-0
264	-0	-0	-0	1506	0	-203	-0	-0	-0	-0	2109	0	-203	-0	-33.19	498.2	34.96	1047.26	0	-334.23	937.93	-0	-0	-0	300	0	-203	-0	-0	-0	-0	300	0	200	-0
265	-0	-0	-0	1506	0	-203	-0	-0	-0	-0	2109	0	-203	-0	-31.43	487.34	34.28	1047.93	0	-334.31	944.15	-0	-0	-0	300	0	-203	-0	-0	-0	-0	300	0	200	-0
266	-0	-0	-0	1506	0	-203	-0	-0	-0	-0	2109	0	-203	-0	-29.25	478.11	33.87	1048.71	0	-334.55	895.19	-0	-0	-0	300	0	-203	-0	-0	-0	-0	300	0	200	-0
267	-0	-0	-0	1506	0	-203	-0	-0	-0	-0	2109	0	-203	-0	-27.22	467.79	34.34	1049.71	0	-334.66	997.77	-0	-0	-0	300	0	-203	-0	0	0	0	300	0	200	0
268	-0	-0	-0	1506	0	-203	-0	-0	-0	-0	2109	0	-203	-0	-25.45	459.64	34.28	1050.18	0	-334.98	1019.97	-0	-0	-0	300	0	-203	-0	-0	-0	-0	300	0	200	-0
269	-0	-0	-0	1506	0	-203	-0	-0	-0	-0	2109	0	-203	-0	-23.96	452.86	34.21	1050.44	0	-335.42	997.96	-0	-0	-0	300	0	-203	-0	-0	-0	-0	300	0	200	-0
270	-0	-0	-0	1506	0	-203	-0	-0	-0	-0	2109	0	-203	-0	-22.53	442.27	34.14	1052.41	0	-335.36	1010.22	-0	-0	-0	300	0	-203	-0	0	0	0	300	0	200	0
271	-0	-0	-0	1506	0	-203	-0	-0	-0	-0	2109	0	-203	-0	-21.24	437.11	34.96	1052.91	0	-335.73	1104.35	-0	-0	-0	300	0	-203	-0	-0	-0	-0	300	0	200	-0
272	-0	-0	-0	1506	0	-203	-0	-0	-0	-0	2109	0	-203	-0	-20.57	433.85	34.82	1053.53	0	-336.34	1171.45	-0	-0	-0	300	0	-203	-0	-0	-0	-0	300	0	200	-0
273	-0	-0	-0	1506	0	-203	-0	-0	-0	-0	2109	0	-203	-0	-19.48	426.79	34.48	1055.21	0	-336.24	1119.99	-0	-0	-0	300	0	-203	-0	-0	-0	-0	300	0	200	-0
274	-0	-0	-0	1506	0	-203	-0	-0	-0	-0	2109	0	-203	-0	-17.99	421.36	34.68	1057	0	-336.39	1152.24	-0	-0	-0	300	0	-203	-0	-0	-0	-0	300	0	200	-0
275	-0	-0	-0	1506	0	-203	-0	-0	-0	-0	2109	0	-203	-0	-16.29	420.28	34.34	1057.04	0	-336.97	1128.71	-0	-0	-0	300	0	-203	-0	-0	-0	-0	300	0	200	-0
276	-0	-0	-0	1506	0	-203	-0	-0	-0	-0	2109	0	-203	-0	-15.81	417.02	34.48	1057.98	0	-337.09	1145.39	-0	-0	-0	300	0	-203	-0	-0	-0	-0	300	0	200	-0
277	-0	-0	-0	1506	0	-203	-0	-0	-0	-0	2109	0	-203	-0	-14.05	411.86	33.6	1060.22	0	-336.8	1071.72	-0	-0	-0	300	0	-203	-0	-0	-0	-0	300	0	200	-0
278	-0	-0	-0	1506	0	-203	-0	-0	-0	-0	2109	0	-203	-0	-12.9	411.05	33.6	1060.77	0	-337	1048.98	-0	-0	-0	300	0	-203	-0	-0	-0	-0	300	0	200	-0
279	-0	-0	-0	1506	0	-203	-0	-0	-0	-0	2109	0	-203	-0	-11.74	410.5	33.19	1061.65	0	-337.65	1061.17	-0	-0	-0	300	0	-203	-0	-0	-0	-0	300	0	200	-0
280	-0	-0	-0	1506	0	-203	-0	-0	-0	-0	2109	0	-203	-0	-10.66	409.69	32.65	1062.74	0	-337.62	1027.86	-0	-0	-0	300	0	-203	-0	-0	-0	-0	300	0	200	-0
281	-0	-0	-0	1506	0	-203	-0	-0	-0	-0	2109	0	-203	-0	-9.84	409.42	31.56	1063.99	0	-337.71	913.86	-0	-0	-0	300	0	-203	-0	0	0	0	300	0	200	0
282	-0	-0	-0	1506	0	-203	-0	-0	-0	-0	2109	0	-203	-0	-8.21	411.05	31.02	1064.96	0	-337.94	927.7	-0	-0	-0	300	0	-203	-0	-0	-0	-0	300	0	200	-0
283	-0	-0	-0	1506	0	-203	-0	-0	-0	-0	2109	0	-203	-0	-7.33	412.4	30.54	1066.17	0	-337.62	1001.47	-0	-0	-0	300	0	-203	-0	-0	-0	-0	300	0	200	-0
284	-0	-0	-0	1506	0	-203	-0	-0	-0	-0	2109	0	-203	-0	-6.24	414.85	28.98	1066.97	0	-338.14	754.34	-0	-0	-0	300	0	-203	-0	0	0	0	300	0	200	0
285	-0	-0	-0	1506	0	-203	-0	-0	-0	-0	2109	0	-203	-0	-4.82	417.83	27.96	1068.54	0	-338.24	652.08	-0	-0	-0	300	0	-203	-0	-0	-0	-0	300	0	200	-0
286	-0	-0	-0	1506	0	-203	-0	-0	-0	-0	2109	0	-203	-0	-3.53	421.63	27.22	1069.99	0	-338.46	549.2	-0	-0	-0	300	0	-203	-0	-0	-0	-0	300	0	200	-0
287	-0	-0	-0	1506	0	-203	-0	-0	-0	-0	2109	0	-203	-0	-3.39	424.35	26.74	1071.39	0	-338.19	556.39	-0	-0	-0	300	0	-203	-0	-0	-0	-0	300	0	200	-0
288	-0	-0	-0	1506	0	-203	-0	-0	-0	-0	2109	0	-203	-0	-2.71	430.59	25.18	1071.51	0	-338.3	317.77	-0	-0	-0	300	0	-203	-0	-0	-0	-0	300	0	200	-0
289	-0	-0	-0	1506	0	-203	-0	-0	-0	-0	2109	0	-203	-0	-1.29	435.21	24.37	1072.7	0	-338.07	231.42	-0	-0	-0	300	0	-203	-0	0	0	0	300	0	200	0
290	-0	-0	-0	1506	0	-203	-0	-0	-0	-0	2109	0	-203	-0	-0.07	439.82	24.1	1074.31	0	-338.37	115.38	-0	-0	-0	300	0	-203	-0	-0	-0	-0	300	0	200	-0
291	-0	-0	-0	1506	0	-203	-0	-0	-0	-0	2109	0	-203	-0	0.41	446.07	23.28	1075.13	0	-338.66	41.87	-0	-0	-0	300	0	-203	-0	-0	-0	-0	300	0	200	-0
292	-0	-0	-0	1506	0	-203	-0	-0	-0	-0	2109	0	-203	-0	1.09	450.96	21.99	1076.44	0	-338.77	-198.17	-0	-0	-0	300	0	-203	-0	-0	-0	-0	300	0	200	-0
293	-0	-0	-0	1506	0	-203	-0	-0	-0	-0	2109	0	-203	-0	2.17	454.21	21.86	1077.57	0	-338.32	-247.18	-0	-0	-0	300	0	-203	-0	-0	-0	-0	300	0	200	-0
294	-0	-0	-0	1506	0	-203	-0	-0	-0	-0	2109	0	-203	-0	2.85	459.37	21.58	1079.03	0	-338.75	-279.84	-0	-0	-0	300	0	-203	-0	-0	-0	-0	300	0	200	-0
295	-0	-0	-0	1506	0	-203	-0	-0	-0	-0	2109	0	-203	-0	3.26	464.53	21.52	1080.07	0	-338.81	-352.18	-0	-0	-0	300	0	-203	-0	-0	-0	-0	300	0	200	-0
296	-0	-0	-0	1506	0	-203	-0	-0	-0	-0	2109	0	-203	-0	3.46	467.79	20.97	1081.17	0	-338.93	-462.13	-0	-0	-0	300	0	-203	-0	-0	-0	-0	300	0	200	-0
297	-0	-0	-0	1506	0	-203	-0	-0	-0	-0	2109	0	-203	-0	4.62	469.96	20.63	1082.84	0	-338.82	-633.25	-0	-0	-0	300	0	-203	-0	0	0	0	300	0	200	0
298	-0	-0	-0	1506	0	-203	-0	-0	-0	-0	2109	0	-203	-0	5.57	473.22	20.84	1084.93	0	-339	-654.56	-0	-0	-0	300	0	-203	-0	0	0	0	300	0	200	0
299	-0	-0	-0	1506	0	-203	-0	-0	-0	-0	2109	0	-203	-0	5.91	477.56	21.11	1085.35	0	-338.97	-673.24	-0	-0	-0	300	0	-203	-0	-0	-0	-0	300	0	200	-0
300	-0	-0	-0	1506	0	-203	-0	-0	-0	-0	2109	0	-203	-0	6.45	480.01	20.23	1086.81	0	-339.3	-892.5	-0	-0	-0	300	0	-203	-0	-0	-0	-0	300	0	200	-0
301	-0	-0	-0	1506	0	-203	-0	-0	-0	-0	2109	0	-203	-0	7.6	481.63	20.5	1089.05	0	-339.46	-977.55	-0	-0	-0	300	0	-203	-0	-0	-0	-0	300	0	200	-0
302	-0	-0	-0	1506	0	-203	-0	-0	-0	-0	2109	0	-203	-0	8.08	485.16	21.04	1090.11	0	-339.32	-926.82	-0	-0	-0	300	0	-203	-0	-0	-0	-0	300	0	200	-0
303	-0	-0	-0	1506	0	-203	-0	-0	-0	-0	2109	0	-203	-0	8.55	489.24	21.24	1091.63	0	-339.65	-949.45	-0	-0	-0	300	0	-203	-0	-0	-0	-0	300	0	200	-0
304	-0	-0	-0	1506	0	-203	-0	-0	-0	-0	2109	0	-203	-0	9.3	491.95	20.91	1093.5	0	-339.61	-1111.61	-0	-0	-0	300	0	-203	-0	-0	-0	-0	300	0	200	-0
305	-0	-0	-0	1506	0	-203	-0	-0	-0	-0	2109	0	-203	-0	10.32	494.12	21.65	1095.15	0	-339.75	-1091.64	-0	-0	-0	300	0	-203	-0	-0	-0	-0	300	0	200	-0
306	-0	-0	-0	1506	0	-203	-0	-0	-0	-0	2109	0	-203	-0	11.61	500.1	21.92	1096.16	0	-340.18	-1205.93	-0	-0	-0	300	0	-203	-0	-0	-0	-0	300	0	200	-0
307	-0	-0	-0	1506	0	-203	-0	-0	-0	-0	2109	0	-203	-0	12.49	503.35	22.19	1098.56	0	-340.23	-1274.1	-0	-0	-0	300	0	-203	-0	-0	-0	-0	300	0	200	-0
308	-0	-0	-0	1506	0	-203	-0	-0	-0	-0	2109	0	-203	-0	13.03	507.7	22.47	1099.52	0	-340.22	-1311.15	-0	-0	-0	300	0	-203	-0	-0	-0	-0	300	0	200	-0
309	-0	-0	-0	1506	0	-203	-0	-0	-0	-0	2109	0	-203	-0	15	511.5	22.67	1101.89	0	-340.44	-1503.15	-0	-0	-0	300	0	-203	-0	-0	-0	-0	300	0	200	-0
310	-0	-0	-0	1506	0	-203	-0	-0	-0	-0	2109	0	-203	-0	16.29	520.46	23.48	1102.62	0	-341.23	-1571.02	-0	-0	-0	300	0	-203	-0	-0	-0	-0	300	0	200	-0
311	-0	-0	-0	1506	0	-203	-0	-0	-0	-0	2109	0	-203	-0	16.43	524.8	23.42	1103.81	0	-341.03	-1654.64	-0	-0	-0	300	0	-203	-0	-0	-0	-0	300	0	200	-0
312	-0	-0	-0	1506	0	-203	-0	-0	-0	-0	2109	0	-203	-0	17.92	528.88	23.62	1106.04	0	-341.25	-1766.85	-0	-0	-0	300	0	-203	-0	-0	-0	-0	300	0	200	-0
313	-0	-0	-0	1506	0	-203	-0	-0	-0	-0	2109	0	-203	-0	20.09	534.58	24.3	1108.39	0	-341.49	-1802.84	-0	-0	-0	300	0	-203	-0	-0	-0	-0	300	0	200	-0
314	-0	-0	-0	1506	0	-203	-0	-0	-0	-0	2109	0	-203	-0	21.04	541.91	24.5	1109.05	0	-341.89	-1850.12	-0	-0	-0	300	0	-203	-0	-0	-0	-0	300	0	200	-0
315	-0	-0	-0	1506	0	-203	-0	-0	-0	-0	2109	0	-203	-0	22.47	547.88	24.5	1111.01	0	-342	-2002.23	-0	-0	-0	300	0	-203	-0	-0	-0	-0	300	0	200	-0
316	-0	-0	-0	1506	0	-203	-0	-0	-0	-0	2109	0	-203	-0	24.37	554.4	24.77	1113.09	0	-342.2	-2077.74	-0	-0	-0	300	0	-203	-0	-0	-0	-0	300	0	200	-0
317	-0	-0	-0	1506	0	-203	-0	-0	-0	-0	2109	0	-203	-0	26.4	560.1	25.72	1115.04	0	-342.33	-2038.07	-0	-0	-0	300	0	-203	-0	0	0	0	300	0	200	0
318	-0	-0	-0	1506	0	-203	-0	-0	-0	-0	2109	0	-203	-0	27.62	568.79	26.2	1116.22	0	-342.6	-2074.89	-0	-0	-0	300	0	-203	-0	0	0	0	300	0	200	0
319	-0	-0	-0	1506	0	-203	-0	-0	-0	-0	2109	0	-203	-0	29.73	574.76	26	1118.54	0	-342.82	-2304.41	-0	-0	-0	300	0	-203	-0	-0	-0	-0	300	0	200	-0
320	-0	-0	-0	1506	0	-203	-0	-0	-0	-0	2109	0	-203	-0	31.9	580.46	26.81	1120.53	0	-343.03	-2233.88	-0	-0	-0	300	0	-203	-0	-0	-0	-0	300	0	200	-0
321	-0	-0	-0	1506	0	-203	-0	-0	-0	-0	2109	0	-203	-0	33.73	589.15	27.83	1121.63	0	-343.12	-2226.64	-0	-0	-0	300	0	-203	-0	-0	-0	-0	300	0	200	-0
322	-0	-0	-0	1506	0	-203	-0	-0	-0	-0	2109	0	-203	-0	35.91	596.75	28.3	1123.23	0	-343.6	-2224.42	-0	-0	-0	300	0	-203	-0	-0	-0	-0	300	0	200	-0
323	-0	-0	-0	1506	0	-203	-0	-0	-0	-0	2109	0	-203	-0	37.47	601.64	28.51	1124.7	0	-343.72	-2277.88	-0	-0	-0	300	0	-203	-0	0	0	0	300	0	200	0
324	-0	-0	-0	1506	0	-203	-0	-0	-0	-0	2109	0	-203	-0	40.32	607.88	29.05	1126.69	0	-343.92	-2300.31	0	0	0	300	0	-203	0	-0	-0	-0	300	0	200	-0
325	-0	-0	-0	1506	0	-203	-0	-0	-0	-0	2109	0	-203	-0	42.69	616.3	30	1127.8	0	-344.37	-2265.36	-0	-0	-0	300	0	-203	-0	-0	-0	-0	300	0	200	-0
326	-0	-0	-0	1506	0	-203	-0	-0	-0	-0	2109	0	-203	-0	44.39	619.28	29.93	1129.79	0	-344.25	-2362.01	-0	-0	-0	300	0	-203	-0	-0	-0	-0	300	0	200	-0
327	-0	-0	-0	1506	0	-203	-0	-0	-0	-0	2109	0	-203	-0	46.7	624.71	30.88	1131.41	0	-344.52	-2224.49	-0	-0	-0	300	0	-203	-0	-0	-0	-0	300	0	200	-0
328	-0	-0	-0	1506	0	-203	-0	-0	-0	-0	2109	0	-203	-0	50.36	630.96	31.36	1133.2	0	-344.64	-2299.4	-0	-0	-0	300	0	-203	-0	-0	-0	-0	300	0	200	-0
329	-0	-0	-0	1506	0	-203	-0	-0	-0	-0	2109	0	-203	-0	52.74	635.57	32.51	1134.11	0	-344.84	-2121.57	-0	-0	-0	300	0	-203	-0	-0	-0	-0	300	0	200	-0
330	-0	-0	-0	1506	0	-203	-0	-0	-0	-0	2109	0	-203	-0	55.05	640.73	32.92	1135.56	0	-344.86	-2099.11	-0	-0	-0	300	0	-203	-0	-0	-0	-0	300	0	200	-0
331	-0	-0	-0	1506	0	-203	-0	-0	-0	-0	2109	0	-203	-0	58.37	645.08	33.39	1137.1	0	-344.84	-2072.99	-0	-0	-0	300	0	-203	-0	-0	-0	-0	300	0	200	-0
332	-0	-0	-0	1506	0	-203	-0	-0	-0	-0	2109	0	-203	-0	61.22	649.96	33.67	1138.01	0	-344.92	-1972.56	-0	-0	-0	300	0	-203	-0	-0	-0	-0	300	0	200	-0
333	-0	-0	-0	1506	0	-203	-0	-0	-0	-0	2109	0	-203	-0	64.48	655.39	34.07	1139.18	0	-344.94	-1921.68	-0	-0	-0	300	0	-203	-0	0	0	0	300	0	200	0
334	-0	-0	-0	1506	0	-203	-0	-0	-0	-0	2109	0	-203	-0	67.4	659.74	33.6	1140.36	0	-344.95	-1952.86	-0	-0	-0	300	0	-203	-0	-0	-0	-0	300	0	200	-0
335	-0	-0	-0	1506	0	-203	-0	-0	-0	-0	2109	0	-203	-0	70.45	663.27	33.26	1141.22	0	-344.84	-2096.64	-0	-0	-0	300	0	-203	-0	-0	-0	-0	300	0	200	-0
336	-2.57	18.79	5.84	1272.65	0	-344.15	-287.21	-0	-0	-0	2109	0	-203	-0	73.3	667.88	33.39	1141.84	0	-344.72	-2038.31	-0	-0	-0	300	0	-203	-0	-0	-0	-0	300	0	200	-0
337	-0	-0	-0	1506	0	-203	-0	-0	-0	-0	2109	0	-203	-0	76.02	672.23	33.6	1142.91	0	-344.81	-1884.75	-0	-0	-0	300	0	-203	-0	0	0	0	300	0	200	0
338	-3.21	16.61	3.74	1206.11	0	-343.91	163.58	-0	-0	-0	2109	0	-203	-0	78.67	677.93	32.78	1142.6	0	-345.08	-2087.21	-0	-0	-0	300	0	-203	-0	0	0	0	300	0	200	0
339	-2.41	18.17	4.05	1251.28	0	-362.03	-32.75	-0	-0	-0	2109	0	-203	-0	81.65	678.74	32.44	1144.12	0	-344.62	-2121.03	-0	-0	-0	300	0	-203	-0	-0	-0	-0	300	0	200	-0
340	-4.18	21.61	5.51	1250.24	0	-349.07	-557.18	-0	-0	-0	2109	0	-203	-0	84.77	682.54	32.44	1144.55	0	-344.66	-2095.96	-0	-0	-0	300	0	-203	-0	-0	-0	-0	300	0	200	-0
341	-3.37	21.3	4.55	1257.14	0	-355.17	209.25	-0	-0	-0	2109	0	-203	-0	87.49	685.8	32.58	1144.94	0	-344.68	-2045.72	-0	-0	-0	300	0	-203	-0	-0	-0	-0	300	0	200	-0
342	-4.01	21.3	4.06	1249.88	0	-349.19	219.34	-0	-0	-0	2109	0	-203	-0	90.27	687.43	32.31	1145.75	0	-344.58	-2018.86	-0	-0	-0	300	0	-203	-0	0	0	0	300	0	200	0
343	-3.69	20.68	3.9	1212.54	0	-357.64	-68.15	-0	-0	-0	2109	0	-203	-0	94.07	687.43	32.17	1146.99	0	-344.5	-2075.91	-0	-0	-0	300	0	-203	-0	-0	-0	-0	300	0	200	-0
344	-3.85	25.06	4.7	1253.55	0	-347.03	-326.38	-0	-0	-0	2109	0	-203	-0	97.47	689.06	32.38	1146.97	0	-344.63	-2034.26	-0	-0	-0	300	0	-203	-0	-0	-0	-0	300	0	200	-0
345	-3.85	23.18	5.35	1238.49	0	-357.39	-146.66	-0	-0	-0	2109	0	-203	-0	100.52	689.33	32.92	1147.34	0	-344.64	-1828.14	-0	-0	-0	300	0	-203	-0	-0	-0	-0	300	0	200	-0
346	-4.5	25.06	3.9	1257.31	0	-345.57	261.69	-0	-0	-0	2109	0	-203	-0	103.78	688.79	32.65	1147.47	0	-344.51	-1933.06	-0	-0	-0	300	0	-203	-0	-0	-0	-0	300	0	200	-0
347	-4.82	25.38	3.57	1227.71	0	-345.9	-132.75	-0	-0	-0	2109	0	-203	-0	106.83	685.8	33.05	1148.21	0	-344.64	-1818.82	-0	-0	-0	300	0	-203	-0	-0	-0	-0	300	0	200	-0
348	-4.34	29.45	3.89	1247.82	0	-334.53	-160.8	-0	-0	-0	2109	0	-203	-0	110.63	681.73	33.12	1148.99	0	-344.53	-1882.42	-0	-0	-0	300	0	-203	-0	-0	-0	-0	300	0	200	-0
349	-3.85	29.76	3.58	1282.84	0	-350.12	545.19	-0	-0	-0	2109	0	-203	-0	114.1	677.93	33.33	1148.82	0	-344.77	-1843.75	-0	-0	-0	300	0	-203	-0	-0	-0	-0	300	0	200	-0
350	-4.66	28.2	3.09	1253.59	0	-339.1	341.77	-0	-0	-0	2109	0	-203	-0	116.88	672.5	33.26	1149.21	0	-344.9	-1824.42	-0	-0	-0	300	0	-203	-0	-0	-0	-0	300	0	200	-0
351	-4.34	27.89	3.09	1231.08	0	-333.86	158.85	-0	-0	-0	2109	0	-203	-0	120.68	665.17	33.05	1149.87	0	-344.82	-1905.7	-0	-0	-0	300	0	-203	-0	-0	-0	-0	300	0	200	-0
352	-4.98	30.7	4.38	1253.21	0	-350.48	-406.09	-0	-0	-0	2109	0	-203	-0	124.21	655.12	33.67	1150.56	0	-344.54	-1758.21	-0	-0	-0	300	0	-203	-0	0	0	0	300	0	200	0
353	-6.43	33.83	4.87	1300.57	0	-329.45	-235.23	-0	-0	-0	2109	0	-203	-0	126.45	647.52	33.6	1150.85	0	-344.72	-1686.52	-0	-0	-0	300	0	-203	-0	-0	-0	-0	300	0	200	-0
354	-6.59	41.98	5.35	1358.16	0	-304.34	-176.6	-0	-0	-0	2109	0	-203	-0	128.96	636.66	33.05	1151.07	0	-344.83	-1701.09	-0	-0	-0	300	0	-203	-0	-0	-0	-0	300	0	200	-0
355	-0.65	79.57	6.99	1497.84	0	-263.95	362.78	-0	-0	-0	2109	0	-203	-0	131.4	621.46	32.17	1152.21	0	-344.57	-1802.12	-0	-0	-0	300	0	-203	-0	-0	-0	-0	300	0	200	-0
356	3.19	229.27	13.67	1611.09	0	-234.14	1246.34	-0	-0	-0	2109	0	-203	-0	133.51	607.34	31.9	1153.69	0	-344.27	-1703.42	-0	-0	-0	300	0	-203	-0	-0	-0	-0	300	0	200	-0
357	13.8	339.19	12.03	1629.67	0	-229.43	1289.12	-0	-0	-0	2109	0	-203	-0	135.27	595.93	31.09	1152.67	0	-344.84	-1612.76	-0	-0	-0	300	0	-203	-0	0	0	0	300	0	200	0
358	3.68	317.26	15.26	1629.98	0	-230.79	860.05	-0	-0	-0	2109	0	-203	-0	136.43	578.83	29.59	1152.78	0	-344.57	-1685.64	-0	-0	-0	300	0	-203	-0	-0	-0	-0	300	0	200	-0
359	-10.31	296.27	18.49	1632.07	0	-230.59	679.37	-0	-0	-0	2109	0	-203	-0	137.38	562.54	27.69	1153.47	0	-344.35	-1818.6	-0	-0	-0	300	0	-203	-0	0	0	0	300	0	200	0
360	-23.48	311.61	19.14	1634.48	0	-231.18	313.78	-0	-0	-0	2109	0	-203	-0	138.4	542.72	26	1154.28	0	-344.22	-1747.4	-0	-0	-0	300	0	-203	-0	-0	-0	-0	300	0	200	-0
361	-37.47	342.6	19.8	1642.29	0	-229.72	878.62	-0	-0	-0	2109	0	-203	-0	137.17	521	24.37	1154.54	0	-344.1	-1603.91	-0	-0	-0	300	0	-203	-0	-0	-0	-0	300	0	200	-0
362	-59.16	368.26	19.33	1651.74	0	-229.34	876.8	-0	-0	-0	2109	0	-203	-0	135.88	501.45	23.08	1154.86	0	-344.06	-1419.58	-0	-0	-0	300	0	-203	-0	-0	-0	-0	300	0	200	-0
363	-81.34	380.78	19.33	1655.99	0	-228.07	478.4	-0	-0	-0	2109	0	-203	-0	136.63	474.58	20.09	1155.93	0	-343.54	-1472.18	-0	-0	-0	300	0	-203	-0	0	0	0	300	0	200	0
364	-97.41	391.11	17.59	1659.51	0	-227.52	605.37	-0	-0	-0	2109	0	-203	-0	135.48	445.25	17.24	1157.22	0	-342.91	-1360.48	-0	-0	-0	300	0	-203	-0	-0	-0	-0	300	0	200	-0
365	-103.19	399.87	15.99	1664.23	0	-226.98	1340.04	-0	-0	-0	2109	0	-203	-0	133.03	422.72	14.8	1157.1	0	-343.06	-1115.76	-0	-0	-0	300	0	-203	-0	-0	-0	-0	300	0	200	-0
366	-96.44	412.4	13.72	1666.28	0	-225.6	1070.86	-0	-0	-0	2109	0	-203	-0	129.84	396.39	11.06	1157.18	0	-342.87	-1000.43	-0	-0	-0	300	0	-203	-0	-0	-0	-0	300	0	200	-0
367	-84.07	434.96	13.56	1669.42	0	-223.4	1643.12	-0	-0	-0	2109	0	-203	-0	124.96	363.26	7.4	1158.82	0	-342.06	-1025.87	-0	-0	-0	300	0	-203	-0	0	0	0	300	0	200	0
368	-78.44	462.2	6.8	1672.43	0	-222.32	1994.84	-0	-0	-0	2109	0	-203	-0	121.22	335.84	5.29	1160.66	0	-341.19	-934.06	-0	-0	-0	300	0	-203	-0	-0	-0	-0	300	0	200	-0
369	-83.1	484.75	-3.81	1678.18	0	-220.6	2626.93	-0	-0	-0	2109	0	-203	-0	115.66	307.88	2.99	1160.05	0	-341	-739.93	-0	-0	-0	300	0	-203	-0	-0	-0	-0	300	0	200	-0
370	-98.69	501.97	-9.1	1681.64	0	-219.22	3254.02	1.44	30.36	-5.27	1832.91	0	-190.26	-250.14	107.04	271.77	0.14	1162.69	0	-339.16	-724.91	-0	-0	-0	300	0	-203	-0	-0	-0	-0	300	0	200	-0
371	-113.31	511.99	-8.46	1684.67	0	-218.84	2947.83	0.48	41	-6.55	1848.45	0	-185.91	152.73	100.45	244.08	-1.83	1164.8	0	-339.2	-720.18	-0	-0	-0	300	0	-203	-0	-0	-0	-0	300	0	200	-0
372	-123.6	514.17	-7.48	1687.7	0	-218.89	3136.93	-1.12	46.95	-5.11	1846.49	0	-189	48.02	93.06	215.3	-3.26	1164.3	0	-339.45	-551.78	-0	-0	-0	300	0	-203	-0	-0	-0	-0	300	0	200	-0
373	-127.45	508.21	-8.28	1691.81	0	-218.34	3320.88	-0.8	51.65	-4.15	1818.57	0	-195.91	-98.3	83.21	181.9	-4.07	1165.87	0	-338.48	-423.27	-0	-0	-0	300	0	-203	-0	-0	-0	-0	300	0	200	-0
374	-127.45	505.71	-9.74	1692.98	0	-217.81	2904.85	-0.16	64.17	-2.08	1848.4	0	-201.6	-340.54	74.8	155.84	-4.68	1165.67	0	-338.04	-441.45	-0	-0	-0	300	0	-203	-0	-0	-0	-0	300	0	200	-0
375	-126.01	507.59	-9.9	1694.64	0	-216.88	2959.02	0.64	68.55	-1.44	1845.51	0	-201.24	-152.21	60.95	128.96	-4.41	1167.7	0	-338.62	-349.43	-0	-0	-0	300	0	-203	-0	-0	-0	-0	300	0	200	-0
376	-123.76	504.76	-12.96	1699.02	0	-217.03	2484.06	0.96	72.62	-1.44	1837.22	0	-199.78	126.89	47.17	97.74	-2.99	1177.75	0	-337.67	-228.81	-0	-0	-0	300	0	-203	-0	-0	-0	-0	300	0	200	-0
377	-124.4	504.77	-17.63	1701.44	0	-215.68	1904.17	0.96	76.69	-0.64	1836.14	0	-201.9	-325.01	35.91	76.83	-1.43	1175.49	0	-339.45	108.97	-0	-0	-0	300	0	-203	-0	0	0	0	300	0	200	0
378	-126.65	504.78	-20.05	1700.97	0	-214.13	1910.9	1.28	81.69	-0.8	1846.92	0	-203.9	-306.64	26.74	53.76	-1.02	1177.01	0	-341.68	-93.16	-0	-0	-0	300	0	-203	-0	-0	-0	-0	300	0	200	-0
379	-127.29	500.39	-22.95	1704.12	0	-214.35	1324.22	2.08	84.51	-1.92	1847.96	0	-200.51	-59.79	18.53	33.12	0.07	1194.06	0	-339.29	-45.35	-0	-0	-0	300	0	-203	-0	-0	-0	-0	300	0	200	-0
380	-126.97	501.96	-25.36	1704.66	0	-213.27	1441.81	1.28	84.82	-3.51	1840.34	0	-199.2	-120.62	-0	-0	-0	903	0	-403	-0	-0	-0	-0	300	0	-203	-0	0	0	0	300	0	200	0
381	-127.13	505.09	-28.58	1705.65	0	-213.66	1369.99	3.19	90.46	-3.83	1842.89	0	-204.59	-136.83	-0	-0	-0	903	0	-403	-0	-0	-0	-0	300	0	-203	-0	-0	-0	-0	300	0	200	-0
382	-128.41	509.48	-30.03	1705.53	0	-212.53	1492.38	3.67	93.59	-3.35	1848.02	0	-203.49	-233.85	-0	-0	-0	903	0	-403	-0	-0	-0	-0	300	0	-203	-0	-0	-0	-0	300	0	200	-0
383	-125.2	509.79	-30.35	1706.07	0	-212.18	1499.21	3.99	93.27	-3.99	1837.23	0	-202.61	139.66	-0	-0	-0	903	0	-403	-0	-0	-0	-0	300	0	-203	-0	-0	-0	-0	300	0	200	-0
384	-123.27	518.56	-31.47	1705.53	0	-213.14	1505.04	3.83	98.28	-3.03	1848.44	0	-200.64	-374.5	-0	-0	-0	903	0	-403	-0	-0	-0	-0	300	0	-203	-0	-0	-0	-0	300	0	200	-0
385	-121.02	522.64	-32.45	1705.5	0	-212.07	1385.32	4.47	99.85	-2.72	1847.2	0	-204.65	-424.93	-0	-0	-0	903	0	-403	-0	-0	-0	-0	300	0	-203	-0	-0	-0	-0	300	0	200	-0
386	-120.06	522.01	-33.42	1706.31	0	-212.46	880.7	5.11	101.1	-2.24	1849.51	0	-205.15	-276.82	-0	-0	-0	903	0	-403	-0	-0	-0	-0	300	0	-203	-0	-0	-0	-0	300	0	200	-0
387	-117.49	523.26	-32.78	1706.3	0	-213.1	907.81	6.71	100.79	-3.04	1842.63	0	-202.18	-32.49	-0	-0	-0	903	0	-403	-0	-0	-0	-0	300	0	-203	-0	-0	-0	-0	300	0	200	-0
388	-116.04	528.59	-31	1704.53	0	-212.33	1501.35	5.43	102.98	-3.35	1842.24	0	-203.44	-92.07	-0	-0	-0	903	0	-403	-0	-0	-0	-0	300	0	-203	-0	-0	-0	-0	300	0	200	-0
389	-115.24	528.27	-33.42	1705.79	0	-213.06	834.47	6.39	104.23	-2.56	1845.88	0	-204.51	-493.17	-0	-0	-0	903	0	-403	-0	-0	-0	-0	300	0	-203	-0	0	0	0	300	0	200	0
390	-114.11	528.27	-31.98	1705.66	0	-212.5	882.12	6.87	106.73	-3.36	1852.26	0	-204.13	-100.52	-0	-0	-0	903	0	-403	-0	-0	-0	-0	300	0	-203	-0	-0	-0	-0	300	0	200	-0
391	-112.83	531.71	-31.33	1705.3	0	-212.73	1022.91	7.35	105.79	-4.16	1847.24	0	-202.02	72.29	0	0	0	903	0	-403	0	-0	-0	-0	300	0	-203	-0	-0	-0	-0	300	0	200	-0
392	-111.22	533.28	-30.84	1705.68	0	-212.87	1437.26	7.19	108.3	-3.67	1848.61	0	-203.21	-267.56	-0	-0	-0	903	0	-403	-0	-0	-0	-0	300	0	-203	-0	0	0	0	300	0	200	0
393	-109.61	530.15	-31.65	1705.35	0	-212.72	1052.5	8.95	106.11	-3.67	1841.09	0	-207.11	-262.16	-0	-0	-0	903	0	-403	-0	-0	-0	-0	300	0	-203	-0	-0	-0	-0	300	0	200	-0
394	-106.56	531.41	-32.3	1704.21	0	-212.05	977.41	9.43	109.23	-3.35	1855.83	0	-202.73	-238.25	-0	-0	-0	903	0	-403	-0	-0	-0	-0	300	0	-203	-0	-0	-0	-0	300	0	200	-0
395	-102.7	527.64	-30.69	1705.27	0	-212.96	962.03	9.59	106.11	-4.31	1846.08	0	-202.45	-13.28	-0	-0	-0	903	0	-403	-0	-0	-0	-0	300	0	-203	-0	-0	-0	-0	300	0	200	-0
396	-99.81	529.21	-30.85	1704.35	0	-212.88	1208.81	10.87	104.86	-4.31	1841.15	0	-205.3	-204.97	-0	-0	-0	903	0	-403	-0	-0	-0	-0	300	0	-203	-0	-0	-0	-0	300	0	200	-0
397	-97.4	527.34	-31.17	1704.32	0	-212.37	1367.58	11.83	105.17	-3.67	1847.74	0	-205.36	-269.47	-0	-0	-0	903	0	-403	-0	-0	-0	-0	300	0	-203	-0	-0	-0	-0	300	0	200	-0
398	-93.86	522.64	-32.15	1704.39	0	-212.62	638.59	12.63	105.48	-4.15	1851.83	0	-205.22	5.49	-0	-0	-0	903	0	-403	-0	-0	-0	-0	300	0	-203	-0	-0	-0	-0	300	0	200	-0
399	-90.33	521.39	-31.5	1703.99	0	-212.87	701.92	12.94	102.98	-4.47	1842.09	0	-202.5	-274.61	-0	-0	-0	903	0	-403	-0	-0	-0	-0	300	0	-203	-0	-0	-0	-0	300	0	200	-0
400	-87.44	522.33	-30.69	1702.1	0	-213	1267.42	13.42	103.92	-4.47	1844.13	0	-204.31	-407.09	-0	-0	-0	903	0	-403	-0	-0	-0	-0	300	0	-203	-0	-0	-0	-0	300	0	200	-0
401	-83.26	512.94	-32.63	1704.62	0	-212.34	640.62	15.66	100.16	-4.79	1842.77	0	-205.26	-297.76	-0	-0	-0	903	0	-403	-0	-0	-0	-0	300	0	-203	-0	0	0	0	300	0	200	0
402	-81.01	509.81	-31.35	1703.1	0	-211.98	570.06	15.66	101.1	-5.27	1850.79	0	-200.65	-124.18	-0	-0	-0	903	0	-403	-0	-0	-0	-0	300	0	-203	-0	-0	-0	-0	300	0	200	-0
403	-76.51	504.79	-29.73	1704.49	0	-212.81	955.34	16.94	97.66	-6.07	1840.4	0	-199.8	-236.97	-0	-0	-0	903	0	-403	-0	-0	-0	-0	300	0	-203	-0	-0	-0	-0	300	0	200	-0
404	-74.58	504.8	-29.89	1701.69	0	-211.63	1300.35	16.78	98.28	-5.11	1844.59	0	-203.17	-542.59	-0	-0	-0	903	0	-403	-0	-0	-0	-0	300	0	-203	-0	-0	-0	-0	300	0	200	-0
405	-70.56	491.03	-31.83	1703.75	0	-211.15	593.03	18.22	95.78	-6.39	1842.31	0	-202.25	-96.77	-0	-0	-0	903	0	-403	-0	-0	-0	-0	300	0	-203	-0	-0	-0	-0	300	0	200	-0
406	-68.47	491.03	-29.9	1700.89	0	-211.73	711.52	18.54	95.15	-6.39	1842.03	0	-199.09	-153.85	0	0	0	903	0	-403	0	-0	-0	-0	300	0	-203	-0	-0	-0	-0	300	0	200	-0
407	-64.46	481.32	-29.09	1703.79	0	-210.97	1284.31	19.5	93.28	-7.18	1837.16	0	-202.64	-230.66	-0	-0	-0	903	0	-403	-0	-0	-0	-0	300	0	-203	-0	-0	-0	-0	300	0	200	-0
408	-62.69	474.43	-30.55	1703.94	0	-210.92	812.84	20.14	94.53	-6.39	1841.09	0	-201.44	-324.08	-0	-0	-0	903	0	-403	-0	-0	-0	-0	300	0	-203	-0	-0	-0	-0	300	0	200	-0
409	-59.96	466.92	-31.03	1702.85	0	-211.26	442.27	20.46	93.59	-6.39	1843.24	0	-202.63	-224.63	-0	-0	-0	903	0	-403	-0	-0	-0	-0	300	0	-203	-0	-0	-0	-0	300	0	200	-0
410	-58.19	460.03	-28.45	1702.71	0	-210.46	948.2	19.82	94.52	-6.55	1846.21	0	-199.94	-312.57	-0	-0	-0	903	0	-403	-0	-0	-0	-0	300	0	-203	-0	-0	-0	-0	300	0	200	-0
411	-55.62	452.2	-28.61	1702.37	0	-211.2	742.28	20.62	92.65	-6.7	1833.2	0	-201.57	-382.39	-0	-0	-0	903	0	-403	-0	-0	-0	-0	300	0	-203	-0	-0	-0	-0	300	0	200	-0
412	-54.49	443.44	-28.61	1702.99	0	-210	1012.84	21.9	93.9	-6.38	1842.87	0	-203.03	-463.88	-0	-0	-0	903	0	-403	-0	-0	-0	-0	300	0	-203	-0	0	0	0	300	0	200	0
413	-51.92	435.62	-29.26	1702.35	0	-208.91	694.59	22.06	94.21	-7.18	1841.83	0	-202.24	-68.67	-0	-0	-0	903	0	-403	-0	-0	-0	-0	300	0	-203	-0	-0	-0	-0	300	0	200	-0
414	-50.64	426.84	-27.49	1701.84	0	-210.95	646.99	22.22	95.15	-6.71	1847.83	0	-198.46	-385.21	-0	-0	-0	903	0	-403	-0	-0	-0	-0	300	0	-203	-0	-0	-0	-0	300	0	200	-0
415	-48.23	417.45	-27.32	1703.82	0	-209.49	999.16	22.54	94.21	-7.66	1839.42	0	-200.89	-298.79	-0	-0	-0	903	0	-403	-0	-0	-0	-0	300	0	-203	-0	0	0	0	300	0	200	0
416	-46.46	405.24	-27.8	1706.75	0	-209.29	894.32	22.54	95.78	-6.54	1839.26	0	-202.32	-509.77	-0	-0	-0	903	0	-403	-0	-0	-0	-0	300	0	-203	-0	-0	-0	-0	300	0	200	-0
417	-46.46	395.53	-26.69	1706.45	0	-209.03	617.15	23.65	97.34	-7.34	1843.5	0	-203.89	-314.09	-0	-0	-0	903	0	-403	-0	-0	-0	-0	300	0	-203	-0	-0	-0	-0	300	0	200	-0
418	-46.3	392.72	-25.72	1703.28	0	-208.28	704.93	23.33	97.65	-7.82	1843.54	0	-199.89	-69.14	-0	-0	-0	903	0	-403	-0	-0	-0	-0	300	0	-203	-0	-0	-0	-0	300	0	200	-0
419	-43.25	383.01	-26.52	1705.23	0	-209.41	719.42	23.81	96.72	-7.66	1835.39	0	-199.39	-254.71	-0	-0	-0	903	0	-403	-0	-0	-0	-0	300	0	-203	-0	-0	-0	-0	300	0	200	-0
420	-44.05	376.75	-24.43	1704.78	0	-208.45	967.44	23.33	101.41	-7.34	1843.51	0	-202.74	-520.51	-0	-0	-0	903	0	-403	-0	-0	-0	-0	300	0	-203	-0	-0	-0	-0	300	0	200	-0
421	-42.44	366.41	-25.39	1707.7	0	-208.02	779.8	24.61	101.1	-7.82	1838.97	0	-204.08	-254.29	-0	-0	-0	903	0	-403	-0	-0	-0	-0	300	0	-203	-0	-0	-0	-0	300	0	200	-0
422	-41.16	357.02	-25.08	1707.56	0	-208.32	518.06	24.61	104.54	-7.18	1846.05	0	-201.24	-432.95	-0	-0	-0	903	0	-403	-0	-0	-0	-0	300	0	-203	-0	-0	-0	-0	300	0	200	-0
423	-40.68	350.13	-23.31	1708.73	0	-207.76	410.47	24.93	104.85	-9.42	1838.02	0	-201.19	-38.74	-0	-0	-0	903	0	-403	-0	-0	-0	-0	300	0	-203	-0	-0	-0	-0	300	0	200	-0
424	-40.19	350.13	-21.2	1705.58	0	-207.47	1360.02	24.61	109.55	-7.98	1843.22	0	-203.04	-597.64	-0	-0	-0	903	0	-403	-0	-0	-0	-0	300	0	-203	-0	-0	-0	-0	300	0	200	-0
425	-39.71	337.29	-20.72	1710.84	0	-207.24	970.8	25.89	110.18	-8.14	1841.88	0	-205.15	-341.6	-0	-0	-0	903	0	-403	-0	-0	-0	-0	300	0	-203	-0	-0	-0	-0	300	0	200	-0
426	-38.75	334.48	-21.21	1707.64	0	-206.34	661.64	26.53	113.93	-8.3	1847.65	0	-204.49	-189.93	-0	-0	-0	903	0	-403	-0	-0	-0	-0	300	0	-203	-0	-0	-0	-0	300	0	200	-0
427	-36.66	326.95	-19.44	1709.52	0	-207.54	701.53	26.05	117.37	-9.74	1843.92	0	-201.51	-124.61	-0	-0	-0	903	0	-403	-0	-0	-0	-0	300	0	-203	-0	-0	-0	-0	300	0	200	-0
428	-36.34	322.57	-18.95	1711.17	0	-207.77	1042.41	27.01	118.63	-10.22	1842.89	0	-203.62	-245.06	-0	-0	-0	903	0	-403	-0	-0	-0	-0	300	0	-203	-0	-0	-0	-0	300	0	200	-0
429	-35.86	314.11	-17.02	1711.78	0	-206.29	1220.09	27.65	121.13	-9.58	1840.37	0	-202.73	-402.3	-0	-0	-0	903	0	-403	-0	-0	-0	-0	300	0	-203	-0	-0	-0	-0	300	0	200	-0
430	-34.41	309.1	-17.67	1712.51	0	-206.69	643.82	27.65	125.51	-10.54	1846.75	0	-203.11	-124.27	-0	-0	-0	903	0	-403	-0	-0	-0	-0	300	0	-203	-0	0	0	0	300	0	200	0
431	-33.93	305.66	-16.22	1711.43	0	-206.38	872.55	27.81	126.14	-11.33	1837.2	0	-200.43	-188.26	-0	-0	-0	903	0	-403	-0	-0	-0	-0	300	0	-203	-0	-0	-0	-0	300	0	200	-0
432	-32	299.08	-14.77	1713.11	0	-207.11	1137.07	28.13	133.65	-10.85	1843.22	0	-200.96	-747.8	-0	-0	-0	903	0	-403	-0	-0	-0	-0	300	0	-203	-0	-0	-0	-0	300	0	200	-0
433	-32.32	293.75	-16.55	1717.04	0	-206.84	637.14	29.73	136.78	-11.81	1844.38	0	-204.64	-258.6	-0	-0	-0	903	0	-403	-0	-0	-0	-0	300	0	-203	-0	0	0	0	300	0	200	0
434	-32.8	288.44	-13.65	1715.41	0	-203.95	1012.16	29.25	141.48	-12.45	1847.24	0	-202.95	-207.48	-0	-0	-0	903	0	-403	-0	-0	-0	-0	300	0	-203	-0	-0	-0	-0	300	0	200	-0
435	-31.04	286.87	-11.56	1714.45	0	-205.31	1204.25	28.93	146.17	-12.61	1844.84	0	-202.23	-328.93	-0	-0	-0	903	0	-403	-0	-0	-0	-0	300	0	-203	-0	-0	-0	-0	300	0	200	-0
436	-30.39	282.17	-12.2	1716.93	0	-206.39	1163.56	29.25	150.55	-14.05	1843.48	0	-201.71	-181.67	-0	-0	-0	903	0	-403	-0	-0	-0	-0	300	0	-203	-0	-0	-0	-0	300	0	200	-0
437	-28.47	275.28	-12.2	1721.64	0	-204.3	1314.53	29.57	154.94	-13.89	1840.59	0	-203.63	-300.48	-0	-0	-0	903	0	-403	-0	-0	-0	-0	300	0	-203	-0	-0	-0	-0	300	0	200	-0
438	-31.04	277.17	-10.75	1717.46	0	-203.49	1326.27	30.05	163.07	-14.05	1848.75	0	-205.03	-316.84	-0	-0	-0	903	0	-403	-0	-0	-0	-0	300	0	-203	-0	-0	-0	-0	300	0	200	-0
439	-29.11	271.84	-10.6	1718.49	0	-204.17	1103.8	30.36	167.46	-15.33	1847.43	0	-204.45	135.36	-0	-0	-0	903	0	-403	-0	-0	-0	-0	300	0	-203	-0	-0	-0	-0	300	0	200	-0
440	-27.98	269.02	-9.15	1720.69	0	-204.07	1192.22	28.93	172.46	-15.8	1844.45	0	-203.23	-139.66	0	0	0	903	0	-403	0	-0	-0	-0	300	0	-203	-0	0	0	0	300	0	200	0
441	-28.14	264.31	-8.98	1724.72	0	-204.77	1429.6	29.56	178.1	-16.12	1842.46	0	-204.15	-238.72	-0	-0	-0	903	0	-403	-0	-0	-0	-0	300	0	-203	-0	-0	-0	-0	300	0	200	-0
442	-28.14	263.07	-8.5	1722.42	0	-202.4	1510.55	29.4	187.49	-15.96	1847.09	0	-205.25	-322.75	-0	-0	-0	903	0	-403	-0	-0	-0	-0	300	0	-203	-0	-0	-0	-0	300	0	200	-0
443	-27.5	255.23	-7.86	1726.97	0	-203.3	1318.22	29.4	192.5	-18.04	1844.79	0	-204.15	237.79	-0	-0	-0	903	0	-403	-0	-0	-0	-0	300	0	-203	-0	0	0	0	300	0	200	0
444	-27.98	255.55	-6.89	1722.93	0	-202.97	1485.86	28.29	202.51	-17.72	1848.94	0	-204.02	-34.5	-0	-0	-0	903	0	-403	-0	-0	-0	-0	300	0	-203	-0	-0	-0	-0	300	0	200	-0
445	-27.66	255.55	-4.96	1723.49	0	-203.49	1748.87	27.96	209.4	-18.2	1846.65	0	-203.38	-340.96	-0	-0	-0	903	0	-403	-0	0	0	0	300	0	-203	0	-0	-0	-0	300	0	200	-0
446	-27.02	247.09	-5.6	1730.3	0	-201.97	1830.43	27.64	217.22	-18.36	1848.25	0	-205.3	-320.01	-0	-0	-0	903	0	-403	-0	-0	-0	-0	300	0	-203	-0	-0	-0	-0	300	0	200	-0
447	-27.82	243.34	-5.29	1729.48	0	-201.58	1367.93	28.12	223.8	-20.27	1847.34	0	-205.47	-44.4	-0	-0	-0	903	0	-403	-0	-0	-0	-0	300	0	-203	-0	-0	-0	-0	300	0	200	-0
448	-26.86	237.39	-3.52	1731.33	0	-201.35	1758.89	27.16	234.75	-21.23	1851.62	0	-205.08	64.54	-0	-0	-0	903	0	-403	-0	-0	-0	-0	300	0	-203	-0	-0	-0	-0	300	0	200	-0
449	-25.57	235.51	-3.36	1729.66	0	-202.27	1574.68	26.36	241.64	-22.19	1848.43	0	-204.58	-22.93	-0	-0	-0	903	0	-403	-0	-0	-0	-0	300	0	-203	-0	-0	-0	-0	300	0	200	-0
450	-25.09	229.87	-1.59	1734.16	0	-200.57	2072.57	26.04	250.4	-22.03	1847.5	0	-205.69	-355.16	-0	-0	-0	903	0	-403	-0	-0	-0	-0	300	0	-203	-0	-0	-0	-0	300	0	200	-0
451	-24.77	222.04	-2.56	1736.35	0	-198.5	1842.82	26.36	259.17	-23.47	1849.63	0	-205.87	-41.84	-0	-0	-0	903	0	-403	-0	-0	-0	-0	300	0	-203	-0	-0	-0	-0	300	0	200	-0
452	-24.93	218.6	0.01	1734.5	0	-198.73	1728	25.4	267.93	-24.42	1850	0	-205.39	-47.39	0	0	0	903	0	-403	0	-0	-0	-0	300	0	-203	-0	-0	-0	-0	300	0	200	-0
453	-22.68	212.02	0.17	1737.67	0	-199.1	1703.1	24.76	275.75	-26.34	1848.84	0	-205.79	245.88	-0	-0	-0	903	0	-403	-0	-0	-0	-0	300	0	-203	-0	-0	-0	-0	300	0	200	-0
454	-21.55	204.19	0.5	1741.61	0	-199.07	2080.06	23.49	288.28	-26.82	1849.94	0	-205.48	-162.92	-0	-0	-0	903	0	-403	-0	-0	-0	-0	300	0	-203	-0	-0	-0	-0	300	0	200	-0
455	-21.56	198.55	1.3	1743.88	0	-197.63	1974.07	23.8	295.48	-27.94	1848.47	0	-206.24	27.61	-0	-0	-0	903	0	-403	-0	-0	-0	-0	300	0	-203	-0	0	0	0	300	0	200	0
456	-21.23	193.86	1.93	1743.58	0	-195.99	1874.63	23.48	306.74	-29.05	1851.45	0	-206.79	276.69	-0	-0	-0	903	0	-403	-0	-0	-0	-0	300	0	-203	-0	-0	-0	-0	300	0	200	-0
457	-18.82	185.71	3.21	1747.2	0	-197.79	1643.37	22.68	317.38	-31.13	1851.29	0	-205.32	435.45	-0	-0	-0	903	0	-403	-0	-0	-0	-0	300	0	-203	-0	-0	-0	-0	300	0	200	-0
458	-18.34	181.64	5.47	1749.64	0	-196.87	2069.13	22.2	328.02	-31.93	1851.56	0	-205.13	89.76	-0	-0	-0	903	0	-403	-0	-0	-0	-0	300	0	-203	-0	-0	-0	-0	300	0	200	-0
459	-18.02	178.83	5.3	1746.19	0	-194.09	2154.96	21.56	339.61	-33.04	1851.59	0	-206.87	35.7	-0	-0	-0	903	0	-403	-0	-0	-0	-0	300	0	-203	-0	-0	-0	-0	300	0	200	-0
460	-17.54	171.94	5.78	1750.86	0	-194.48	1975.96	21.08	351.82	-33.68	1852.81	0	-206.93	191.28	-0	-0	-0	903	0	-403	-0	-0	-0	-0	300	0	-203	-0	-0	-0	-0	300	0	200	-0
461	-16.89	165.99	6.9	1748.87	0	-192.27	2044.53	20.28	361.83	-35.28	1851.83	0	-206	428.06	-0	-0	-0	903	0	-403	-0	-0	-0	-0	300	0	-203	-0	-0	-0	-0	300	0	200	-0
462	-13.84	162.23	8.19	1750.78	0	-195.82	2067.06	18.84	375.29	-36.72	1852.69	0	-205.97	326.6	-0	-0	-0	903	0	-403	-0	-0	-0	-0	300	0	-203	-0	-0	-0	-0	300	0	200	-0
463	-12.07	154.08	8.83	1759.39	0	-194.27	2351.56	19.16	385.93	-38.15	1851.69	0	-206.46	404.88	-0	-0	-0	903	0	-403	-0	-0	-0	-0	300	0	-203	-0	-0	-0	-0	300	0	200	-0
464	-13.2	150.96	10.28	1755.97	0	-188.15	2621.13	18.36	401.27	-39.11	1854.1	0	-206.91	211.02	-0	-0	-0	903	0	-403	-0	-0	-0	-0	300	0	-203	-0	-0	-0	-0	300	0	200	-0
465	-9.98	141.56	8.66	1762.16	0	-190.92	1713.14	18.2	410.97	-40.87	1853.25	0	-206.93	745.89	-0	-0	-0	903	0	-403	-0	-0	-0	-0	300	0	-203	-0	-0	-0	-0	300	0	200	-0
466	-8.22	135.92	9.77	1767.88	0	-190.03	1719.66	17.4	422.86	-42.95	1853.24	0	-206.7	1079.22	-0	-0	-0	903	0	-403	-0	-0	-0	-0	300	0	-203	-0	-0	-0	-0	300	0	200	-0
467	-5.32	131.54	10.59	1767.17	0	-188.16	2201.63	16.76	437.26	-43.26	1853.29	0	-206.27	637.1	-0	-0	-0	903	0	-403	-0	-0	-0	-0	300	0	-203	-0	0	0	0	300	0	200	0
468	-2.59	125.28	8.65	1774.29	0	-187.57	2121.43	16.92	449.78	-43.58	1853.47	0	-207.38	724.34	-0	-0	-0	903	0	-403	-0	-0	-0	-0	300	0	-203	-0	-0	-0	-0	300	0	200	-0
469	-1.3	119.96	6.86	1771.55	0	-183.54	1199.49	15.8	461.68	-44.54	1854.24	0	-207.2	1036.91	-0	-0	-0	903	0	-403	-0	-0	-0	-0	300	0	-203	-0	-0	-0	-0	300	0	200	-0
470	0.79	116.52	8.79	1767.89	0	-185.73	1158.4	14.37	477.32	-44.7	1856.93	0	-206.92	1010.79	-0	-0	-0	903	0	-403	-0	-0	-0	-0	300	0	-203	-0	-0	-0	-0	300	0	200	-0
471	3.52	111.82	8.95	1773.91	0	-185.95	1296.61	14.21	485.78	-45.98	1854.22	0	-206.9	1207.72	-0	-0	-0	903	0	-403	-0	-0	-0	-0	300	0	-203	-0	0	0	0	300	0	200	0
472	4.8	107.75	9.59	1774.71	0	-181.18	1303.13	14.21	498.92	-45.5	1854.91	0	-207.66	1045.69	-0	-0	-0	903	0	-403	-0	-0	-0	-0	300	0	-203	-0	-0	-0	-0	300	0	200	-0
473	5.61	104.31	8.61	1771.33	0	-182.72	657.45	15.96	509.88	-45.5	1855.75	0	-207.92	1295.79	-0	-0	-0	903	0	-403	-0	-0	-0	-0	300	0	-203	-0	-0	-0	-0	300	0	200	-0
474	7.06	100.86	9.89	1766.79	0	-181.8	472.85	16.6	522.4	-45.51	1857.08	0	-207.38	1562.5	-0	-0	-0	903	0	-403	-0	-0	-0	-0	300	0	-203	-0	-0	-0	-0	300	0	200	-0
475	9.31	91.78	11.02	1782.18	0	-179.54	902.13	18.36	531.48	-46.15	1855.06	0	-207.29	1778.06	-0	-0	-0	903	0	-403	-0	-0	-0	-0	300	0	-203	-0	-0	-0	-0	300	0	200	-0
476	11.39	92.09	11.82	1774.85	0	-183.69	945.02	20.28	541.18	-45.67	1855.28	0	-208.07	1689.99	-0	-0	-0	903	0	-403	-0	-0	-0	-0	300	0	-203	-0	-0	-0	-0	300	0	200	-0
477	11.4	87.4	11.65	1778.53	0	-178.02	767.89	22.68	553.08	-45.03	1856.64	0	-208.58	1778.25	-0	-0	-0	903	0	-403	-0	-0	-0	-0	300	0	-203	-0	-0	-0	-0	300	0	200	-0
478	12.36	81.76	11.64	1782.55	0	-175.4	264.45	23.8	562.78	-44.87	1857.19	0	-208.41	2022.89	-0	-0	-0	903	0	-403	-0	-0	-0	-0	300	0	-203	-0	-0	-0	-0	300	0	200	-0
479	14.93	82.07	12.45	1774.61	0	-182.82	500.78	24.76	571.54	-44.71	1856.32	0	-208.31	2107.64	-0	-0	-0	903	0	-403	-0	-0	-0	-0	300	0	-203	-0	-0	-0	-0	300	0	200	-0
480	16.86	80.82	11.96	1775.25	0	-178.15	382.04	27.32	582.18	-43.44	1856.85	0	-208.37	1968.59	-0	-0	-0	903	0	-403	-0	-0	-0	-0	300	0	-203	-0	-0	-0	-0	300	0	200	-0
481	17.5	75.18	11.31	1775.85	0	-180.71	306.14	30.03	591.58	-43.6	1856.84	0	-209.18	2215.4	-0	-0	-0	903	0	-403	-0	-0	-0	-0	300	0	-203	-0	-0	-0	-0	300	0	200	-0
482	17.5	71.43	10.82	1784.79	0	-175.66	-82.8	32.43	600.03	-43.28	1857.97	0	-209.38	2497.78	-0	-0	-0	903	0	-403	-0	-0	-0	-0	300	0	-203	-0	-0	-0	-0	300	0	200	-0
483	19.43	67.67	10.82	1781.25	0	-176.38	-354.85	33.55	608.79	-43.44	1857.77	0	-209.06	2658.58	-0	-0	-0	903	0	-403	-0	-0	-0	-0	300	0	-203	-0	-0	-0	-0	300	0	200	-0
484	19.91	68.92	12.59	1771.15	0	-185.45	343.71	35.63	619.44	-42.32	1857.6	0	-209.35	2471.65	-0	-0	-0	903	0	-403	-0	-0	-0	-0	300	0	-203	-0	-0	-0	-0	300	0	200	-0
485	18.63	64.54	12.43	1782.36	0	-173.89	537.65	39.47	627.89	-41.85	1858.98	0	-210.01	2554.64	-0	-0	-0	903	0	-403	-0	-0	-0	-0	300	0	-203	-0	-0	-0	-0	300	0	200	-0
486	18.31	62.66	12.42	1772.39	0	-177.83	-114.15	42.34	632.89	-42.33	1858.8	0	-209.75	2890.5	-0	-0	-0	903	0	-403	-0	-0	-0	-0	300	0	-203	-0	0	0	0	300	0	200	0
487	21.2	57.64	13.23	1793.65	0	-185.42	361.5	44.74	639.15	-42.97	1857.71	0	-209.85	3060.82	-0	-0	-0	903	0	-403	-0	-0	-0	-0	300	0	-203	-0	-0	-0	-0	300	0	200	-0
488	20.88	56.39	12.59	1793.08	0	-180.24	479.94	47.3	647.61	-41.53	1858.38	0	-209.94	2481.86	-0	-0	-0	903	0	-403	-0	-0	-0	-0	300	0	-203	-0	0	0	0	300	0	200	0
489	19.91	55.76	13.07	1779.71	0	-176.87	236.85	51.29	655.43	-41.05	1859.09	0	-210.57	2700.25	-0	-0	-0	903	0	-403	-0	-0	-0	-0	300	0	-203	-0	0	0	0	300	0	200	0
490	20.08	52.32	12.42	1777.52	0	-177.92	-100.28	55.13	660.75	-41.21	1859.95	0	-210.24	2965.05	-0	-0	-0	903	0	-403	-0	-0	-0	-0	300	0	-203	-0	-0	-0	-0	300	0	200	-0
491	19.59	52.01	12.1	1767.85	0	-180.23	-175.73	58.17	664.51	-41.85	1858.75	0	-209.9	3017.46	0	0	0	903	0	-403	0	-0	-0	-0	300	0	-203	-0	-0	-0	-0	300	0	200	-0
492	19.43	48.87	11.62	1779.35	0	-182.33	93.23	61.37	669.52	-41.05	1858.61	0	-210.8	2624.93	-0	-0	-0	903	0	-403	-0	-0	-0	-0	300	0	-203	-0	-0	-0	-0	300	0	200	-0
493	18.63	42.61	10.49	1795.11	0	-178.82	-9.91	66.32	671.08	-40.73	1858.9	0	-210.82	2758.87	-0	-0	-0	903	0	-403	-0	-0	-0	-0	300	0	-203	-0	-0	-0	-0	300	0	200	-0
494	17.02	45.12	10.96	1755.05	0	-176.31	-566.74	69.04	676.72	-40.25	1860.25	0	-210.27	2735.25	-0	-0	-0	903	0	-403	-0	-0	-0	-0	300	0	-203	-0	-0	-0	-0	300	0	200	-0
495	18.31	38.53	10.65	1781.32	0	-182.9	132.84	72.56	677.03	-40.25	1859.97	0	-210.32	2545.46	-0	-0	-0	903	0	-403	-0	-0	-0	-0	300	0	-203	-0	-0	-0	-0	300	0	200	-0
496	17.51	33.84	9.85	1801.72	0	-173.49	298.06	76.87	677.97	-40.41	1859.23	0	-210.38	2330.87	-0	-0	-0	903	0	-403	-0	-0	-0	-0	300	0	-203	-0	-0	-0	-0	300	0	200	-0
497	17.03	30.7	8.23	1802.53	0	-180.35	-38.28	81.19	677.97	-41.05	1860.28	0	-210.87	2590.44	-0	-0	-0	903	0	-403	-0	-0	-0	-0	300	0	-203	-0	-0	-0	-0	300	0	200	-0
498	15.42	28.83	8.55	1780	0	-178.35	-247.5	85.03	675.78	-40.73	1860.21	0	-210.48	2690.54	0	0	0	903	0	-403	0	-0	-0	-0	300	0	-203	-0	-0	-0	-0	300	0	200	-0
499	15.42	28.2	8.39	1759.37	0	-186.06	-236.3	88.7	673.27	-40.89	1859.91	0	-210.19	2282.63	-0	-0	-0	903	0	-403	-0	-0	-0	-0	300	0	-203	-0	-0	-0	-0	300	0	200	-0
500	14.14	23.5	8.07	1788.68	0	-178.51	567.94	93.18	669.83	-39.61	1860.92	0	-210.75	1803.59	-0	-0	-0	903	0	-403	-0	-0	-0	-0	300	0	-203	-0	-0	-0	-0	300	0	200	-0
501	12.37	19.43	6.61	1788.65	0	-171.2	-280.75	97.33	662.63	-40.25	1860.51	0	-210.94	2401.8	-0	-0	-0	903	0	-403	-0	-0	-0	-0	300	0	-203	-0	0	0	0	300	0	200	0
502	11.73	19.42	7.9	1741.85	0	-198.95	100.28	99.73	656.06	-39.61	1860.77	0	-210.23	1968.6	-0	-0	-0	903	0	-403	-0	-0	-0	-0	300	0	-203	-0	-0	-0	-0	300	0	200	-0
503	-0	-0	-0	1506	0	-203	-0	105.17	651.37	-41.85	1863.13	0	-210.85	2698.27	-0	-0	-0	903	0	-403	-0	-0	-0	-0	300	0	-203	-0	-0	-0	-0	300	0	200	-0
504	-0	-0	-0	1506	0	-203	-0	112.2	662.34	-41.85	1877.64	0	-213.95	2483.58	-0	-0	-0	903	0	-403	-0	-0	-0	-0	300	0	-203	-0	-0	-0	-0	300	0	200	-0
505	-0	-0	-0	1506	0	-203	-0	128.34	744.73	-50.35	1939.35	0	-226.17	3769.96	-0	-0	-0	903	0	-403	-0	-0	-0	-0	300	0	-203	-0	-0	-0	-0	300	0	200	-0
506	-0	-0	-0	1506	0	-203	-0	157.73	917.34	-52.78	2024.09	0	-243.71	441.11	-0	-0	-0	903	0	-403	-0	-0	-0	-0	300	0	-203	-0	-0	-0	-0	300	0	200	-0
507	-0	-0	-0	1506	0	-203	-0	152.45	883.52	-50.06	2019.42	0	-242.65	373.61	-0	-0	-0	903	0	-403	-0	-0	-0	-0	300	0	-203	-0	-0	-0	-0	300	0	200	-0
508	-0	-0	-0	1506	0	-203	-0	132.8	824.94	-52.47	2004.84	0	-239.54	3832.56	-0	-0	-0	903	0	-403	-0	-0	-0	-0	300	0	-203	-0	-0	-0	-0	300	0	200	-0
509	-0	-0	-0	1506	0	-203	-0	118.58	804.28	-52.48	2008.32	0	-239.83	5396.3	-0	-0	-0	903	0	-403	-0	-0	-0	-0	300	0	-203	-0	-0	-0	-0	300	0	200	-0
510	-0	-0	-0	1506	0	-203	-0	105.47	803.35	-50.9	2021.37	0	-241.8	5881.2	-0	-0	-0	903	0	-403	-0	-0	-0	-0	300	0	-203	-0	-0	-0	-0	300	0	200	-0
511	-0	-0	-0	1506	0	-203	-0	91.73	805.24	-51.55	2036.47	0	-245.01	7032.11	-0	-0	-0	903	0	-403	-0	-0	-0	-0	300	0	-203	-0	-0	-0	-0	300	0	200	-0
512	-0	-0	-0	1506	0	-203	-0	73.98	800.24	-48.86	2049.97	0	-247.47	8897.54	-0	-0	-0	903	0	-403	-0	-0	-0	-0	300	0	-203	-0	0	0	0	300	0	200	0
513	-0	-0	-0	1506	0	-203	-0	55.45	774.26	-49.04	2058.4	0	-249.02	10690.4	0	0	0	903	0	-403	0	-0	-0	-0	300	0	-203	-0	0	0	0	300	0	200	0
514	-0	-0	-0	1506	0	-203	-0	39.62	755.48	-44.25	2067.74	0	-250.36	10629.3	-0	-0	-0	903	0	-403	-0	-0	-0	-0	300	0	-203	-0	-0	-0	-0	300	0	200	-0
515	-0	-0	-0	1506	0	-203	-0	36.74	739.84	-40.41	2079.04	0	-252.84	9609.35	-0	-0	-0	903	0	-403	-0	-0	-0	-0	300	0	-203	-0	-0	-0	-0	300	0	200	-0
516	-0	-0	-0	1506	0	-203	-0	45.21	731.09	-37.53	2093.45	0	-256.23	8808.67	-0	-0	-0	903	0	-403	-0	-0	-0	-0	300	0	-203	-0	-0	-0	-0	300	0	200	-0
517	-0	-0	-0	1506	0	-203	-0	53.2	716.7	-34.81	2108.18	0	-258.91	8110.94	-0	-0	-0	903	0	-403	-0	-0	-0	-0	300	0	-203	-0	-0	-0	-0	300	0	200	-0
518	-0	-0	-0	1506	0	-203	-0	56.4	691.98	-31.93	2119.32	0	-261.08	7465.13	-0	-0	-0	903	0	-403	-0	-0	-0	-0	300	0	-203	-0	-0	-0	-0	300	0	200	-0
519	-0	-0	-0	1506	0	-203	-0	49.53	664.75	-26.02	2131.39	0	-263.89	6820.68	-0	-0	-0	903	0	-403	-0	-0	-0	-0	300	0	-203	-0	-0	-0	-0	300	0	200	-0
520	-0	-0	-0	1506	0	-203	-0	30.82	644.41	-14.66	2148.1	0	-267.12	5554.94	-0	-0	-0	903	0	-403	-0	-0	-0	-0	300	0	-203	-0	-0	-0	-0	300	0	200	-0
521	-0	-0	-0	1506	0	-203	-0	10.36	623.13	-8.59	2166.14	0	-270.41	5084.76	-0	-0	-0	903	0	-403	-0	-0	-0	-0	300	0	-203	-0	-0	-0	-0	300	0	200	-0
522	-0	-0	-0	1506	0	-203	-0	-10.26	598.72	-4.76	2185.01	0	-273.61	5188.35	-0	-0	-0	903	0	-403	-0	-0	-0	-0	300	0	-203	-0	-0	-0	-0	300	0	200	-0
523	-0	-0	-0	1506	0	-203	-0	-27.84	570.56	-2.84	2204.62	0	-277.47	4707.47	-0	-0	-0	903	0	-403	-0	-0	-0	-0	300	0	-203	-0	-0	-0	-0	300	0	200	-0
524	-0	-0	-0	1506	0	-203	-0	-41.58	544.27	0.03	2225.97	0	-281.37	4677.47	-0	-0	-0	903	0	-403	-0	-0	-0	-0	300	0	-203	-0	-0	-0	-0	300	0	200	-0
525	-0	-0	-0	1506	0	-203	-0	-51.33	511.09	0.67	2253.23	0	-286.1	4063.03	-0	-0	-0	903	0	-403	-0	-0	-0	-0	300	0	-203	-0	-0	-0	-0	300	0	200	-0
526	-0	-0	-0	1506	0	-203	-0	-62.68	481.66	1.79	2279.1	0	-290.29	2987.65	-0	-0	-0	903	0	-403	-0	-0	-0	-0	300	0	-203	-0	-0	-0	-0	300	0	200	-0
527	-0	-0	-0	1506	0	-203	-0	-72.91	457.25	4.04	2303.81	0	-295.37	1820.17	-0	-0	-0	903	0	-403	-0	-0	-0	-0	300	0	-203	-0	0	0	0	300	0	200	0
528	-0	-0	-0	1506	0	-203	-0	-81.22	438.79	6.6	2325.22	0	-298.73	1291.24	-0	-0	-0	903	0	-403	-0	-0	-0	-0	300	0	-203	-0	-0	-0	-0	300	0	200	-0
529	-0	-0	-0	1506	0	-203	-0	-88.74	421.26	7.88	2341.98	0	-301.32	514.34	-0	-0	-0	903	0	-403	-0	-0	-0	-0	300	0	-203	-0	-0	-0	-0	300	0	200	-0
530	-0	-0	-0	1506	0	-203	-0	-93.21	412.81	10.29	2352.45	0	-303.32	-194.23	-0	-0	-0	903	0	-403	-0	-0	-0	-0	300	0	-203	-0	-0	-0	-0	300	0	200	-0
531	-0	-0	-0	1506	0	-203	-0	-94.17	406.24	12.21	2358.59	0	-305.36	-745.31	-0	-0	-0	903	0	-403	-0	-0	-0	-0	300	0	-203	-0	-0	-0	-0	300	0	200	-0
532	-0	-0	-0	1506	0	-203	-0	-95.45	404.36	15.73	2363.93	0	-306.17	-567.04	-0	-0	-0	903	0	-403	-0	-0	-0	-0	300	0	-203	-0	-0	-0	-0	300	0	200	-0
533	-0	-0	-0	1506	0	-203	-0	-96.09	400.29	16.86	2369.41	0	-306.99	-608.58	-0	-0	-0	903	0	-403	-0	-0	-0	-0	300	0	-203	-0	-0	-0	-0	300	0	200	-0
534	-0	-0	-0	1506	0	-203	-0	-98.65	398.73	18.78	2370.91	0	-306.69	-1071.63	-0	-0	-0	903	0	-403	-0	-0	-0	-0	300	0	-203	-0	-0	-0	-0	300	0	200	-0
535	-0	-0	-0	1506	0	-203	-0	-99.29	393.41	19.27	2374.85	0	-308.51	-1838.1	-0	-0	-0	903	0	-403	-0	-0	-0	-0	300	0	-203	-0	-0	-0	-0	300	0	200	-0
536	-0	-0	-0	1506	0	-203	-0	-99.61	389.97	19.75	2377	0	-309.48	-1996.38	-0	-0	-0	903	0	-403	-0	-0	-0	-0	300	0	-203	-0	-0	-0	-0	300	0	200	-0
537	-0	-0	-0	1506	0	-203	-0	-100.09	387.46	20.23	2379.32	0	-309.14	-1940.05	-0	-0	-0	903	0	-403	-0	-0	-0	-0	300	0	-203	-0	-0	-0	-0	300	0	200	-0
538	-0	-0	-0	1506	0	-203	-0	-97.85	382.14	21.03	2382.22	0	-309.63	-1365.1	-0	-0	-0	903	0	-403	-0	-0	-0	-0	300	0	-203	-0	0	0	0	300	0	200	0
539	-0	-0	-0	1506	0	-203	-0	-96.25	381.51	21.99	2382.21	0	-310.08	-1154.99	-0	-0	-0	903	0	-403	-0	-0	-0	-0	300	0	-203	-0	-0	-0	-0	300	0	200	-0
540	-0	-0	-0	1506	0	-203	-0	-94.49	382.14	22.15	2382.31	0	-310.08	-844.48	-0	-0	-0	903	0	-403	-0	-0	-0	-0	300	0	-203	-0	0	0	0	300	0	200	0
541	-0	-0	-0	1506	0	-203	-0	-93.06	380.26	20.23	2384.5	0	-310.65	-961.04	-0	-0	-0	903	0	-403	-0	-0	-0	-0	300	0	-203	-0	0	0	0	300	0	200	0
542	-0	-0	-0	1506	0	-203	-0	-92.74	380.88	20.55	2383.11	0	-309.45	-921.78	-0	-0	-0	903	0	-403	-0	-0	-0	-0	300	0	-203	-0	-0	-0	-0	300	0	200	-0
543	-0	-0	-0	1506	0	-203	-0	-90.5	381.51	19.27	2382.28	0	-310.02	-1114.35	-0	-0	-0	903	0	-403	-0	-0	-0	-0	300	0	-203	-0	-0	-0	-0	300	0	200	-0
544	-0	-0	-0	1506	0	-203	-0	-88.74	382.45	20.23	2382.65	0	-310.33	-754.54	-0	-0	-0	903	0	-403	-0	-0	-0	-0	300	0	-203	-0	-0	-0	-0	300	0	200	-0
545	-0	-0	-0	1506	0	-203	-0	-86.5	382.76	18.79	2382.22	0	-309.74	-666.36	-0	-0	-0	903	0	-403	-0	-0	-0	-0	300	0	-203	-0	-0	-0	-0	300	0	200	-0
546	-0	-0	-0	1506	0	-203	-0	-84.58	382.14	17.35	2382.58	0	-309.5	-1064.05	-0	-0	-0	903	0	-403	-0	-0	-0	-0	300	0	-203	-0	-0	-0	-0	300	0	200	-0
547	-0	-0	-0	1506	0	-203	-0	-82.19	380.57	17.51	2382.2	0	-310.21	-1136.89	-0	-0	-0	903	0	-403	-0	-0	-0	-0	300	0	-203	-0	-0	-0	-0	300	0	200	-0
548	-0	-0	-0	1506	0	-203	-0	-79.15	381.82	17.35	2381.03	0	-309.88	-772.25	-0	-0	-0	903	0	-403	-0	-0	-0	-0	300	0	-203	-0	-0	-0	-0	300	0	200	-0
549	-0	-0	-0	1506	0	-203	-0	-75.79	381.2	16.87	2381.57	0	-309.72	-637.14	-0	-0	-0	903	0	-403	-0	-0	-0	-0	300	0	-203	-0	-0	-0	-0	300	0	200	-0
550	-0	-0	-0	1506	0	-203	-0	-74.51	379.63	16.24	2382.03	0	-309.35	-971.4	-0	-0	-0	903	0	-403	-0	-0	-0	-0	300	0	-203	-0	-0	-0	-0	300	0	200	-0
551	-0	-0	-0	1506	0	-203	-0	-71.64	377.75	15.92	2381.43	0	-309.72	-1043.93	-0	-0	-0	903	0	-403	-0	-0	-0	-0	300	0	-203	-0	-0	-0	-0	300	0	200	-0
552	-0	-0	-0	1506	0	-203	-0	-68.92	377.75	17.2	2381.11	0	-310.36	-716.75	-0	-0	-0	903	0	-403	-0	-0	-0	-0	300	0	-203	-0	0	0	0	300	0	200	0
553	-0	-0	-0	1506	0	-203	-0	-66.52	375.56	15.44	2381.84	0	-310.31	-935.16	-0	-0	-0	903	0	-403	-0	-0	-0	-0	300	0	-203	-0	0	0	0	300	0	200	0
554	-0	-0	-0	1506	0	-203	-0	-64.28	374.62	16.24	2380.64	0	-308.97	-685.19	0	0	0	903	0	-403	0	-0	-0	-0	300	0	-203	-0	-0	-0	-0	300	0	200	-0
555	-0	-0	-0	1506	0	-203	-0	-61.89	372.12	16.72	2378.4	0	-309.82	-965.01	-0	-0	-0	903	0	-403	-0	-0	-0	-0	300	0	-203	-0	-0	-0	-0	300	0	200	-0
556	-0	-0	-0	1506	0	-203	-0	-58.69	369.3	17.2	2379.35	0	-310.26	-753.41	-0	-0	-0	903	0	-403	-0	-0	-0	-0	300	0	-203	-0	-0	-0	-0	300	0	200	-0
557	-0	-0	-0	1506	0	-203	-0	-55.97	363.35	16.57	2381.2	0	-310.14	-691.95	-0	-0	-0	903	0	-403	-0	-0	-0	-0	300	0	-203	-0	-0	-0	-0	300	0	200	-0
558	-0	-0	-0	1506	0	-203	-0	-54.69	358.34	16.73	2379.59	0	-309.73	-1172.9	-0	-0	-0	903	0	-403	-0	-0	-0	-0	300	0	-203	-0	-0	-0	-0	300	0	200	-0
559	-0	-0	-0	1506	0	-203	-0	-51.66	355.52	17.86	2377.39	0	-309.47	-955.06	-0	-0	-0	903	0	-403	-0	-0	-0	-0	300	0	-203	-0	-0	-0	-0	300	0	200	-0
560	-0	-0	-0	1506	0	-203	-0	-49.26	346.75	18.66	2380.17	0	-310.53	-626.02	-0	-0	-0	903	0	-403	-0	-0	-0	-0	300	0	-203	-0	-0	-0	-0	300	0	200	-0
561	-0	-0	-0	1506	0	-203	-0	-46.7	338.92	18.02	2379.96	0	-310.11	-788.47	-0	-0	-0	903	0	-403	-0	-0	-0	-0	300	0	-203	-0	-0	-0	-0	300	0	200	-0
562	-0	-0	-0	1506	0	-203	-0	-45.42	333.28	18.66	2377.97	0	-309.79	-947.75	-0	-0	-0	903	0	-403	-0	-0	-0	-0	300	0	-203	-0	-0	-0	-0	300	0	200	-0
563	-0	-0	-0	1506	0	-203	-0	-42.86	323.26	18.83	2378.55	0	-311.45	-1118.92	-0	-0	-0	903	0	-403	-0	-0	-0	-0	300	0	-203	-0	-0	-0	-0	300	0	200	-0
564	-0	-0	-0	1506	0	-203	-0	-40.79	317.62	20.27	2377.73	0	-310.79	-725.18	-0	-0	-0	903	0	-403	-0	-0	-0	-0	300	0	-203	-0	-0	-0	-0	300	0	200	-0
565	-0	-0	-0	1506	0	-203	-0	-39.19	309.48	20.11	2378.98	0	-310.49	-628.53	-0	-0	-0	903	0	-403	-0	-0	-0	-0	300	0	-203	-0	-0	-0	-0	300	0	200	-0
566	-0	-0	-0	1506	0	-203	-0	-38.23	301.65	20.28	2376.8	0	-309.89	-879.51	-0	-0	-0	903	0	-403	-0	-0	-0	-0	300	0	-203	-0	-0	-0	-0	300	0	200	-0
567	-0	-0	-0	1506	0	-203	-0	-35.99	293.82	21.08	2376.84	0	-310.68	-945.41	-0	-0	-0	903	0	-403	-0	-0	-0	-0	300	0	-203	-0	-0	-0	-0	300	0	200	-0
568	-0	-0	-0	1506	0	-203	-0	-34.23	286.3	21.88	2378.04	0	-311.27	-637.92	-0	-0	-0	903	0	-403	-0	-0	-0	-0	300	0	-203	-0	-0	-0	-0	300	0	200	-0
569	-0	-0	-0	1506	0	-203	-0	-33.27	278.78	22.36	2378.72	0	-310.6	-488.76	-0	-0	-0	903	0	-403	-0	-0	-0	-0	300	0	-203	-0	0	0	0	300	0	200	0
570	-0	-0	-0	1506	0	-203	-0	-32.31	271.58	22.53	2377.51	0	-309.96	-750.48	0	0	0	903	0	-403	0	-0	-0	-0	300	0	-203	-0	-0	-0	-0	300	0	200	-0
571	-0	-0	-0	1506	0	-203	-0	-31.03	265.63	23.17	2375.51	0	-310.68	-702.26	-0	-0	-0	903	0	-403	-0	-0	-0	-0	300	0	-203	-0	-0	-0	-0	300	0	200	-0
572	-0	-0	-0	1506	0	-203	-0	-29.11	259.68	23.65	2376.42	0	-311.76	-371.1	-0	-0	-0	903	0	-403	-0	-0	-0	-0	300	0	-203	-0	-0	-0	-0	300	0	200	-0
573	-0	-0	-0	1506	0	-203	-0	-27.84	250.28	22.53	2379.7	0	-310.95	-606.13	-0	-0	-0	903	0	-403	-0	-0	-0	-0	300	0	-203	-0	-0	-0	-0	300	0	200	-0
574	-0	-0	-0	1506	0	-203	-0	-28.63	245.27	23.97	2376.39	0	-310.42	-597	-0	-0	-0	903	0	-403	-0	-0	-0	-0	300	0	-203	-0	0	0	0	300	0	200	0
575	-0	-0	-0	1506	0	-203	-0	-27.04	238.69	23.18	2375.95	0	-311.8	-743.55	-0	-0	-0	903	0	-403	-0	-0	-0	-0	300	0	-203	-0	-0	-0	-0	300	0	200	-0
576	-0	-0	-0	1506	0	-203	-0	-25.76	232.43	23.34	2379.09	0	-313.08	-374.24	-0	-0	-0	903	0	-403	-0	-0	-0	-0	300	0	-203	-0	0	0	0	300	0	200	0
577	-0	-0	-0	1506	0	-203	-0	-25.28	227.1	22.22	2378.08	0	-311.1	-416.33	-0	-0	-0	903	0	-403	-0	-0	-0	-0	300	0	-203	-0	-0	-0	-0	300	0	200	-0
578	-0	-0	-0	1506	0	-203	-0	-24.64	222.09	21.26	2375.83	0	-309.34	-800.73	-0	-0	-0	903	0	-403	-0	-0	-0	-0	300	0	-203	-0	-0	-0	-0	300	0	200	-0
579	-0	-0	-0	1506	0	-203	-0	-24	216.14	21.58	2375.5	0	-312.02	-680.6	-0	-0	-0	903	0	-403	-0	-0	-0	-0	300	0	-203	-0	-0	-0	-0	300	0	200	-0
580	-0	-0	-0	1506	0	-203	-0	-23.36	212.38	20.94	2375.05	0	-310.56	-385.94	-0	-0	-0	903	0	-403	-0	-0	-0	-0	300	0	-203	-0	-0	-0	-0	300	0	200	-0
581	-0	-0	-0	1506	0	-203	-0	-22.4	207.05	18.86	2375.77	0	-309.99	-380.57	-0	-0	-0	903	0	-403	-0	-0	-0	-0	300	0	-203	-0	-0	-0	-0	300	0	200	-0
582	-0	-0	-0	1506	0	-203	-0	-22.72	202.35	17.1	2375.38	0	-309.36	-703	0	0	0	903	0	-403	0	-0	-0	-0	300	0	-203	-0	0	0	0	300	0	200	0
583	-0	-0	-0	1506	0	-203	-0	-21.92	197.03	16.14	2374.83	0	-309.23	-591.71	-0	-0	-0	903	0	-403	-0	-0	-0	-0	300	0	-203	-0	0	0	0	300	0	200	0
584	-0	-0	-0	1506	0	-203	-0	-21.44	195.46	15.33	2374.84	0	-309.7	-201.08	-0	-0	-0	903	0	-403	-0	-0	-0	-0	300	0	-203	-0	0	0	0	300	0	200	0
585	-0	-0	-0	1506	0	-203	-0	-21.43	188.25	12.45	2378.69	0	-310.32	-368.08	-0	-0	-0	903	0	-403	-0	-0	-0	-0	300	0	-203	-0	-0	-0	-0	300	0	200	-0
586	-0	-0	-0	1506	0	-203	-0	-21.75	182.3	9.89	2382.94	0	-310.17	-803.09	-0	-0	-0	903	0	-403	-0	-0	-0	-0	300	0	-203	-0	0	0	0	300	0	200	0
587	-0	-0	-0	1506	0	-203	-0	-21.59	182.92	9.09	2377.25	0	-309.19	-512.39	-0	-0	-0	903	0	-403	-0	-0	-0	-0	300	0	-203	-0	-0	-0	-0	300	0	200	-0
588	-0	-0	-0	1506	0	-203	-0	-21.27	180.11	7.17	2377.02	0	-309.49	-438.04	-0	-0	-0	903	0	-403	-0	-0	-0	-0	300	0	-203	-0	-0	-0	-0	300	0	200	-0
589	-0	-0	-0	1506	0	-203	-0	-21.11	175.09	5.24	2381.87	0	-309.63	-229.07	0	0	0	903	0	-403	0	-0	-0	-0	300	0	-203	-0	-0	-0	-0	300	0	200	-0
590	-0	-0	-0	1506	0	-203	-0	-22.39	173.84	4.12	2377.72	0	-306.82	-184.07	-0	-0	-0	903	0	-403	-0	-0	-0	-0	300	0	-203	-0	-0	-0	-0	300	0	200	-0
591	-0	-0	-0	1506	0	-203	-0	-22.07	170.7	1.88	2376.87	0	-307.59	-667.8	-0	-0	-0	903	0	-403	-0	-0	-0	-0	300	0	-203	-0	-0	-0	-0	300	0	200	-0
592	-0	-0	-0	1506	0	-203	-0	-21.75	167.26	1.08	2376.12	0	-309.3	-215.91	-0	-0	-0	903	0	-403	-0	-0	-0	-0	300	0	-203	-0	-0	-0	-0	300	0	200	-0
593	-0	-0	-0	1506	0	-203	-0	-22.07	164.75	-1	2377.81	0	-306.51	-290.79	-0	-0	-0	903	0	-403	-0	-0	-0	-0	300	0	-203	-0	-0	-0	-0	300	0	200	-0
594	-0	-0	-0	1506	0	-203	-0	-22.87	162.86	-2.12	2375.29	0	-302.96	-166.17	0	0	0	903	0	-403	0	-0	-0	-0	300	0	-203	-0	-0	-0	-0	300	0	200	-0
595	-0	-0	-0	1506	0	-203	-0	-22.71	155.98	-3.56	2376.66	0	-305.88	-412.36	-0	-0	-0	903	0	-403	-0	-0	-0	-0	300	0	-203	-0	-0	-0	-0	300	0	200	-0
596	-0	-0	-0	1506	0	-203	-0	-22.87	153.78	-4.04	2377.58	0	-305.79	-405.31	-0	-0	-0	903	0	-403	-0	-0	-0	-0	300	0	-203	-0	-0	-0	-0	300	0	200	-0
597	-0	-0	-0	1506	0	-203	-0	-22.71	147.83	-5.01	2382.08	0	-306.43	-153.15	-0	-0	-0	903	0	-403	-0	-0	-0	-0	300	0	-203	-0	-0	-0	-0	300	0	200	-0
598	-0	-0	-0	1506	0	-203	-0	-23.34	142.5	-6.93	2382.84	0	-305.4	-467.96	0	0	0	903	0	-403	0	-0	-0	-0	300	0	-203	-0	-0	-0	-0	300	0	200	-0
599	-0	-0	-0	1506	0	-203	-0	-23.18	138.43	-7.4	2379.64	0	-304.5	-550.88	-0	-0	-0	903	0	-403	-0	-0	-0	-0	300	0	-203	-0	0	0	0	300	0	200	0
600	-0	-0	-0	1506	0	-203	-0	-22.7	134.36	-7.73	2377.3	0	-305.17	-234.61	-0	-0	-0	903	0	-403	-0	-0	-0	-0	300	0	-203	-0	-0	-0	-0	300	0	200	-0
601	-0	-0	-0	1506	0	-203	-0	-23.02	129.66	-8.21	2378.69	0	-304.7	-134.25	-0	-0	-0	903	0	-403	-0	-0	-0	-0	300	0	-203	-0	-0	-0	-0	300	0	200	-0
602	-0	-0	-0	1506	0	-203	-0	-23.5	123.71	-9.33	2379.83	0	-303.65	-176.54	-0	-0	-0	903	0	-403	-0	-0	-0	-0	300	0	-203	-0	-0	-0	-0	300	0	200	-0
603	-0	-0	-0	1506	0	-203	-0	-23.34	115.57	-10.13	2382.72	0	-303.91	-552.1	-0	-0	-0	903	0	-403	-0	-0	-0	-0	300	0	-203	-0	-0	-0	-0	300	0	200	-0
604	-0	-0	-0	1506	0	-203	-0	-22.86	114	-9.64	2372.96	0	-302.12	-339.45	-0	-0	-0	903	0	-403	-0	-0	-0	-0	300	0	-203	-0	-0	-0	-0	300	0	200	-0
605	-0	-0	-0	1506	0	-203	-0	-22.38	106.17	-9.96	2379.07	0	-304.97	-200.44	-0	-0	-0	903	0	-403	-0	-0	-0	-0	300	0	-203	-0	-0	-0	-0	300	0	200	-0
606	-0	-0	-0	1506	0	-203	-0	-22.38	99.59	-10.13	2386.21	0	-303.85	-67.14	-0	-0	-0	903	0	-403	-0	-0	-0	-0	300	0	-203	-0	-0	-0	-0	300	0	200	-0
607	-0	-0	-0	1506	0	-203	-0	-21.42	94.27	-11.56	2380.44	0	-301.9	-202.15	-0	-0	-0	903	0	-403	-0	-0	-0	-0	300	0	-203	-0	-0	-0	-0	300	0	200	-0
608	-0	-0	-0	1506	0	-203	-0	-21.74	88	-11.56	2379.66	0	-300.4	-396.37	-0	-0	-0	903	0	-403	-0	-0	-0	-0	300	0	-203	-0	-0	-0	-0	300	0	200	-0
609	-0	-0	-0	1506	0	-203	-0	-20.78	82.68	-10.76	2381.74	0	-305.73	-225.99	-0	-0	-0	903	0	-403	-0	-0	-0	-0	300	0	-203	-0	-0	-0	-0	300	0	200	-0
610	-0	-0	-0	1506	0	-203	-0	-20.3	76.72	-10.76	2381.16	0	-302.44	247.47	-0	-0	-0	903	0	-403	-0	-0	-0	-0	300	0	-203	-0	-0	-0	-0	300	0	200	-0
611	-0	-0	-0	1506	0	-203	-0	-19.02	68.89	-12.52	2386.61	0	-301.32	-66.82	-0	-0	-0	903	0	-403	-0	-0	-0	-0	300	0	-203	-0	-0	-0	-0	300	0	200	-0
612	-0	-0	-0	1506	0	-203	-0	-19.02	66.07	-11.72	2370.98	0	-291.85	39.86	-0	-0	-0	903	0	-403	-0	-0	-0	-0	300	0	-203	-0	-0	-0	-0	300	0	200	-0
613	-0	-0	-0	1506	0	-203	-0	-17.74	57.62	-11.88	2376.79	0	-304.33	-146.85	-0	-0	-0	903	0	-403	-0	-0	-0	-0	300	0	-203	-0	-0	-0	-0	300	0	200	-0
614	-0	-0	-0	1506	0	-203	-0	-16.94	52.3	-10.76	2384.42	0	-301.4	303.42	-0	-0	-0	903	0	-403	-0	-0	-0	-0	300	0	-203	-0	-0	-0	-0	300	0	200	-0
615	-0	-0	-0	1506	0	-203	-0	-16.14	47.91	-11.72	2373.84	0	-294.11	353.74	-0	-0	-0	903	0	-403	-0	-0	-0	-0	300	0	-203	-0	-0	-0	-0	300	0	200	-0
616	-0	-0	-0	1506	0	-203	-0	-15.34	39.77	-11.39	2397.53	0	-297.23	-42.5	-0	-0	-0	903	0	-403	-0	-0	-0	-0	300	0	-203	-0	-0	-0	-0	300	0	200	-0
617	-0	-0	-0	1506	0	-203	-0	-14.23	36.01	-11.55	2376.96	0	-296.81	-109.3	-0	-0	-0	903	0	-403	-0	-0	-0	-0	300	0	-203	-0	-0	-0	-0	300	0	200	-0
618	-0	-0	-0	1506	0	-203	-0	-13.11	31.31	-9.95	2380.88	0	-300.01	55.25	0	0	0	903	0	-403	0	-0	-0	-0	300	0	-203	-0	-0	-0	-0	300	0	200	-0
619	-0	-0	-0	1506	0	-203	-0	-11.35	27.55	-9.79	2380.11	0	-293.86	397.71	-0	-0	-0	903	0	-403	-0	-0	-0	-0	300	0	-203	-0	-0	-0	-0	300	0	200	-0
620	-0	-0	-0	1506	0	-203	-0	-10.07	23.48	-9.47	2384.4	0	-281.74	439.95	0	0	0	903	0	-403	0	-0	-0	-0	300	0	-203	-0	-0	-0	-0	300	0	200	-0
621	-0	-0	-0	1506	0	-203	-0	-9.11	17.53	-9.46	2391.19	0	-289.11	-151.91	-0	-0	-0	903	0	-403	-0	-0	-0	-0	300	0	-203	-0	-0	-0	-0	300	0	200	-0
622	-0	-0	-0	1506	0	-203	-0	-6.71	16.28	-7.7	2335.35	0	-276.65	438.27	-0	-0	-0	903	0	-403	-0	-0	-0	-0	300	0	-203	-0	-0	-0	-0	300	0	200	-0
623	-0	-0	-0	1506	0	-203	-0	-0	-0	-0	2109	0	-203	-0	-0	-0	-0	903	0	-403	-0	-0	-0	-0	300	0	-203	-0	-0	-0	-0	300	0	200	-0
624	-0	-0	-0	1506	0	-203	-0	-0	-0	-0	2109	0	-203	-0	0	0	0	903	0	-403	0	-0	-0	-0	300	0	-203	-0	-0	-0	-0	300	0	200	-0
625	-0	-0	-0	1506	0	-203	-0	-0	-0	-0	2109	0	-203	-0	0	0	0	903	0	-403	0	-0	-0	-0	300	0	-203	-0	-0	-0	-0	300	0	200	-0
626	-0	-0	-0	1506	0	-203	-0	-0	-0	-0	2109	0	-203	-0	-0	-0	-0	903	0	-403	-0	-0	-0	-0	300	0	-203	-0	-0	-0	-0	300	0	200	-0
627	-0	-0	-0	1506	0	-203	-0	-0	-0	-0	2109	0	-203	-0	-0	-0	-0	903	0	-403	-0	-0	-0	-0	300	0	-203	-0	-0	-0	-0	300	0	200	-0
628	-0	-0	-0	1506	0	-203	-0	-0	-0	-0	2109	0	-203	-0	-0	-0	-0	903	0	-403	-0	-0	-0	-0	300	0	-203	-0	-0	-0	-0	300	0	200	-0
629	-0	-0	-0	1506	0	-203	-0	-0	-0	-0	2109	0	-203	-0	-0	-0	-0	903	0	-403	-0	-0	-0	-0	300	0	-203	-0	-0	-0	-0	300	0	200	-0
630	-0	-0	-0	1506	0	-203	-0	-0	-0	-0	2109	0	-203	-0	-0	-0	-0	903	0	-403	-0	-0	-0	-0	300	0	-203	-0	0	0	0	300	0	200	0
631	-0	-0	-0	1506	0	-203	-0	-0	-0	-0	2109	0	-203	-0	-0	-0	-0	903	0	-403	-0	-0	-0	-0	300	0	-203	-0	-0	-0	-0	300	0	200	-0
632	-0	-0	-0	1506	0	-203	-0	-0	-0	-0	2109	0	-203	-0	-0	-0	-0	903	0	-403	-0	-0	-0	-0	300	0	-203	-0	-0	-0	-0	300	0	200	-0
633	-0	-0	-0	1506	0	-203	-0	-0	-0	-0	2109	0	-203	-0	-0	-0	-0	903	0	-403	-0	-0	-0	-0	300	0	-203	-0	0	0	0	300	0	200	0
634	-0	-0	-0	1506	0	-203	-0	-0	-0	-0	2109	0	-203	-0	0	0	0	903	0	-403	0	-0	-0	-0	300	0	-203	-0	-0	-0	-0	300	0	200	-0
635	-0	-0	-0	1506	0	-203	-0	-0	-0	-0	2109	0	-203	-0	-0	-0	-0	903	0	-403	-0	-0	-0	-0	300	0	-203	-0	-0	-0	-0	300	0	200	-0
636	-0	-0	-0	1506	0	-203	-0	-0	-0	-0	2109	0	-203	-0	-0	-0	-0	903	0	-403	-0	-0	-0	-0	300	0	-203	-0	-0	-0	-0	300	0	200	-0
637	-0	-0	-0	1506	0	-203	-0	-0	-0	-0	2109	0	-203	-0	-0	-0	-0	903	0	-403	-0	-0	-0	-0	300	0	-203	-0	-0	-0	-0	300	0	200	-0
638	-0	-0	-0	1506	0	-203	-0	-0	-0	-0	2109	0	-203	-0	-0	-0	-0	903	0	-403	-0	-0	-0	-0	300	0	-203	-0	0	0	0	300	0	200	0
639	-0	-0	-0	1506	0	-203	-0	-0	-0	-0	2109	0	-203	-0	-0	-0	-0	903	0	-403	-0	-0	-0	-0	300	0	-203	-0	-0	-0	-0	300	0	200	-0
640	-0	-0	-0	1506	0	-203	-0	-0	-0	-0	2109	0	-203	-0	-0	-0	-0	903	0	-403	-0	-0	-0	-0	300	0	-203	-0	-0	-0	-0	300	0	200	-0
641	-0	-0	-0	1506	0	-203	-0	-0	-0	-0	2109	0	-203	-0	-0	-0	-0	903	0	-403	-0	-0	-0	-0	300	0	-203	-0	-0	-0	-0	300	0	200	-0
642	-0	-0	-0	1506	0	-203	-0	-0	-0	-0	2109	0	-203	-0	-0	-0	-0	903	0	-403	-0	-0	-0	-0	300	0	-203	-0	-0	-0	-0	300	0	200	-0
643	-0	-0	-0	1506	0	-203	-0	-0	-0	-0	2109	0	-203	-0	-0	-0	-0	903	0	-403	-0	-0	-0	-0	300	0	-203	-0	-0	-0	-0	300	0	200	-0
644	-0	-0	-0	1506	0	-203	-0	-0	-0	-0	2109	0	-203	-0	-0	-0	-0	903	0	-403	-0	-0	-0	-0	300	0	-203	-0	-0	-0	-0	300	0	200	-0
645	-0	-0	-0	1506	0	-203	-0	-0	-0	-0	2109	0	-203	-0	-0	-0	-0	903	0	-403	-0	-0	-0	-0	300	0	-203	-0	-0	-0	-0	300	0	200	-0
646	-0	-0	-0	1506	0	-203	-0	-0	-0	-0	2109	0	-203	-0	0	0	0	903	0	-403	0	-0	-0	-0	300	0	-203	-0	0	0	0	300	0	200	0
647	-0	-0	-0	1506	0	-203	-0	-0	-0	-0	2109	0	-203	-0	-0	-0	-0	903	0	-403	-0	-0	-0	-0	300	0	-203	-0	0	0	0	300	0	200	0
648	-0	-0	-0	1506	0	-203	-0	-0	-0	-0	2109	0	-203	-0	-0	-0	-0	903	0	-403	-0	-0	-0	-0	300	0	-203	-0	-0	-0	-0	300	0	200	-0
649	-0	-0	-0	1506	0	-203	-0	-0	-0	-0	2109	0	-203	-0	-0	-0	-0	903	0	-403	-0	-0	-0	-0	300	0	-203	-0	-0	-0	-0	300	0	200	-0
650	-0	-0	-0	1506	0	-203	-0	-0	-0	-0	2109	0	-203	-0	-0	-0	-0	903	0	-403	-0	-0	-0	-0	300	0	-203	-0	-0	-0	-0	300	0	200	-0
651	-0	-0	-0	1506	0	-203	-0	-0	-0	-0	2109	0	-203	-0	-0	-0	-0	903	0	-403	-0	-0	-0	-0	300	0	-203	-0	0	0	0	300	0	200	0
652	-0	-0	-0	1506	0	-203	-0	-0	-0	-0	2109	0	-203	-0	-0	-0	-0	903	0	-403	-0	-0	-0	-0	300	0	-203	-0	-0	-0	-0	300	0	200	-0
653	-0	-0	-0	1506	0	-203	-0	-0	-0	-0	2109	0	-203	-0	-0	-0	-0	903	0	-403	-0	0	0	0	300	0	-203	0	-0	-0	-0	300	0	200	-0
654	-0	-0	-0	1506	0	-203	-0	-0	-0	-0	2109	0	-203	-0	-0	-0	-0	903	0	-403	-0	-0	-0	-0	300	0	-203	-0	-0	-0	-0	300	0	200	-0
655	-0	-0	-0	1506	0	-203	-0	-0	-0	-0	2109	0	-203	-0	-0	-0	-0	903	0	-403	-0	-0	-0	-0	300	0	-203	-0	-0	-0	-0	300	0	200	-0
656	-0	-0	-0	1506	0	-203	-0	-0	-0	-0	2109	0	-203	-0	-0	-0	-0	903	0	-403	-0	-0	-0	-0	300	0	-203	-0	-0	-0	-0	300	0	200	-0
657	-0	-0	-0	1506	0	-203	-0	-0	-0	-0	2109	0	-203	-0	-0	-0	-0	903	0	-403	-0	-0	-0	-0	300	0	-203	-0	-0	-0	-0	300	0	200	-0
658	-0	-0	-0	1506	0	-203	-0	-0	-0	-0	2109	0	-203	-0	-0	-0	-0	903	0	-403	-0	-0	-0	-0	300	0	-203	-0	-0	-0	-0	300	0	200	-0
659	-0	-0	-0	1506	0	-203	-0	-0	-0	-0	2109	0	-203	-0	-0	-0	-0	903	0	-403	-0	-0	-0	-0	300	0	-203	-0	-0	-0	-0	300	0	200	-0
660	-0	-0	-0	1506	0	-203	-0	-0	-0	-0	2109	0	-203	-0	-0	-0	-0	903	0	-403	-0	-0	-0	-0	300	0	-203	-0	-0	-0	-0	300	0	200	-0
661	-0	-0	-0	1506	0	-203	-0	-0	-0	-0	2109	0	-203	-0	-0	-0	-0	903	0	-403	-0	-0	-0	-0	300	0	-203	-0	-0	-0	-0	300	0	200	-0
662	-0	-0	-0	1506	0	-203	-0	-0	-0	-0	2109	0	-203	-0	0	0	0	903	0	-403	0	-0	-0	-0	300	0	-203	-0	-0	-0	-0	300	0	200	-0
663	-0	-0	-0	1506	0	-203	-0	-0	-0	-0	2109	0	-203	-0	-0	-0	-0	903	0	-403	-0	-0	-0	-0	300	0	-203	-0	-0	-0	-0	300	0	200	-0
664	-0	-0	-0	1506	0	-203	-0	-0	-0	-0	2109	0	-203	-0	-0	-0	-0	903	0	-403	-0	-0	-0	-0	300	0	-203	-0	-0	-0	-0	300	0	200	-0
665	-0	-0	-0	1506	0	-203	-0	-0	-0	-0	2109	0	-203	-0	-0	-0	-0	903	0	-403	-0	-0	-0	-0	300	0	-203	-0	-0	-0	-0	300	0	200	-0
666	-0	-0	-0	1506	0	-203	-0	-0	-0	-0	2109	0	-203	-0	-0	-0	-0	903	0	-403	-0	0	0	0	300	0	-203	0	-0	-0	-0	300	0	200	-0
667	-0	-0	-0	1506	0	-203	-0	-0	-0	-0	2109	0	-203	-0	-0	-0	-0	903	0	-403	-0	-0	-0	-0	300	0	-203	-0	-0	-0	-0	300	0	200	-0
668	-0	-0	-0	1506	0	-203	-0	-0	-0	-0	2109	0	-203	-0	-0	-0	-0	903	0	-403	-0	-0	-0	-0	300	0	-203	-0	-0	-0	-0	300	0	200	-0
669	-0	-0	-0	1506	0	-203	-0	-0	-0	-0	2109	0	-203	-0	-0	-0	-0	903	0	-403	-0	-0	-0	-0	300	0	-203	-0	-0	-0	-0	300	0	200	-0
670	-0	-0	-0	1506	0	-203	-0	-0	-0	-0	2109	0	-203	-0	-0	-0	-0	903	0	-403	-0	-0	-0	-0	300	0	-203	-0	-0	-0	-0	300	0	200	-0
671	-0	-0	-0	1506	0	-203	-0	-0	-0	-0	2109	0	-203	-0	-0	-0	-0	903	0	-403	-0	-0	-0	-0	300	0	-203	-0	0	0	0	300	0	200	0
672	-0	-0	-0	1506	0	-203	-0	-0	-0	-0	2109	0	-203	-0	0	0	0	903	0	-403	0	-0	-0	-0	300	0	-203	-0	-0	-0	-0	300	0	200	-0
673	-0	-0	-0	1506	0	-203	-0	-0	-0	-0	2109	0	-203	-0	-0	-0	-0	903	0	-403	-0	-0	-0	-0	300	0	-203	-0	-0	-0	-0	300	0	200	-0
674	-0	-0	-0	1506	0	-203	-0	-0	-0	-0	2109	0	-203	-0	-0	-0	-0	903	0	-403	-0	-0	-0	-0	300	0	-203	-0	-0	-0	-0	300	0	200	-0
675	-0	-0	-0	1506	0	-203	-0	-0	-0	-0	2109	0	-203	-0	-0	-0	-0	903	0	-403	-0	-0	-0	-0	300	0	-203	-0	-0	-0	-0	300	0	200	-0
676	-0	-0	-0	1506	0	-203	-0	-0	-0	-0	2109	0	-203	-0	-0	-0	-0	903	0	-403	-0	-0	-0	-0	300	0	-203	-0	-0	-0	-0	300	0	200	-0
677	-0	-0	-0	1506	0	-203	-0	-0	-0	-0	2109	0	-203	-0	-0	-0	-0	903	0	-403	-0	-0	-0	-0	300	0	-203	-0	-0	-0	-0	300	0	200	-0
678	-0	-0	-0	1506	0	-203	-0	-0	-0	-0	2109	0	-203	-0	-0	-0	-0	903	0	-403	-0	-0	-0	-0	300	0	-203	-0	-0	-0	-0	300	0	200	-0
679	-0	-0	-0	1506	0	-203	-0	-0	-0	-0	2109	0	-203	-0	-0	-0	-0	903	0	-403	-0	-0	-0	-0	300	0	-203	-0	-0	-0	-0	300	0	200	-0
680	-0	-0	-0	1506	0	-203	-0	-0	-0	-0	2109	0	-203	-0	0	0	0	903	0	-403	0	-0	-0	-0	300	0	-203	-0	-0	-0	-0	300	0	200	-0
681	-0	-0	-0	1506	0	-203	-0	-0	-0	-0	2109	0	-203	-0	-0	-0	-0	903	0	-403	-0	-0	-0	-0	300	0	-203	-0	-0	-0	-0	300	0	200	-0
682	-0	-0	-0	1506	0	-203	-0	-0	-0	-0	2109	0	-203	-0	-0	-0	-0	903	0	-403	-0	-0	-0	-0	300	0	-203	-0	-0	-0	-0	300	0	200	-0
683	-0	-0	-0	1506	0	-203	-0	-0	-0	-0	2109	0	-203	-0	-0	-0	-0	903	0	-403	-0	-0	-0	-0	300	0	-203	-0	-0	-0	-0	300	0	200	-0
684	-0	-0	-0	1506	0	-203	-0	-0	-0	-0	2109	0	-203	-0	-0	-0	-0	903	0	-403	-0	-0	-0	-0	300	0	-203	-0	-0	-0	-0	300	0	200	-0
685	-0	-0	-0	1506	0	-203	-0	-0	-0	-0	2109	0	-203	-0	-0	-0	-0	903	0	-403	-0	-0	-0	-0	300	0	-203	-0	-0	-0	-0	300	0	200	-0
686	-0	-0	-0	1506	0	-203	-0	-0	-0	-0	2109	0	-203	-0	-0	-0	-0	903	0	-403	-0	-0	-0	-0	300	0	-203	-0	-0	-0	-0	300	0	200	-0
687	-0	-0	-0	1506	0	-203	-0	-0	-0	-0	2109	0	-203	-0	-0	-0	-0	903	0	-403	-0	-0	-0	-0	300	0	-203	-0	0	0	0	300	0	200	0
688	-0	-0	-0	1506	0	-203	-0	-0	-0	-0	2109	0	-203	-0	-0	-0	-0	903	0	-403	-0	-0	-0	-0	300	0	-203	-0	-0	-0	-0	300	0	200	-0
689	0	0	0	1506	0	-203	0	-0	-0	-0	2109	0	-203	-0	-0	-0	-0	903	0	-403	-0	0	0	0	300	0	-203	0	-0	-0	-0	300	0	200	-0
690	-0	-0	-0	1506	0	-203	-0	-0	-0	-0	2109	0	-203	-0	-0	-0	-0	903	0	-403	-0	-0	-0	-0	300	0	-203	-0	-0	-0	-0	300	0	200	-0
691	-0	-0	-0	1506	0	-203	-0	-0	-0	-0	2109	0	-203	-0	-0	-0	-0	903	0	-403	-0	-0	-0	-0	300	0	-203	-0	-0	-0	-0	300	0	200	-0
692	-0	-0	-0	1506	0	-203	-0	-0	-0	-0	2109	0	-203	-0	0	0	0	903	0	-403	0	-0	-0	-0	300	0	-203	-0	-0	-0	-0	300	0	200	-0
693	-0	-0	-0	1506	0	-203	-0	-0	-0	-0	2109	0	-203	-0	-0	-0	-0	903	0	-403	-0	-0	-0	-0	300	0	-203	-0	-0	-0	-0	300	0	200	-0
694	-0	-0	-0	1506	0	-203	-0	-0	-0	-0	2109	0	-203	-0	-0	-0	-0	903	0	-403	-0	-0	-0	-0	300	0	-203	-0	-0	-0	-0	300	0	200	-0
