Time	RPelvisAngleX	RPelvisAngleY	RPelvisAngleZ	LPelvisAngleX	LPelvisAngleY	LPelvisAngleZ	RHipAngleX	RHipAngleY	RHipAngleZ	LHipAngleX	LHipAngleY	LHipAngleZ	RKneeAngleX	RKneeAngleY	RKneeAngleZ	LKneeAngleX	LKneeAngleY	LKneeAngleZ	RAnkleAngleX	RAnkleAngleY	RAnkleAngleZ	LAnkleAngleX	LAnkleAngleY	LAnkleAngleZ	RFootAngleX	RFootAngleY	RFootAngleZ	LFootAngleX	LFootAngleY	LFootAngleZ
0	1.52296	0.0703133	14.319	-1.5477	0.348994	15.3574	2.73882	-2.07728	34.8159	-1.47797	-10.9243	35.6744	-1.59337	-17.7111	-1.98423	-0.0708271	-5.48982	-0.14376	3.1435	4.36565	1.61215	2.25484	13.4471	2.01073	2.34093	14.5587	24.9522	1.45017	3.57865	23.0244
1	1.81364	0.345142	14.2287	-1.29376	0.607413	15.3	2.81521	-1.87663	35.0701	-1.43286	-10.6476	36.099	-1.31821	-17.7209	-0.0679944	-0.116139	-5.57708	1.96652	3.26832	4.80516	1.62977	2.12003	14.0134	2.02884	2.79669	13.4971	23.4117	1.67968	2.48375	21.3976
2	2.16042	0.58165	14.0933	-0.933504	0.8952	15.1502	2.98311	-1.63486	35.1091	-1.29112	-10.3313	36.1654	-1.05607	-18.0154	1.77544	-0.156234	-6.03221	3.90832	3.63207	5.14146	1.0612	2.15195	14.7167	1.46318	3.61487	12.7922	21.2898	2.17619	1.47324	19.1542
3	2.57574	0.761236	13.9449	-0.470912	1.19792	14.9343	3.25971	-1.31497	34.9434	-1.04116	-9.94395	35.9034	-0.850246	-18.5877	3.31657	-0.197111	-6.91488	5.54114	4.27551	5.32528	-0.270971	2.34965	15.5001	0.180283	4.83454	12.4563	18.6351	2.93413	0.641995	16.3024
4	3.06217	0.859972	13.829	0.0637382	1.4957	14.7002	3.63551	-0.88288	34.6732	-0.71449	-9.45168	35.4691	-0.685288	-19.2319	4.57978	-0.219159	-7.99594	6.9787	5.03442	5.28564	-2.07935	2.56004	16.0949	-1.4868	6.21103	12.3289	15.6912	3.73677	0.0318479	13.1134
5	3.59548	0.863973	13.774	0.608173	1.77592	14.489	4.05856	-0.358183	34.4581	-0.400686	-8.87456	35.0951	-0.46111	-19.5163	5.88949	-0.160914	-8.69349	8.59542	5.65027	4.85597	-3.66175	2.61426	16.0381	-2.79556	7.33407	12.1806	12.8126	4.27436	-0.394104	10.059
6	4.12802	0.78247	13.7572	1.08881	2.04125	14.3034	4.45396	0.147465	34.4262	-0.207653	-8.34306	34.9702	-0.0576807	-19.0796	7.60642	0.0387364	-8.47621	10.7522	5.88307	3.93046	-4.45679	2.40181	15.0784	-3.20575	7.87208	11.8849	10.2154	4.34289	-0.724126	7.44923
7	4.61251	0.644375	13.7177	1.46487	2.30037	14.1074	4.77715	0.46738	34.5759	-0.172463	-8.06462	35.1056	0.543946	-17.9785	9.78399	0.364392	-7.33814	13.4317	5.5118	2.74544	-4.39294	1.77811	13.5045	-2.72941	7.666	11.4384	7.96845	3.87069	-1.0196	5.35467
8	5.01578	0.484753	13.5996	1.73852	2.55588	13.8573	5.03442	0.490773	34.7564	-0.233024	-8.19546	35.3064	1.23093	-16.6493	12.1441	0.703532	-5.78678	16.2357	4.45608	1.77895	-3.76474	0.699071	11.9489	-1.71589	6.77018	10.9163	6.08251	2.95413	-1.26059	3.7578
9	5.32006	0.336308	13.3799	1.93095	2.80379	13.53	5.24907	0.230233	34.7561	-0.290331	-8.7468	35.2884	1.85372	-15.5895	14.3116	0.92429	-4.48599	18.6783	2.91705	1.39506	-2.90439	-0.627875	11.0047	-0.508585	5.45413	10.4379	4.55134	1.85068	-1.39505	2.60958
10	5.52346	0.228742	13.0679	2.06753	3.04016	13.1291	5.43404	-0.213333	34.4184	-0.273047	-9.59406	34.8356	2.31881	-15.0726	16.0197	0.968535	-3.90385	20.4262	1.29237	1.66504	-1.97579	-1.88548	11.0002	0.709382	4.08519	10.088	3.37489	0.81798	-1.43486	1.83206
11	5.63727	0.187646	12.6946	2.17645	3.26579	12.679	5.59426	-0.720096	33.702	-0.149936	-10.5499	33.8916	2.60044	-15.0786	17.1759	0.867022	-4.13142	21.384	-0.0792993	2.42085	-1.01254	-2.85556	11.8849	1.87136	2.92853	9.86621	2.53744	-0.0131589	-1.43877	1.33157
12	5.68119	0.229114	12.3092	2.282	3.487	12.2213	5.73547	-1.19509	32.6752	0.0804971	-11.4319	32.5566	2.7138	-15.3964	17.8319	0.691935	-4.90258	21.6669	-1.05685	3.36396	-0.0247093	-3.46687	13.236	2.94654	2.06532	9.73135	1.9832	-0.613187	-1.43654	1.01511
13	5.68094	0.355662	11.9742	2.3939	3.71555	11.8143	5.86817	-1.58228	31.4801	0.389165	-12.1138	31.029	2.69334	-15.7477	18.118	0.50786	-5.74976	21.5092	-1.64605	4.15884	0.961376	-3.75918	14.4592	3.91235	1.47151	9.65174	1.63492	-1.00013	-1.4305	0.806612
14	5.66343	0.557314	11.7519	2.5047	3.9646	11.5224	6.00387	-1.8685	30.2865	0.719988	-12.5654	29.534	2.58009	-15.8903	18.1838	0.344312	-6.234	21.1628	-1.92151	4.54448	1.90835	-3.83876	15.0848	4.76269	1.09911	9.6085	1.41923	-1.22185	-1.42389	0.653444
15	5.64654	0.814461	11.6848	2.59522	4.23805	11.3961	6.14397	-2.07784	29.2413	1.01141	-12.8445	28.252	2.41452	-15.7116	18.162	0.197589	-6.1346	20.818	-1.98454	4.43957	2.79182	-3.82037	14.955	5.51164	0.896999	9.58809	1.27968	-1.33654	-1.42007	0.523545
16	5.63051	1.1014	11.7823	2.64301	4.5235	11.4504	6.27199	-2.25025	28.4192	1.22023	-13.0432	27.2562	2.23468	-15.2578	18.1349	0.0537354	-5.5073	20.5529	-1.93415	3.95932	3.6083	-3.78015	14.2314	6.17623	0.81259	9.58073	1.17819	-1.38944	-1.41734	0.398873
17	5.60227	1.39045	12.0192	2.62971	4.79559	11.6562	6.36306	-2.41288	27.798	1.33151	-13.2313	26.4938	2.07325	-14.6808	18.1104	-0.0903629	-4.61558	20.3272	-1.84631	3.32632	4.35969	-3.74111	13.2716	6.75696	0.797087	9.58158	1.09018	-1.4037	-1.41145	0.268611
18	5.5518	1.6569	12.3425	2.54558	5.02648	11.9526	6.40559	-2.57711	27.2746	1.35509	-13.4319	25.8261	1.94776	-14.1471	18.032	-0.222275	-3.78694	20.0279	-1.7584	2.75908	5.03925	-3.6869	12.455	7.23755	0.81778	9.59052	1.00161	-1.38579	-1.39927	0.125315
19	5.48404	1.88358	12.686	2.3924	5.1978	12.2677	6.41243	-2.75395	26.7147	1.31755	-13.6307	25.0973	1.85507	-13.7687	17.8206	-0.322493	-3.26414	19.5415	-1.67021	2.40575	5.63467	-3.59116	12.0267	7.599	0.862364	9.60838	0.906714	-1.33556	-1.37841	-0.0374389
20	5.41298	2.06249	12.9865	2.18229	5.30651	12.5375	6.41229	-2.94492	26.0072	1.25224	-13.8104	24.1938	1.77999	-13.5878	17.4222	-0.382972	-3.0997	18.8131	-1.56569	2.31933	6.13901	-3.44356	12.0153	7.83308	0.928144	9.63403	0.804839	-1.25356	-1.34588	-0.226494
21	5.34438	2.1945	13.1971	1.93111	5.36206	12.7149	6.42881	-3.12427	25.0946	1.18645	-13.9827	23.0724	1.70744	-13.5923	16.8316	-0.418837	-3.15971	17.8652	-1.43038	2.46116	6.55641	-3.25417	12.2753	7.94531	1.01514	9.66576	0.697726	-1.14203	-1.30053	-0.449679
22	5.26654	2.28999	13.293	1.65254	5.37889	12.7729	6.46393	-3.26618	23.9749	1.13377	-14.1824	21.7523	1.62208	-13.7143	16.088	-0.457919	-3.24308	16.775	-1.25898	2.72792	6.89929	-3.03973	12.616	7.95011	1.12276	9.70449	0.585922	-1.00293	-1.24613	-0.714934
23	5.1567	2.36581	13.2706	1.35812	5.36867	12.7042	6.49897	-3.38047	22.6834	1.09777	-14.4424	20.2881	1.50718	-13.8391	15.2514	-0.522359	-3.2069	15.6329	-1.05552	2.99768	7.18264	-2.81147	12.9111	7.86681	1.24956	9.75377	0.467943	-0.837714	-1.18838	-1.02647
24	4.99499	2.43693	13.1418	1.05965	5.335	12.5207	6.51128	-3.51095	21.2701	1.07989	-14.7784	18.7427	1.34856	-13.8501	14.3796	-0.619034	-3.00069	14.5094	-0.831954	3.1802	7.4241	-2.57349	13.1174	7.71776	1.38952	9.81611	0.343248	-0.647631	-1.12882	-1.38158
25	4.77604	2.50905	12.927	0.768264	5.27316	12.2529	6.49071	-3.71421	19.7838	1.0815	-15.1886	17.1719	1.13782	-13.6761	13.5127	-0.741947	-2.62893	13.4413	-0.598987	3.24801	7.6403	-2.32478	13.2345	7.52528	1.53503	9.89267	0.214823	-0.432601	-1.06206	-1.77085
26	4.51152	2.57683	12.6533	0.493437	5.17511	11.9487	6.44382	-4.03821	18.2668	1.10251	-15.661	15.6255	0.875893	-13.307	12.6689	-0.878965	-2.11686	12.4344	-0.36214	3.23282	7.84444	-2.06091	13.2777	7.30466	1.67941	9.98441	0.0881826	-0.190581	-0.980825	-2.18391
27	4.22074	2.62604	12.3579	0.242263	5.03559	11.6687	6.3837	-4.49211	16.7602	1.13952	-16.1658	14.1528	0.5768	-12.7839	11.8504	-1.01263	-1.51259	11.4763	-0.123567	3.19181	8.04729	-1.78062	13.2722	7.06352	1.81742	10.0892	-0.0299456	0.0772114	-0.882911	-2.61259
28	3.91401	2.63533	12.0936	0.0153846	4.85413	11.4719	6.31334	-5.01774	15.3149	1.18271	-16.6568	12.7984	0.267159	-12.1862	11.0553	-1.12366	-0.887527	10.5506	0.117645	3.16832	8.25623	-1.49408	13.2528	6.80875	1.94812	10.2023	-0.134624	0.357198	-0.771154	-3.0495
29	3.58863	2.58476	11.923	-0.192945	4.63498	11.4004	6.2207	-5.50621	13.9911	1.2183	-17.0847	11.5909	-0.0213015	-11.612	10.2856	-1.196	-0.325999	9.64378	0.363131	3.17443	8.46742	-1.22628	13.2604	6.54774	2.07609	10.3214	-0.232747	0.620306	-0.649851	-3.49134
30	3.24452	2.47019	11.8944	-0.387846	4.38909	11.4708	6.09383	-5.86169	12.8335	1.23686	-17.4162	10.5342	-0.263546	-11.1458	9.54472	-1.21966	0.0901468	8.74625	0.614952	3.20565	8.66413	-1.00556	13.3392	6.2856	2.21021	10.4443	-0.344775	0.83499	-0.52191	-3.94052
31	2.89633	2.30721	12.0164	-0.570343	4.13263	11.6739	5.93617	-6.05247	11.844	1.23622	-17.6453	9.60965	-0.448608	-10.832	8.83012	-1.19142	0.303319	7.85275	0.880878	3.26232	8.83065	-0.832722	13.5244	6.02755	2.36293	10.5667	-0.488248	0.998359	-0.386788	-4.39584
32	2.56714	2.12086	12.2612	-0.740093	3.88068	11.9826	5.76356	-6.09995	10.9857	1.21732	-17.7839	8.78644	-0.576701	-10.6827	8.13366	-1.1143	0.303044	6.9666	1.17624	3.35384	8.96212	-0.680423	13.8198	5.78056	2.54883	10.6871	-0.666571	1.13697	-0.242034	-4.8505
33	2.27616	1.934	12.5864	-0.896304	3.64417	12.3599	5.59281	-6.04095	10.2087	1.18286	-17.8535	8.03129	-0.653585	-10.6911	7.44732	-0.99812	0.143265	6.10101	1.5061	3.48523	9.06588	-0.522179	14.179	5.55392	2.76914	10.8083	-0.871919	1.27823	-0.0866843	-5.29753
34	2.03374	1.76117	12.9509	-1.03738	3.43037	12.7657	5.43623	-5.91438	9.46934	1.138	-17.8805	7.3135	-0.689168	-10.8295	6.76927	-0.858219	-0.0745914	5.27674	1.84842	3.65124	9.16012	-0.347291	14.5206	5.36059	2.99719	10.9322	-1.09337	1.43383	0.0757775	-5.73231
35	1.84332	1.6092	13.3202	-1.15992	3.24364	13.1612	5.30253	-5.76537	8.73557	1.09085	-17.8949	6.60489	-0.696094	-11.0519	6.10617	-0.710993	-0.24851	4.51534	2.17517	3.84648	9.26393	-0.162701	14.7761	5.21559	3.20138	11.0565	-1.32408	1.5961	0.23472	-6.15411
36	1.70413	1.47967	13.6679	-1.25793	3.0845	13.5128	5.19715	-5.64158	7.98876	1.05198	-17.9269	5.87831	-0.686231	-11.3009	5.4731	-0.568108	-0.312518	3.83071	2.48	4.0644	9.38934	0.0202332	14.9217	5.12997	3.37433	11.1758	-1.56316	1.75198	0.37535	-6.56509
37	1.61283	1.37043	13.9772	-1.32419	2.94869	13.7955	5.12155	-5.58127	7.22208	1.03233	-17.9988	5.10869	-0.667996	-11.5155	4.89191	-0.434438	-0.238291	3.22495	2.77317	4.28928	9.54353	0.197465	14.9671	5.10506	3.52725	11.2851	-1.81372	1.89639	0.485436	-6.96958
38	1.56504	1.27753	14.2387	-1.35276	2.82726	13.9958	5.07434	-5.60871	6.43653	1.04067	-18.12	4.27764	-0.646547	-11.631	4.38659	-0.310002	-0.0253311	2.69032	3.06956	4.4885	9.73306	0.373726	14.9363	5.133	3.6784	11.3811	-2.07872	2.03401	0.559149	-7.37309
39	1.55685	1.19594	14.4493	-1.34113	2.70777	14.1149	5.05324	-5.73141	5.63703	1.08145	-18.2859	3.38032	-0.624646	-11.5908	3.97599	-0.193598	0.296028	2.21603	3.38071	4.62373	9.96295	0.559211	14.8678	5.20077	3.84458	11.4593	-2.3604	2.17397	0.597397	-7.78177
40	1.58555	1.11961	14.612	-1.29133	2.57639	14.1673	5.05635	-5.93744	4.82943	1.15336	-18.4829	2.4299	-0.604157	-11.3711	3.66821	-0.0857096	0.679632	1.79666	3.71056	4.67268	10.2333	0.763219	14.8044	5.29382	4.03401	11.5139	-2.66284	2.32374	0.606168	-8.20404
41	1.64752	1.04219	14.7331	-1.20995	2.4203	14.1763	5.08089	-6.20208	4.01727	1.24877	-18.6969	1.45631	-0.587736	-10.9936	3.45921	0.00981464	1.0906	1.43922	4.05597	4.64654	10.5347	0.98976	14.7744	5.39945	4.24409	11.5382	-2.99481	2.48659	0.592923	-8.65193
42	1.73357	0.958014	14.8187	-1.10911	2.22901	14.1677	5.11798	-6.49874	3.20014	1.35257	-18.9166	0.499675	-0.577353	-10.515	3.33593	0.0858393	1.51614	1.16496	4.40777	4.58794	10.8488	1.23821	14.7852	5.5094	4.4627	11.5269	-3.36984	2.66275	0.563383	-9.14027
43	1.82569	0.862012	14.8756	-1.00767	1.99519	14.164	5.14797	-6.79879	2.37807	1.44149	-19.1311	-0.398654	-0.571951	-10.0046	3.28535	0.132421	1.96794	1.00468	4.76116	4.54613	11.1535	1.50539	14.8211	5.61918	4.68109	11.4784	-3.80257	2.85136	0.518389	-9.68606
44	1.90116	0.750489	14.9146	-0.92989	1.71757	14.1791	5.14472	-7.0728	1.56072	1.4863	-19.3307	-1.20621	-0.568009	-9.52208	3.30458	0.138292	2.47023	0.98899	5.12125	4.55471	11.4294	1.78753	14.854	5.72392	4.90263	11.3937	-4.30684	3.0517	0.451387	-10.3083
45	1.94274	0.623153	14.9524	-0.899476	1.40379	14.216	5.08777	-7.30144	0.772478	1.45847	-19.5095	-1.90823	-0.562193	-9.09446	3.4051	0.0944771	3.03669	1.13776	5.49427	4.61851	11.6646	2.08244	14.8658	5.81417	5.13718	11.2752	-4.89511	3.26415	0.350228	-11.0271
46	1.94572	0.48248	15.0067	-0.932087	1.06808	14.2676	4.97051	-7.48487	0.0465841	1.33882	-19.6658	-2.50964	-0.554506	-8.71488	3.60953	-0.00300286	3.65441	1.45431	5.89366	4.72389	11.8538	2.38984	14.8636	5.87331	5.40402	11.1251	-5.57663	3.49025	0.201411	-11.8626
47	1.91495	0.330144	15.0879	-1.03135	0.726774	14.3197	4.79718	-7.64192	-0.588878	1.12251	-19.8027	-3.03237	-0.550838	-8.35825	3.94476	-0.152335	4.27575	1.92611	6.34937	4.85944	11.9919	2.7115	14.8893	5.87772	5.73521	10.9451	-6.35891	3.7324	-0.00474643	-12.8348
48	1.85571	0.164088	15.1905	-1.19165	0.394435	14.3536	4.57212	-7.80211	-1.12723	0.81629	-19.9318	-3.51098	-0.560424	-7.99394	4.43396	-0.347001	4.82585	2.52977	6.89913	5.02402	12.0697	3.04897	15.0149	5.79867	6.16656	10.7367	-7.25256	3.99154	-0.269424	-13.9631
49	1.76416	-0.021417	15.2899	-1.40483	0.0821832	14.3489	4.28871	-7.99159	-1.59162	0.430738	-20.0741	-3.98402	-0.58924	-7.60236	5.08929	-0.579398	5.24949	3.23909	7.56805	5.227	12.0737	3.3977	15.2971	5.60671	6.72144	10.5045	-8.2744	4.26479	-0.584701	-15.267
50	1.62226	-0.233087	15.3502	-1.66646	-0.201838	14.2909	3.92505	-8.22114	-2.0257	-0.0265004	-20.2505	-4.48005	-0.638024	-7.19399	5.91166	-0.846118	5.53871	4.03392	8.34504	5.49084	11.986	3.74429	15.7434	5.27498	7.38907	10.2569	-9.45034	4.54504	-0.937905	-16.7672
51	1.40134	-0.475136	15.3372	-1.9797	-0.450278	14.1793	3.4496	-8.48234	-2.47271	-0.55366	-20.4638	-5.00269	-0.705665	-6.81864	6.89584	-1.15104	5.70615	4.90651	9.18638	5.85511	11.7763	4.06925	16.3228	4.77688	8.12806	10.0011	-10.8192	4.82284	-1.31668	-18.49
52	1.07686	-0.745494	15.2342	-2.35428	-0.651437	14.0344	2.84051	-8.74879	-2.94896	-1.15169	-20.6867	-5.52101	-0.795521	-6.55727	8.04084	-1.50383	5.74392	5.86543	10.0386	6.37012	11.3928	4.34996	16.9906	4.07916	8.8918	9.73781	-12.4367	5.08921	-1.71027	-20.4734
53	0.644409	-1.03354	15.0523	-2.7977	-0.786368	13.8945	2.10433	-8.97651	-3.42296	-1.81446	-20.8695	-5.97167	-0.917986	-6.49769	9.36251	-1.91378	5.60737	6.93999	10.8492	7.07305	10.7611	4.55882	17.7036	3.13951	9.64557	9.45978	-14.3778	5.33764	-2.10112	-22.7701
54	0.127971	-1.32332	14.8287	-3.29984	-0.836584	13.798	1.28227	-9.11175	-3.81475	-2.51787	-20.9675	-6.28024	-1.08478	-6.69947	10.9021	-2.38005	5.23863	8.18265	11.5705	7.95705	9.79592	4.6584	18.4153	1.91421	10.3775	9.16164	-16.7344	5.56575	-2.44813	-25.442
55	-0.41818	-1.60197	14.6062	-3.82559	-0.798876	13.7524	0.443738	-9.11607	-4.02109	-3.22036	-20.9707	-6.39655	-1.29483	-7.15369	12.7263	-2.88751	4.59918	9.65844	12.1407	8.94991	8.42333	4.59758	19.086	0.362477	11.0858	8.85785	-19.6033	5.77403	-2.68668	-28.5492
56	-0.92377	-1.86846	14.4033	-4.32814	-0.691505	13.7208	-0.34122	-8.99727	-3.9557	-3.88116	-20.9147	-6.31014	-1.5222	-7.76185	14.9153	-3.41312	3.67722	11.4222	12.4427	9.92027	6.60333	4.29752	19.7171	-1.55599	11.7337	8.5903	-23.0747	5.94882	-2.76108	-32.1431
57	-1.33628	-2.13069	14.2019	-4.7686	-0.545953	13.647	-1.0417	-8.82133	-3.57655	-4.47999	-20.8614	-6.03016	-1.7213	-8.38145	17.532	-3.93473	2.48987	13.5014	12.2939	10.7352	4.33167	3.63948	20.352	-3.86457	12.2211	8.41232	-27.2185	6.0417	-2.66171	-36.2513
58	-1.64257	-2.39294	13.9649	-5.12317	-0.395736	13.4893	-1.6776	-8.68603	-2.88832	-5.01835	-20.8597	-5.56097	-1.84854	-8.90796	20.5858	-4.43878	1.09949	15.8933	11.4997	11.3169	1.63371	2.48266	21.0269	-6.52662	12.4136	8.36699	-32.0581	5.96301	-2.44056	-40.8497
59	-1.85821	-2.6509	13.6643	-5.38219	-0.270533	13.2363	-2.28665	-8.66263	-1.93692	-5.50807	-20.9184	-4.90228	-1.88762	-9.31686	24.0151	-4.92736	-0.366494	18.5707	9.94	11.6404	-1.42004	0.725313	21.7133	-9.40289	12.2077	8.47294	-37.5329	5.59772	-2.19262	-45.8311
60	-2.009	-2.89781	13.2932	-5.54906	-0.196115	12.9042	-2.88563	-8.75084	-0.801417	-5.96032	-21.003	-4.06296	-1.86085	-9.64271	27.7003	-5.41656	-1.73376	21.4944	7.65594	11.6948	-4.68595	-1.61669	22.3035	-12.2425	11.5916	8.72127	-43.4636	4.84256	-2.00098	-50.9813
61	-2.12418	-3.1316	12.8653	-5.63803	-0.193214	12.5303	-3.46298	-8.87827	0.42992	-6.38107	-21.0472	-3.06133	-1.81041	-9.91798	31.5007	-5.91764	-2.8365	24.6252	4.91521	11.4351	-7.93592	-4.36209	22.6416	-14.729	10.6894	9.09923	-49.5263	3.66261	-1.8766	-55.9824
62	-2.23075	-3.35643	12.4123	-5.67054	-0.271958	12.1687	-3.99519	-8.93594	1.69586	-6.77439	-20.978	-1.90773	-1.75848	-10.1261	35.2872	-6.41282	-3.57079	27.9214	2.1835	10.7675	-10.8831	-7.16323	22.5761	-16.5732	9.7435	9.62627	-55.2667	2.16643	-1.74198	-60.4531
63	-2.34369	-3.58221	11.9835	-5.67128	-0.429724	11.8817	-4.46062	-8.82009	2.98914	-7.14573	-20.7389	-0.589115	-1.68288	-10.236	38.9494	-6.85343	-3.95389	31.3215	-0.08337	9.62918	-13.224	-9.55746	22.0419	-17.6018	8.9707	10.3532	-60.1824	0.659726	-1.47442	-64.0202
64	-2.46088	-3.8223	11.6414	-5.66144	-0.652981	11.723	-4.8372	-8.47009	4.35492	-7.49609	-20.3096	0.923258	-1.54248	-10.3191	42.3912	-7.18875	-4.16634	34.7297	-1.6524	8.14364	-14.6811	-11.109	21.1407	-17.784	8.44822	11.3207	-63.835	-0.426384	-0.969326	-66.4129
65	-2.56596	-4.08521	11.4445	-5.65027	-0.920307	11.7213	-5.09843	-7.89631	5.85908	-7.81551	-19.7217	2.65101	-1.32273	-10.5871	45.5332	-7.39594	-4.48344	38.028	-2.5154	6.65023	-15.0845	-11.6328	20.1299	-17.2006	8.17429	12.5227	-65.9593	-0.78396	-0.191152	-67.556
66	-2.63623	-4.36656	11.4244	-5.63257	-1.20603	11.872	-5.22221	-7.18312	7.54977	-8.08661	-19.0561	4.59111	-1.05084	-11.2233	48.3238	-7.48913	-5.09314	41.1082	-2.82778	5.5017	-14.4809	-11.3396	19.2999	-16.0185	8.09057	13.8823	-66.5775	-0.473672	0.790197	-67.6039
67	-2.65082	-4.64773	11.5703	-5.5973	-1.48452	12.1388	-5.20247	-6.45936	9.43379	-8.29708	-18.4197	6.70955	-0.77813	-12.2003	50.7496	-7.50968	-5.96264	43.8991	-2.84671	4.85389	-13.1434	-10.7061	18.825	-14.4727	8.05088	15.2522	-66.0029	0.124632	1.80897	-66.8741
68	-2.59652	-4.90213	11.8338	-5.54112	-1.73468	12.4648	-5.05259	-5.84441	11.4707	-8.45102	-17.9012	8.94119	-0.545859	-13.3072	52.8269	-7.50096	-6.8815	46.368	-2.81077	4.65387	-11.4388	-10.1693	18.707	-12.8052	7.90253	16.4581	-64.6739	0.609179	2.67328	-65.703
69	-2.47058	-5.10628	12.1468	-5.47287	-1.94294	12.7864	-4.80091	-5.39864	13.5806	-8.56545	-17.5322	11.1963	-0.35441	-14.3148	54.5711	-7.47885	-7.61319	48.5051	-2.8472	4.76289	-9.67179	-9.92726	18.827	-11.188	7.5921	17.3622	-62.9533	0.785041	3.24711	-64.3177
70	-2.28101	-5.24931	12.4416	-5.40323	-2.10398	13.048	-4.48051	-5.11203	15.6635	-8.65314	-17.2748	13.3763	-0.163519	-15.0914	55.9737	-7.41595	-8.01284	50.306	-2.97151	5.06103	-8.01173	-9.94208	19.0306	-9.69139	7.16653	17.8999	-61.0307	0.680404	3.48911	-62.7898
71	-2.04249	-5.33449	12.663	-5.331	-2.22201	13.2116	-4.11709	-4.93389	17.6222	-8.70833	-17.0462	15.3973	0.0753333	-15.6037	57.0081	-7.25591	-8.04815	51.7641	-3.1394	5.46674	-6.50244	-10.052	19.1857	-8.31346	6.70428	18.0802	-58.9435	0.443836	3.43794	-61.0785
72	-1.76989	-5.37316	12.7739	-5.2401	-2.30989	13.2608	-3.72403	-4.81417	19.3829	-8.70757	-16.7684	17.2077	0.386074	-15.859	57.6489	-6.95138	-7.76779	52.8692	-3.28539	5.90793	-5.11641	-10.0867	19.2177	-7.02463	6.27159	17.9628	-56.6489	0.236742	3.17302	-59.1075
73	-1.47583	-5.37716	12.7569	-5.10937	-2.38356	13.1977	-3.30805	-4.72374	20.9077	-8.62472	-16.4063	18.7927	0.761287	-15.8659	57.8858	-6.4933	-7.26879	53.6091	-3.34279	6.30947	-3.80915	-9.94659	19.1311	-5.7897	5.91754	17.6285	-54.0871	0.158934	2.77597	-56.8201
74	-1.17334	-5.35349	12.6152	-4.92553	-2.45388	13.0365	-2.87909	-4.65091	22.1977	-8.4473	-15.977	20.1655	1.17692	-15.6449	57.726	-5.91397	-6.662	53.9751	-3.26134	6.61794	-2.54824	-9.62382	18.9953	-4.57996	5.67579	17.1554	-51.2166	0.226574	2.30751	-54.2019
75	-0.876297	-5.30147	12.3724	-4.69005	-2.52148	12.7998	-2.45394	-4.59165	23.2857	-8.1836	-15.5256	21.3555	1.61004	-15.2485	57.1849	-5.26285	-6.0477	53.9631	-3.02303	6.82477	-1.32325	-9.16047	18.8944	-3.39206	5.55938	16.6077	-48.0303	0.410744	1.81079	-51.2804
76	-0.595921	-5.21456	12.0711	-4.41662	-2.57717	12.5198	-2.05024	-4.54175	24.2246	-7.85755	-15.0927	22.4003	2.04731	-14.7643	56.2762	-4.57875	-5.50958	53.5705	-2.64285	6.96208	-0.143606	-8.5974	18.8851	-2.25438	5.5577	16.0368	-44.5536	0.684122	1.32816	-48.109
77	-0.33881	-5.08698	11.7692	-4.11904	-2.60397	12.2419	-1.67853	-4.48711	25.0778	-7.49353	-14.7015	23.3453	2.48799	-14.2994	55.0089	-3.87917	-5.11617	52.7954	-2.15294	7.07444	0.970541	-7.96141	18.9851	-1.20758	5.64415	15.4894	-40.8317	1.0271	0.907111	-44.745
78	-0.106041	-4.91745	11.5295	-3.80127	-2.58269	12.0226	-1.3386	-4.4051	25.9076	-7.10449	-14.3526	24.2423	2.93888	-13.9582	53.3895	-3.15964	-4.92211	51.6396	-1.58144	7.18981	1.99763	-7.27549	19.1784	-0.280176	5.79222	15.0156	-36.9111	1.41374	0.596451	-41.2329
79	0.106669	-4.70932	11.4031	-3.46298	-2.50201	11.9153	-1.02109	-4.27873	26.7607	-6.69517	-14.026	25.1408	3.39996	-13.8234	51.4248	-2.40655	-4.9586	50.1121	-0.949983	7.30839	2.91747	-6.56267	19.4168	0.519125	5.97864	14.6701	-32.8363	1.81029	0.442011	-37.5994
80	0.305194	-4.47161	11.4167	-3.11118	-2.36541	11.9485	-0.71281	-4.1037	27.6583	-6.27239	-13.6978	26.07	3.8544	-13.9431	49.1257	-1.61965	-5.21888	48.2288	-0.311114	7.40463	3.70877	-5.84712	19.6262	1.19523	6.15202	14.5053	-28.6663	2.18014	0.481962	-33.8604
81	0.492264	-4.21905	11.5694	-2.76496	-2.19103	12.1165	-0.402992	-3.87845	28.5952	-5.84964	-13.3489	27.0301	4.27542	-14.3257	46.5103	-0.820361	-5.66014	46.012	0.252416	7.43015	4.35355	-5.15659	19.725	1.7589	6.23437	14.5635	-24.4722	2.48563	0.740474	-30.0303
82	0.66787	-3.96708	11.8395	-2.44772	-2.00316	12.3887	-0.0855978	-3.60328	29.5471	-5.44097	-12.9688	27.999	4.6322	-14.9358	43.6049	-0.044505	-6.22118	43.488	0.673646	7.32319	4.84631	-4.51619	19.645	2.22093	6.16291	14.8675	-20.3118	2.69568	1.22166	-26.1267
83	0.831454	-3.72754	12.1932	-2.17671	-1.8217	12.7259	0.242401	-3.29234	30.4802	-5.0531	-12.5602	28.9438	4.88661	-15.6931	40.4422	0.665965	-6.8404	40.6832	0.91788	7.03169	5.19691	-3.93819	19.3516	2.58696	5.90458	15.4035	-16.2186	2.79584	1.90437	-22.1701
84	0.981813	-3.50834	12.5916	-1.96031	-1.65826	13.0904	0.583671	-2.97188	31.3559	-4.6846	-12.139	29.8279	4.99657	-16.4957	37.0538	1.26949	-7.47018	37.6188	0.987337	6.5418	5.42	-3.41217	18.8576	2.85343	5.46091	16.115	-12.2046	2.79722	2.74082	-18.1814
85	1.11593	-3.31379	12.9955	-1.7993	-1.51713	13.4505	0.940277	-2.67112	32.1339	-4.3284	-11.7294	30.6152	4.92343	-17.2696	33.465	1.73032	-8.09305	34.3058	0.938443	5.90297	5.5138	-2.91349	18.2375	3.01384	4.88513	16.9194	-8.27008	2.72355	3.65921	-14.175
86	1.2276	-3.14505	13.3692	-1.68899	-1.3971	13.783	1.30955	-2.41693	32.7768	-3.97516	-11.3595	31.2747	4.63835	-18.0088	29.6971	2.0213	-8.71558	30.7474	0.87155	5.23632	5.45118	-2.42913	17.6142	3.06797	4.27079	17.7368	-4.41763	2.58252	4.56934	-10.1581
87	1.30855	-3.00026	13.6831	-1.62376	-1.29465	14.0737	1.68148	-2.22963	33.2569	-3.61779	-11.0539	31.7863	4.12929	-18.7757	25.7781	2.12712	-9.34121	26.9486	0.871647	4.71861	5.19935	-1.95424	17.1149	3.01886	3.69204	18.4995	-0.664998	2.37296	5.37615	-6.13488
88	1.35182	-2.87328	13.9182	-1.59927	-1.20614	14.3157	2.03962	-2.12024	33.5619	-3.25362	-10.8292	32.1429	3.41024	-19.6417	21.7513	2.04766	-9.9453	22.9287	0.972193	4.51313	4.74813	-1.47603	16.8203	2.86942	3.17488	19.1546	2.96139	2.10696	6.00177	-2.11186
89	1.35403	-2.75351	14.0689	-1.61173	-1.12709	14.5087	2.36482	-2.0878	33.6985	-2.88569	-10.6941	32.3511	2.53153	-20.5795	17.6731	1.80145	-10.4598	18.7337	1.15441	4.63706	4.12599	-0.981443	16.7269	2.62665	2.71573	19.6799	6.44395	1.80709	6.40527	1.89224
90	1.31599	-2.62766	14.1443	-1.65723	-1.05147	14.658	2.63873	-2.12187	33.6919	-2.52517	-10.6509	32.4317	1.57551	-21.4208	13.6116	1.42884	-10.7759	14.4451	1.36073	4.91652	3.40367	-0.463936	16.736	2.30595	2.2957	20.0825	9.77884	1.50233	6.59348	5.83806
91	1.24266	-2.48213	14.1651	-1.72888	-0.972673	14.7705	2.84592	-2.20292	33.5823	-2.1905	-10.6945	32.4162	0.635061	-21.9452	9.64987	0.992016	-10.7762	10.182	1.53415	5.0938	2.67625	0.0774068	16.6828	1.93075	1.89578	20.3762	12.9632	1.22853	6.61896	9.66156
92	1.14401	-2.30533	14.1575	-1.81294	-0.884718	14.8517	2.97659	-2.30471	33.4195	-1.90145	-10.8123	32.3458	-0.207927	-22.0019	5.88996	0.567942	-10.3933	6.10069	1.65325	4.97478	2.02905	0.627419	16.4075	1.53447	1.51807	20.5583	15.9774	1.01569	6.56124	13.2724
93	1.03676	-2.08846	14.1467	-1.88972	-0.783269	14.9084	3.0305	-2.4037	33.2575	-1.67324	-10.9817	32.2752	-0.897769	-21.5917	2.4548	0.231662	-9.66616	2.3953	1.74832	4.5362	1.51046	1.15241	15.839	1.169	1.20525	20.5971	18.7753	0.877853	6.49717	16.5641
94	0.944494	-1.82729	14.1512	-1.94053	-0.666531	14.9521	3.01979	-2.48471	33.1502	-1.51371	-11.1674	32.2761	-1.41221	-20.8689	-0.511503	0.0311414	-8.74231	-0.707679	1.88907	3.93504	1.12866	1.6157	15.0356	0.899821	1.03386	20.4393	21.2827	0.819209	6.46726	19.4252
95	0.892526	-1.52548	14.1782	-1.9554	-0.535478	14.9989	2.96585	-2.53387	33.1444	-1.42177	-11.326	32.4294	-1.75812	-20.0565	-2.85	-0.0344064	-7.8045	-2.97887	2.13727	3.40844	0.874619	1.99713	14.1577	0.779776	1.06738	20.0293	23.3999	0.846075	6.44577	21.7423
96	0.899992	-1.1951	14.2242	-1.93531	-0.392146	15.0642	2.89149	-2.53693	33.2751	-1.38762	-11.4172	32.8	-1.95703	-19.3241	-4.40293	-0.0151693	-6.98585	-4.24241	2.48727	3.13683	0.751189	2.28962	13.4018	0.826272	1.29641	19.329	25.0101	0.95596	6.33648	23.4076
97	0.974281	-0.852392	14.2776	-1.88732	-0.236447	15.1535	2.81471	-2.48605	33.5553	-1.39634	-11.4162	33.4024	-2.02868	-18.7324	-5.05034	0.0181564	-6.3405	-4.43877	2.84965	3.1744	0.778796	2.47077	12.9316	1.02315	1.62578	18.3377	26.0029	1.10751	6.0152	24.3441
98	1.11113	-0.513628	14.3207	-1.81464	-0.0641804	15.2548	2.74936	-2.38323	33.9598	-1.43153	-11.3203	34.1765	-1.9839	-18.2695	-4.7656	0.0176307	-5.86739	-3.65548	3.11143	3.46632	0.96715	2.50225	12.8182	1.33767	1.93964	17.1123	26.313	1.23105	5.40439	24.542
99	1.30142	-0.191974	14.3326	-1.70738	0.131572	15.3379	2.71034	-2.23807	34.4172	-1.47296	-11.1429	34.9933	-1.83205	-17.9237	-3.65824	-0.0207993	-5.55115	-2.11158	3.22628	3.90575	1.27272	2.38299	13.019	1.71548	2.19237	15.7769	25.9458	1.29839	4.52406	24.0671
100	1.53919	0.104685	14.2953	-1.54039	0.357491	15.3645	2.71669	-2.0619	34.8231	-1.49005	-10.9061	35.6876	-1.59478	-17.7285	-1.9719	-0.0736504	-5.40652	-0.114358	3.26347	4.38782	1.55965	2.19482	13.4351	2.03273	2.45783	14.5013	24.9579	1.38017	3.47774	23.0053
