Time	Fx1	Fy1	Fz1	COPx1	COPy1	COPz1	Ty1	Fx2	Fy2	Fz2	COPx2	COPy2	COPz2	Ty2	Fx3	Fy3	Fz3	COPx3	COPy3	COPz3	Ty3	Fx4	Fy4	Fz4	COPx4	COPy4	COPz4	Ty4	Fx5	Fy5	Fz5	COPx5	COPy5	COPz5	Ty5
1	0	0	0	1506	0	-203	0	0	0	0	2109	0	-203	0	0	0	0	903	0	-403	0	0	0	0	300	0	-203	0	0	0	0	300	0	200	0
2	-0	-0	-0	1506	0	-203	-0	-0	-0	-0	2109	0	-203	-0	-0	-0	-0	903	0	-403	-0	-0	-0	-0	300	0	-203	-0	0	0	0	300	0	200	0
3	-0	-0	-0	1506	0	-203	-0	-0	-0	-0	2109	0	-203	-0	-0	-0	-0	903	0	-403	-0	-0	-0	-0	300	0	-203	-0	-0	-0	-0	300	0	200	-0
4	-0	-0	-0	1506	0	-203	-0	-0	-0	-0	2109	0	-203	-0	-0	-0	-0	903	0	-403	-0	-0	-0	-0	300	0	-203	-0	0	0	0	300	0	200	0
5	-0	-0	-0	1506	0	-203	-0	-0	-0	-0	2109	0	-203	-0	-0	-0	-0	903	0	-403	-0	-0	-0	-0	300	0	-203	-0	-0	-0	-0	300	0	200	-0
6	-0	-0	-0	1506	0	-203	-0	-0	-0	-0	2109	0	-203	-0	-0	-0	-0	903	0	-403	-0	-0	-0	-0	300	0	-203	-0	-0	-0	-0	300	0	200	-0
7	-0	-0	-0	1506	0	-203	-0	-0	-0	-0	2109	0	-203	-0	-0	-0	-0	903	0	-403	-0	-0	-0	-0	300	0	-203	-0	-0	-0	-0	300	0	200	-0
8	-0	-0	-0	1506	0	-203	-0	-0	-0	-0	2109	0	-203	-0	-0	-0	-0	903	0	-403	-0	-0	-0	-0	300	0	-203	-0	-0	-0	-0	300	0	200	-0
9	-0	-0	-0	1506	0	-203	-0	-0	-0	-0	2109	0	-203	-0	-0	-0	-0	903	0	-403	-0	-0	-0	-0	300	0	-203	-0	-0	-0	-0	300	0	200	-0
10	-0	-0	-0	1506	0	-203	-0	-0	-0	-0	2109	0	-203	-0	-0	-0	-0	903	0	-403	-0	-0	-0	-0	300	0	-203	-0	-0	-0	-0	300	0	200	-0
11	-0	-0	-0	1506	0	-203	-0	-0	-0	-0	2109	0	-203	-0	0	0	0	903	0	-403	0	-0	-0	-0	300	0	-203	-0	-0	-0	-0	300	0	200	-0
12	-0	-0	-0	1506	0	-203	-0	-0	-0	-0	2109	0	-203	-0	-0	-0	-0	903	0	-403	-0	-0	-0	-0	300	0	-203	-0	-0	-0	-0	300	0	200	-0
13	-0	-0	-0	1506	0	-203	-0	-0	-0	-0	2109	0	-203	-0	-0	-0	-0	903	0	-403	-0	-0	-0	-0	300	0	-203	-0	-0	-0	-0	300	0	200	-0
14	-0	-0	-0	1506	0	-203	-0	-0	-0	-0	2109	0	-203	-0	-0	-0	-0	903	0	-403	-0	-0	-0	-0	300	0	-203	-0	-0	-0	-0	300	0	200	-0
15	-0	-0	-0	1506	0	-203	-0	-0	-0	-0	2109	0	-203	-0	0	0	0	903	0	-403	0	-0	-0	-0	300	0	-203	-0	-0	-0	-0	300	0	200	-0
16	-0	-0	-0	1506	0	-203	-0	-0	-0	-0	2109	0	-203	-0	-0	-0	-0	903	0	-403	-0	-0	-0	-0	300	0	-203	-0	-0	-0	-0	300	0	200	-0
17	-0	-0	-0	1506	0	-203	-0	-0	-0	-0	2109	0	-203	-0	-0	-0	-0	903	0	-403	-0	-0	-0	-0	300	0	-203	-0	-0	-0	-0	300	0	200	-0
18	-0	-0	-0	1506	0	-203	-0	-0	-0	-0	2109	0	-203	-0	-0	-0	-0	903	0	-403	-0	0	0	0	300	0	-203	0	-0	-0	-0	300	0	200	-0
19	-0	-0	-0	1506	0	-203	-0	-0	-0	-0	2109	0	-203	-0	-0	-0	-0	903	0	-403	-0	-0	-0	-0	300	0	-203	-0	-0	-0	-0	300	0	200	-0
20	-0	-0	-0	1506	0	-203	-0	-0	-0	-0	2109	0	-203	-0	-0	-0	-0	903	0	-403	-0	-0	-0	-0	300	0	-203	-0	-0	-0	-0	300	0	200	-0
21	-0	-0	-0	1506	0	-203	-0	-0	-0	-0	2109	0	-203	-0	-0	-0	-0	903	0	-403	-0	-26.74	43.44	-1.76	33.93	0	-203.64	-243.92	-0	-0	-0	300	0	200	-0
22	-0	-0	-0	1506	0	-203	-0	-0	-0	-0	2109	0	-203	-0	-0	-0	-0	903	0	-403	-0	-50.23	83.62	-4.89	38.41	0	-208.61	-506.58	-0	-0	-0	300	0	200	-0
23	-0	-0	-0	1506	0	-203	-0	-0	-0	-0	2109	0	-203	-0	-0	-0	-0	903	0	-403	-0	-80.09	149.32	-6.92	49.32	0	-209.65	-862.44	-0	-0	-0	300	0	200	-0
24	-0	-0	-0	1506	0	-203	-0	-0	-0	-0	2109	0	-203	-0	-0	-0	-0	903	0	-403	-0	-101.81	211.23	-9.64	54.75	0	-212.01	-970.61	-0	-0	-0	300	0	200	-0
25	-0	-0	-0	1506	0	-203	-0	-0	-0	-0	2109	0	-203	-0	0	0	0	903	0	-403	0	-115.66	282.9	-10.32	60.33	0	-213.34	-1212.13	-0	-0	-0	300	0	200	-0
26	-0	-0	-0	1506	0	-203	-0	-0	-0	-0	2109	0	-203	-0	-0	-0	-0	903	0	-403	-0	-117.56	344.8	-11	65.28	0	-214.44	-1387.81	-0	-0	-0	300	0	200	-0
27	-0	-0	-0	1506	0	-203	-0	-0	-0	-0	2109	0	-203	-0	-0	-0	-0	903	0	-403	-0	-122.58	384.44	-14.39	64.3	0	-214.98	-1314.76	-0	-0	-0	300	0	200	-0
28	-0	-0	-0	1506	0	-203	-0	-0	-0	-0	2109	0	-203	-0	-0	-0	-0	903	0	-403	-0	-134.12	424.62	-21.04	64.97	0	-215.99	-1631.15	-0	-0	-0	300	0	200	-0
29	-0	-0	-0	1506	0	-203	-0	-0	-0	-0	2109	0	-203	-0	-0	-0	-0	903	0	-403	-0	-153.8	475.12	-33.26	65.68	0	-215.71	-1289.24	-0	-0	-0	300	0	200	-0
30	-0	-0	-0	1506	0	-203	-0	-0	-0	-0	2109	0	-203	-0	-0	-0	-0	903	0	-403	-0	-164.39	517.48	-42.62	68.33	0	-216.97	-1647.68	-0	-0	-0	300	0	200	-0
31	-0	-0	-0	1506	0	-203	-0	-0	-0	-0	2109	0	-203	-0	-0	-0	-0	903	0	-403	-0	-175.66	564.72	-50.77	69.84	0	-217.07	-1553.47	-0	-0	-0	300	0	200	-0
32	-0	-0	-0	1506	0	-203	-0	-0	-0	-0	2109	0	-203	-0	-0	-0	-0	903	0	-403	-0	-192.63	615.21	-54.98	73.57	0	-217.3	-1877.76	-0	-0	-0	300	0	200	-0
33	-0	-0	-0	1506	0	-203	-0	-0	-0	-0	2109	0	-203	-0	-0	-0	-0	903	0	-403	-0	-201.18	655.4	-51.45	75.25	0	-217.98	-2539.66	-0	-0	-0	300	0	200	-0
34	-0	-0	-0	1506	0	-203	-0	-0	-0	-0	2109	0	-203	-0	-0	-0	-0	903	0	-403	-0	-208.65	690.69	-44.93	74.67	0	-219.21	-3288.47	-0	-0	-0	300	0	200	-0
35	-0	-0	-0	1506	0	-203	-0	-0	-0	-0	2109	0	-203	-0	-0	-0	-0	903	0	-403	-0	-207.56	726.53	-34.62	74.67	0	-219.93	-3927.36	-0	-0	-0	300	0	200	-0
36	-0	-0	-0	1506	0	-203	-0	-0	-0	-0	2109	0	-203	-0	-0	-0	-0	903	0	-403	-0	-210.95	757.48	-28.91	74.95	0	-220.22	-4087.68	-0	-0	-0	300	0	200	-0
37	-0	-0	-0	1506	0	-203	-0	-0	-0	-0	2109	0	-203	-0	-0	-0	-0	903	0	-403	-0	-215.98	792.23	-25.66	76.33	0	-220.79	-4030.92	-0	-0	-0	300	0	200	-0
38	-0	-0	-0	1506	0	-203	-0	-0	-0	-0	2109	0	-203	-0	-0	-0	-0	903	0	-403	-0	-212.99	831.33	-23.21	76.96	0	-221.25	-4312.27	-0	-0	-0	300	0	200	-0
39	-0	-0	-0	1506	0	-203	-0	-0	-0	-0	2109	0	-203	-0	0	0	0	903	0	-403	0	-212.72	852.5	-25.25	76.61	0	-221.67	-3606.22	-0	-0	-0	300	0	200	-0
40	-0	-0	-0	1506	0	-203	-0	-0	-0	-0	2109	0	-203	-0	-0	-0	-0	903	0	-403	-0	-206.34	876.94	-27.56	76.79	0	-221.87	-3549.59	-0	-0	-0	300	0	200	-0
41	-0	-0	-0	1506	0	-203	-0	-0	-0	-0	2109	0	-203	-0	-0	-0	-0	903	0	-403	-0	-203.08	897.57	-30.68	76.85	0	-221.53	-3358.08	-0	-0	-0	300	0	200	-0
42	-0	-0	-0	1506	0	-203	-0	-0	-0	-0	2109	0	-203	-0	-0	-0	-0	903	0	-403	-0	-196.29	910.06	-31.22	76.04	0	-221.52	-3534.96	0	0	0	300	0	200	0
43	-0	-0	-0	1506	0	-203	-0	-0	-0	-0	2109	0	-203	-0	-0	-0	-0	903	0	-403	-0	-191.95	924.72	-31.22	75.95	0	-221.67	-3898.48	-0	-0	-0	300	0	200	-0
44	-0	-0	-0	1506	0	-203	-0	-0	-0	-0	2109	0	-203	-0	0	0	0	903	0	-403	0	-189.1	939.38	-31.9	75.54	0	-221.76	-3907.53	-0	-0	-0	300	0	200	-0
45	-0	-0	-0	1506	0	-203	-0	-0	-0	-0	2109	0	-203	-0	-0	-0	-0	903	0	-403	-0	-189.78	955.67	-31.36	76.57	0	-221.59	-4016.88	-0	-0	-0	300	0	200	-0
46	-0	-0	-0	1506	0	-203	-0	-0	-0	-0	2109	0	-203	-0	-0	-0	-0	903	0	-403	-0	-190.86	973.05	-34.07	76.81	0	-221.77	-3769.45	-0	-0	-0	300	0	200	-0
47	-0	-0	-0	1506	0	-203	-0	-0	-0	-0	2109	0	-203	-0	-0	-0	-0	903	0	-403	-0	-190.45	998.03	-36.38	77.73	0	-221.57	-3801.78	-0	-0	-0	300	0	200	-0
48	-0	-0	-0	1506	0	-203	-0	-0	-0	-0	2109	0	-203	-0	-0	-0	-0	903	0	-403	-0	-190.32	1018.12	-40.45	78.27	0	-221.67	-3340.63	0	0	0	300	0	200	0
49	-0	-0	-0	1506	0	-203	-0	-0	-0	-0	2109	0	-203	-0	-0	-0	-0	903	0	-403	-0	-186.65	1039.84	-43.03	78.07	0	-221.28	-3487.94	0	0	0	300	0	200	0
50	-0	-0	-0	1506	0	-203	-0	-0	-0	-0	2109	0	-203	-0	0	0	0	903	0	-403	0	-185.3	1066.99	-46.83	79.07	0	-221.2	-3337.93	0	0	0	300	0	200	0
51	-0	-0	-0	1506	0	-203	-0	-0	-0	-0	2109	0	-203	-0	-0	-0	-0	903	0	-403	-0	-180.95	1087.62	-48.05	78.92	0	-221.01	-3695.21	-0	-0	-0	300	0	200	-0
52	-0	-0	-0	1506	0	-203	-0	-0	-0	-0	2109	0	-203	-0	-0	-0	-0	903	0	-403	-0	-179.59	1108.26	-49.01	79.45	0	-220.92	-4105.65	-0	-0	-0	300	0	200	-0
53	-0	-0	-0	1506	0	-203	-0	-0	-0	-0	2109	0	-203	-0	-0	-0	-0	903	0	-403	-0	-176.61	1131.06	-50.77	80.31	0	-220.44	-4024.74	-0	-0	-0	300	0	200	-0
54	-0	-0	-0	1506	0	-203	-0	-0	-0	-0	2109	0	-203	-0	-0	-0	-0	903	0	-403	-0	-177.42	1145.18	-52.67	80.57	0	-220.44	-4145.28	-0	-0	-0	300	0	200	-0
55	-0	-0	-0	1506	0	-203	-0	-0	-0	-0	2109	0	-203	-0	-0	-0	-0	903	0	-403	-0	-176.34	1160.93	-55.66	81.24	0	-220.06	-4155.25	-0	-0	-0	300	0	200	-0
56	-0	-0	-0	1506	0	-203	-0	-0	-0	-0	2109	0	-203	-0	-0	-0	-0	903	0	-403	-0	-174.3	1178.84	-57.96	82.22	0	-219.59	-4114.95	-0	-0	-0	300	0	200	-0
57	-0	-0	-0	1506	0	-203	-0	-0	-0	-0	2109	0	-203	-0	-0	-0	-0	903	0	-403	-0	-174.03	1189.16	-62.72	82.72	0	-219.33	-3834.04	-0	-0	-0	300	0	200	-0
58	-0	-0	-0	1506	0	-203	-0	-0	-0	-0	2109	0	-203	-0	-0	-0	-0	903	0	-403	-0	-171.86	1201.11	-64.75	83.69	0	-218.66	-4162.53	-0	-0	-0	300	0	200	-0
59	-0	-0	-0	1506	0	-203	-0	-0	-0	-0	2109	0	-203	-0	-0	-0	-0	903	0	-403	-0	-172.13	1212.51	-69.5	84.83	0	-218.45	-3822.96	-0	-0	-0	300	0	200	-0
60	-0	-0	-0	1506	0	-203	-0	-0	-0	-0	2109	0	-203	-0	-0	-0	-0	903	0	-403	-0	-170.77	1220.11	-70.59	86.04	0	-217.9	-4166.55	-0	-0	-0	300	0	200	-0
61	-0	-0	-0	1506	0	-203	-0	-0	-0	-0	2109	0	-203	-0	-0	-0	-0	903	0	-403	-0	-171.45	1226.09	-72.76	86.81	0	-217.51	-4108.55	-0	-0	-0	300	0	200	-0
62	-0	-0	-0	1506	0	-203	-0	-0	-0	-0	2109	0	-203	-0	-0	-0	-0	903	0	-403	-0	-169.41	1232.6	-73.98	88.45	0	-217.03	-4131.14	-0	-0	-0	300	0	200	-0
63	-0	-0	-0	1506	0	-203	-0	-0	-0	-0	2109	0	-203	-0	-0	-0	-0	903	0	-403	-0	-168.87	1236.4	-74.8	89.48	0	-216.61	-4222.38	-0	-0	-0	300	0	200	-0
64	-0	-0	-0	1506	0	-203	-0	-0	-0	-0	2109	0	-203	-0	-0	-0	-0	903	0	-403	-0	-165.61	1239.66	-76.02	90.52	0	-216.37	-4209.28	0	0	0	300	0	200	0
65	-0	-0	-0	1506	0	-203	-0	-0	-0	-0	2109	0	-203	-0	0	0	0	903	0	-403	0	-162.63	1241.29	-76.56	91.82	0	-215.98	-4383.69	-0	-0	-0	300	0	200	-0
66	-0	-0	-0	1506	0	-203	-0	-0	-0	-0	2109	0	-203	-0	-0	-0	-0	903	0	-403	-0	-159.23	1241.83	-78.06	92.56	0	-215.59	-4287.18	-0	-0	-0	300	0	200	-0
67	-0	-0	-0	1506	0	-203	-0	-0	-0	-0	2109	0	-203	-0	-0	-0	-0	903	0	-403	-0	-155.7	1244	-78.73	93.87	0	-215.15	-4529.55	-0	-0	-0	300	0	200	-0
68	-0	-0	-0	1506	0	-203	-0	-0	-0	-0	2109	0	-203	-0	0	0	0	903	0	-403	0	-152.99	1241.83	-79.82	94.6	0	-214.57	-4811.21	-0	-0	-0	300	0	200	-0
69	-0	-0	-0	1506	0	-203	-0	-0	-0	-0	2109	0	-203	-0	-0	-0	-0	903	0	-403	-0	-150.82	1240.2	-81.45	95.44	0	-214.45	-5078.04	-0	-0	-0	300	0	200	-0
70	-0	-0	-0	1506	0	-203	-0	-0	-0	-0	2109	0	-203	-0	-0	-0	-0	903	0	-403	-0	-149.19	1239.12	-83.62	96.38	0	-213.91	-5090.9	-0	-0	-0	300	0	200	-0
71	-0	-0	-0	1506	0	-203	-0	-0	-0	-0	2109	0	-203	-0	-0	-0	-0	903	0	-403	-0	-145.11	1239.12	-85.93	97.85	0	-213.46	-5038.17	-0	-0	-0	300	0	200	-0
72	-0	-0	-0	1506	0	-203	-0	-0	-0	-0	2109	0	-203	-0	-0	-0	-0	903	0	-403	-0	-143.21	1238.03	-87.29	98.94	0	-213.12	-5120.5	-0	-0	-0	300	0	200	-0
73	-0	-0	-0	1506	0	-203	-0	-0	-0	-0	2109	0	-203	-0	-0	-0	-0	903	0	-403	-0	-139.01	1234.77	-88.51	100.06	0	-212.43	-4867.02	-0	-0	-0	300	0	200	-0
74	-0	-0	-0	1506	0	-203	-0	-0	-0	-0	2109	0	-203	-0	-0	-0	-0	903	0	-403	-0	-134.53	1230.97	-88.92	101.35	0	-212.19	-5125.53	-0	-0	-0	300	0	200	-0
75	-0	-0	-0	1506	0	-203	-0	-0	-0	-0	2109	0	-203	-0	-0	-0	-0	903	0	-403	-0	-128.83	1226.63	-89.32	102.13	0	-211.95	-4807.3	-0	-0	-0	300	0	200	-0
76	-0	-0	-0	1506	0	-203	-0	-0	-0	-0	2109	0	-203	-0	-0	-0	-0	903	0	-403	-0	-123.67	1222.28	-88.1	103.12	0	-211.6	-4763.81	-0	-0	-0	300	0	200	-0
77	-0	-0	-0	1506	0	-203	-0	-0	-0	-0	2109	0	-203	-0	-0	-0	-0	903	0	-403	-0	-118.51	1216.31	-87.01	104.22	0	-211.26	-4539.8	-0	-0	-0	300	0	200	-0
78	-0	-0	-0	1506	0	-203	-0	-0	-0	-0	2109	0	-203	-0	-0	-0	-0	903	0	-403	-0	-117.29	1209.8	-86.34	104.87	0	-210.89	-4400.45	-0	-0	-0	300	0	200	-0
79	-0	-0	-0	1506	0	-203	-0	-0	-0	-0	2109	0	-203	-0	0	0	0	903	0	-403	0	-115.25	1205.45	-85.11	106.34	0	-210.69	-4038.73	-0	-0	-0	300	0	200	-0
80	-0	-0	-0	1506	0	-203	-0	-0	-0	-0	2109	0	-203	-0	-0	-0	-0	903	0	-403	-0	-112.4	1197.31	-82.26	107.33	0	-210.37	-3838.7	-0	-0	-0	300	0	200	-0
81	-0	-0	-0	1506	0	-203	-0	-0	-0	-0	2109	0	-203	-0	-0	-0	-0	903	0	-403	-0	-112.26	1191.88	-81.45	108.53	0	-210.31	-3762.07	-0	-0	-0	300	0	200	-0
82	-0	-0	-0	1506	0	-203	-0	-0	-0	-0	2109	0	-203	-0	-0	-0	-0	903	0	-403	-0	-110.23	1182.1	-80.36	109.07	0	-210.19	-3450.2	-0	-0	-0	300	0	200	-0
83	-0	-0	-0	1506	0	-203	-0	-0	-0	-0	2109	0	-203	-0	-0	-0	-0	903	0	-403	-0	-109.68	1177.22	-79.01	111.16	0	-209.82	-3137.12	-0	-0	-0	300	0	200	-0
84	-0	-0	-0	1506	0	-203	-0	-0	-0	-0	2109	0	-203	-0	-0	-0	-0	903	0	-403	-0	-108.33	1172.33	-79.28	111.69	0	-209.68	-3086.64	0	0	0	300	0	200	0
85	-0	-0	-0	1506	0	-203	-0	-0	-0	-0	2109	0	-203	-0	-0	-0	-0	903	0	-403	-0	-107.92	1165.81	-78.6	112.27	0	-209.39	-2811.87	-0	-0	-0	300	0	200	-0
86	-0	-0	-0	1506	0	-203	-0	-0	-0	-0	2109	0	-203	-0	-0	-0	-0	903	0	-403	-0	-106.83	1164.73	-79.68	113.61	0	-209.09	-2572.2	-0	-0	-0	300	0	200	-0
87	-0	-0	-0	1506	0	-203	-0	-0	-0	-0	2109	0	-203	-0	-0	-0	-0	903	0	-403	-0	-104.25	1158.21	-78.06	114.26	0	-208.76	-2449.05	-0	-0	-0	300	0	200	-0
88	-0	-0	-0	1506	0	-203	-0	-0	-0	-0	2109	0	-203	-0	-0	-0	-0	903	0	-403	-0	-101	1152.78	-76.56	115.66	0	-208.46	-1942.31	-0	-0	-0	300	0	200	-0
89	-0	-0	-0	1506	0	-203	-0	-0	-0	-0	2109	0	-203	-0	-0	-0	-0	903	0	-403	-0	-98.28	1147.89	-77.11	116.26	0	-208.17	-1432.19	-0	-0	-0	300	0	200	-0
90	-0	-0	-0	1506	0	-203	-0	-0	-0	-0	2109	0	-203	-0	-0	-0	-0	903	0	-403	-0	-97.06	1141.38	-77.51	116.93	0	-208.17	-1075.72	-0	-0	-0	300	0	200	-0
91	-0	-0	-0	1506	0	-203	-0	-0	-0	-0	2109	0	-203	-0	-0	-0	-0	903	0	-403	-0	-90.95	1132.15	-77.51	117.19	0	-208.14	-740.94	-0	-0	-0	300	0	200	-0
92	-0	-0	-0	1506	0	-203	-0	-0	-0	-0	2109	0	-203	-0	-0	-0	-0	903	0	-403	-0	-87.96	1124	-78.73	117.51	0	-207.71	-224.18	-0	-0	-0	300	0	200	-0
93	-0	-0	-0	1506	0	-203	-0	-0	-0	-0	2109	0	-203	-0	-0	-0	-0	903	0	-403	-0	-79.14	1118.57	-76.02	118.3	0	-207.69	-315.45	-0	-0	-0	300	0	200	-0
94	-0	-0	-0	1506	0	-203	-0	-0	-0	-0	2109	0	-203	-0	-0	-0	-0	903	0	-403	-0	-75.07	1113.14	-76.7	118.88	0	-207.51	-338.5	-0	-0	-0	300	0	200	-0
95	-0	-0	-0	1506	0	-203	-0	-0	-0	-0	2109	0	-203	-0	-0	-0	-0	903	0	-403	-0	-71.68	1106.08	-78.06	119.49	0	-207.21	-124.82	-0	-0	-0	300	0	200	-0
96	-0	-0	-0	1506	0	-203	-0	-0	-0	-0	2109	0	-203	-0	-0	-0	-0	903	0	-403	-0	-67.87	1100.65	-77.92	119.51	0	-207.16	-75.36	-0	-0	-0	300	0	200	-0
97	-0	-0	-0	1506	0	-203	-0	-0	-0	-0	2109	0	-203	-0	-0	-0	-0	903	0	-403	-0	-68.28	1096.85	-81.31	119.81	0	-207.1	235.58	0	0	0	300	0	200	0
98	-0	-0	-0	1506	0	-203	-0	-0	-0	-0	2109	0	-203	-0	-0	-0	-0	903	0	-403	-0	-62.58	1096.31	-81.18	120.58	0	-206.87	434.58	-0	-0	-0	300	0	200	-0
99	-0	-0	-0	1506	0	-203	-0	-0	-0	-0	2109	0	-203	-0	-0	-0	-0	903	0	-403	-0	-60.14	1095.22	-84.71	120.65	0	-206.7	646.99	-0	-0	-0	300	0	200	-0
100	-0	-0	-0	1506	0	-203	-0	-0	-0	-0	2109	0	-203	-0	-0	-0	-0	903	0	-403	-0	-53.35	1095.77	-85.66	120.99	0	-206.6	898.14	-0	-0	-0	300	0	200	-0
101	-0	-0	-0	1506	0	-203	-0	-0	-0	-0	2109	0	-203	-0	-0	-0	-0	903	0	-403	-0	-47.92	1097.4	-87.29	121.16	0	-206.52	1367.68	-0	-0	-0	300	0	200	-0
102	-0	-0	-0	1506	0	-203	-0	-0	-0	-0	2109	0	-203	-0	-0	-0	-0	903	0	-403	-0	-39.64	1101.2	-86.74	121.67	0	-206.51	1255.34	-0	-0	-0	300	0	200	-0
103	-0	-0	-0	1506	0	-203	-0	-0	-0	-0	2109	0	-203	-0	-0	-0	-0	903	0	-403	-0	-34.21	1105.54	-87.42	121.73	0	-206.54	1320.68	0	0	0	300	0	200	0
104	-0	-0	-0	1506	0	-203	-0	-0	-0	-0	2109	0	-203	-0	-0	-0	-0	903	0	-403	-0	-26.47	1108.8	-88.64	121.13	0	-206.48	1754.76	-0	-0	-0	300	0	200	-0
105	-0	-0	-0	1506	0	-203	-0	-0	-0	-0	2109	0	-203	-0	-0	-0	-0	903	0	-403	-0	-23.76	1118.57	-89.87	121.31	0	-206.3	1708.59	-0	-0	-0	300	0	200	-0
106	-0	-0	-0	1506	0	-203	-0	-0	-0	-0	2109	0	-203	-0	-0	-0	-0	903	0	-403	-0	-20.36	1128.35	-93.53	121.76	0	-206.35	2480.21	-0	-0	-0	300	0	200	-0
107	-0	-0	-0	1506	0	-203	-0	-0	-0	-0	2109	0	-203	-0	-0	-0	-0	903	0	-403	-0	-13.98	1141.38	-95.16	121.72	0	-206.21	2849.65	-0	-0	-0	300	0	200	-0
108	-0	-0	-0	1506	0	-203	-0	-0	-0	-0	2109	0	-203	-0	-0	-0	-0	903	0	-403	-0	-9.23	1153.32	-97.47	122.08	0	-206.25	3054.36	-0	-0	-0	300	0	200	-0
109	-0	-0	-0	1506	0	-203	-0	-0	-0	-0	2109	0	-203	-0	-0	-0	-0	903	0	-403	-0	-1.63	1165.81	-98.01	122	0	-206.27	3273.31	-0	-0	-0	300	0	200	-0
110	-0	-0	-0	1506	0	-203	-0	-0	-0	-0	2109	0	-203	-0	-0	-0	-0	903	0	-403	-0	5.29	1182.1	-99.77	121.81	0	-206.13	3665.58	-0	-0	-0	300	0	200	-0
111	-0	-0	-0	1506	0	-203	-0	-0	-0	-0	2109	0	-203	-0	-0	-0	-0	903	0	-403	-0	13.03	1200.56	-99.77	122.26	0	-206.24	3685.02	-0	-0	-0	300	0	200	-0
112	-0	-0	-0	1506	0	-203	-0	-0	-0	-0	2109	0	-203	-0	-0	-0	-0	903	0	-403	-0	18.19	1219.57	-100.59	122.43	0	-206.48	4075.31	-0	-0	-0	300	0	200	-0
113	-0	-0	-0	1506	0	-203	-0	-0	-0	-0	2109	0	-203	-0	-0	-0	-0	903	0	-403	-0	25.93	1244	-101.13	122.3	0	-206.35	4345.89	-0	-0	-0	300	0	200	-0
114	-0	-0	-0	1506	0	-203	-0	-0	-0	-0	2109	0	-203	-0	-0	-0	-0	903	0	-403	-0	29.86	1262.47	-102.35	122.56	0	-206.61	4577.84	0	0	0	300	0	200	0
115	-0	-0	-0	1506	0	-203	-0	-0	-0	-0	2109	0	-203	-0	-0	-0	-0	903	0	-403	-0	35.02	1285.27	-104.8	122.38	0	-206.76	5350.47	-0	-0	-0	300	0	200	-0
116	-0	-0	-0	1506	0	-203	-0	-0	-0	-0	2109	0	-203	-0	-0	-0	-0	903	0	-403	-0	41.81	1315.14	-104.93	122.24	0	-206.86	5598.43	-0	-0	-0	300	0	200	-0
117	-0	-0	-0	1506	0	-203	-0	-0	-0	-0	2109	0	-203	-0	-0	-0	-0	903	0	-403	-0	49.82	1340.11	-106.29	122.67	0	-206.97	6120.04	-0	-0	-0	300	0	200	-0
118	-0	-0	-0	1506	0	-203	-0	-0	-0	-0	2109	0	-203	-0	-0	-0	-0	903	0	-403	-0	57.83	1365.09	-106.56	122.42	0	-207.2	6478	-0	-0	-0	300	0	200	-0
119	-0	-0	-0	1506	0	-203	-0	-0	-0	-0	2109	0	-203	-0	-0	-0	-0	903	0	-403	-0	65.29	1401.47	-105.75	122.78	0	-207.29	6994.56	-0	-0	-0	300	0	200	-0
120	-0	-0	-0	1506	0	-203	-0	-0	-0	-0	2109	0	-203	-0	-0	-0	-0	903	0	-403	-0	73.44	1424.82	-105.75	122.65	0	-207.57	7302.16	-0	-0	-0	300	0	200	-0
121	-0	-0	-0	1506	0	-203	-0	-0	-0	-0	2109	0	-203	-0	-0	-0	-0	903	0	-403	-0	77.78	1454.14	-106.56	123.03	0	-207.8	7773.88	-0	-0	-0	300	0	200	-0
122	-0	-0	-0	1506	0	-203	-0	-0	-0	-0	2109	0	-203	-0	-0	-0	-0	903	0	-403	-0	85.39	1491.07	-105.07	123.27	0	-207.9	8219.46	0	0	0	300	0	200	0
123	-0	-0	-0	1506	0	-203	-0	-0	-0	-0	2109	0	-203	-0	-0	-0	-0	903	0	-403	-0	89.32	1520.93	-105.48	123.66	0	-208.19	8829.75	-0	-0	-0	300	0	200	-0
124	-0	-0	-0	1506	0	-203	-0	-0	-0	-0	2109	0	-203	-0	-0	-0	-0	903	0	-403	-0	94.62	1550.8	-104.66	123.57	0	-208.43	9486.86	-0	-0	-0	300	0	200	-0
125	-0	-0	-0	1506	0	-203	-0	-0	-0	-0	2109	0	-203	-0	-0	-0	-0	903	0	-403	-0	102.35	1588.26	-104.53	123.93	0	-208.45	9973.71	-0	-0	-0	300	0	200	-0
126	-0	-0	-0	1506	0	-203	-0	-0	-0	-0	2109	0	-203	-0	-0	-0	-0	903	0	-403	-0	110.77	1618.13	-103.03	124.26	0	-208.81	10489.5	-0	-0	-0	300	0	200	-0
127	-0	-0	-0	1506	0	-203	-0	-0	-0	-0	2109	0	-203	-0	-0	-0	-0	903	0	-403	-0	120	1645.82	-100.73	124.17	0	-209.1	10829.8	-0	-0	-0	300	0	200	-0
128	-0	-0	-0	1506	0	-203	-0	-0	-0	-0	2109	0	-203	-0	0	0	0	903	0	-403	0	129.64	1680.03	-98.96	124.17	0	-209.44	11428.5	-0	-0	-0	300	0	200	-0
129	-0	-0	-0	1506	0	-203	-0	-0	-0	-0	2109	0	-203	-0	-0	-0	-0	903	0	-403	-0	135.21	1709.9	-97.47	124.55	0	-209.58	12026	-0	-0	-0	300	0	200	-0
130	-0	-0	-0	1506	0	-203	-0	-0	-0	-0	2109	0	-203	-0	-0	-0	-0	903	0	-403	-0	141.18	1739.22	-92.31	124.59	0	-209.95	12376.9	-0	-0	-0	300	0	200	-0
131	-0	-0	-0	1506	0	-203	-0	-0	-0	-0	2109	0	-203	-0	-0	-0	-0	903	0	-403	-0	149.73	1773.43	-90.27	125.11	0	-210.25	13080.5	0	0	0	300	0	200	0
132	-0	-0	-0	1506	0	-203	-0	-0	-0	-0	2109	0	-203	-0	-0	-0	-0	903	0	-403	-0	159.23	1800.03	-86.06	125.07	0	-210.6	13427.7	-0	-0	-0	300	0	200	-0
133	-0	-0	-0	1506	0	-203	-0	-0	-0	-0	2109	0	-203	-0	-0	-0	-0	903	0	-403	-0	170.23	1826.64	-84.98	125.25	0	-210.91	13949	-0	-0	-0	300	0	200	-0
134	-0	-0	-0	1506	0	-203	-0	-0	-0	-0	2109	0	-203	-0	-0	-0	-0	903	0	-403	-0	179.32	1862.48	-86.2	125.93	0	-211.06	14304.9	0	0	0	300	0	200	0
135	-0	-0	-0	1506	0	-203	-0	-0	-0	-0	2109	0	-203	-0	0	0	0	903	0	-403	0	185.02	1884.74	-84.98	126	0	-211.31	15224.7	-0	-0	-0	300	0	200	-0
136	-0	-0	-0	1506	0	-203	-0	-0	-0	-0	2109	0	-203	-0	-0	-0	-0	903	0	-403	-0	188.28	1911.89	-80.09	126.25	0	-211.54	15669.1	-0	-0	-0	300	0	200	-0
137	-0	-0	-0	1506	0	-203	-0	-0	-0	-0	2109	0	-203	-0	-0	-0	-0	903	0	-403	-0	200.23	1941.21	-74.93	126.64	0	-212.02	16021.1	-0	-0	-0	300	0	200	-0
138	-0	-0	-0	1506	0	-203	-0	-0	-0	-0	2109	0	-203	-0	-0	-0	-0	903	0	-403	-0	203.08	1957.5	-72.22	126.74	0	-212.36	16746.6	-0	-0	-0	300	0	200	-0
139	-0	-0	-0	1506	0	-203	-0	-0	-0	-0	2109	0	-203	-0	-0	-0	-0	903	0	-403	-0	208.24	1980.31	-71.95	126.97	0	-212.61	17005.2	-0	-0	-0	300	0	200	-0
140	-0	-0	-0	1506	0	-203	-0	-0	-0	-0	2109	0	-203	-0	-0	-0	-0	903	0	-403	-0	222.63	2003.66	-69.91	127.46	0	-213.08	17398.7	-0	-0	-0	300	0	200	-0
141	-0	-0	-0	1506	0	-203	-0	-0	-0	-0	2109	0	-203	-0	-0	-0	-0	903	0	-403	-0	223.98	2030.81	-65.97	128.23	0	-212.35	17580.1	-0	-0	-0	300	0	200	-0
142	-0	-0	-0	1506	0	-203	-0	-0	-0	-0	2109	0	-203	-0	-0	-0	-0	903	0	-403	-0	230.09	2042.21	-64.62	128.14	0	-212.64	17596.1	-0	-0	-0	300	0	200	-0
143	-0	-0	-0	1506	0	-203	-0	-0	-0	-0	2109	0	-203	-0	-0	-0	-0	903	0	-403	-0	238.78	2061.76	-66.38	128.39	0	-212.86	17507.9	-0	-0	-0	300	0	200	-0
144	-0	-0	-0	1506	0	-203	-0	-0	-0	-0	2109	0	-203	-0	-0	-0	-0	903	0	-403	-0	260.37	2070.99	-62.31	128.5	0	-213.06	18110.5	-0	-0	-0	300	0	200	-0
145	-0	-0	-0	1506	0	-203	-0	-0	-0	-0	2109	0	-203	-0	0	0	0	903	0	-403	0	263.35	2083.48	-61.9	129.48	0	-213.19	18236.4	-0	-0	-0	300	0	200	-0
146	-0	-0	-0	1506	0	-203	-0	-0	-0	-0	2109	0	-203	-0	0	0	0	903	0	-403	0	275.3	2098.14	-62.58	129.92	0	-213.32	17829.3	-0	-0	-0	300	0	200	-0
147	-0	-0	-0	1506	0	-203	-0	-0	-0	-0	2109	0	-203	-0	-0	-0	-0	903	0	-403	-0	282.22	2095.97	-66.25	130.41	0	-213.57	18288.8	-0	-0	-0	300	0	200	-0
148	-0	-0	-0	1506	0	-203	-0	-0	-0	-0	2109	0	-203	-0	0	0	0	903	0	-403	0	285.21	2100.85	-62.17	130.66	0	-213.66	17172	-0	-0	-0	300	0	200	-0
149	-0	-0	-0	1506	0	-203	-0	-0	-0	-0	2109	0	-203	-0	-0	-0	-0	903	0	-403	-0	296.47	2096.51	-64.75	131.01	0	-213.88	15354.5	-0	-0	-0	300	0	200	-0
150	-0	-0	-0	1506	0	-203	-0	-0	-0	-0	2109	0	-203	-0	-0	-0	-0	903	0	-403	-0	307.61	2097.59	-51.72	131.42	0	-213.84	16720.3	-0	-0	-0	300	0	200	-0
151	-0	-0	-0	1506	0	-203	-0	-0	-0	-0	2109	0	-203	-0	-0	-0	-0	903	0	-403	-0	308.28	2093.79	-69.5	131.99	0	-213.97	17863.6	-0	-0	-0	300	0	200	-0
152	-0	-0	-0	1506	0	-203	-0	-0	-0	-0	2109	0	-203	-0	-0	-0	-0	903	0	-403	-0	321.45	2081.85	-67.74	132.77	0	-214.04	15778.9	-0	-0	-0	300	0	200	-0
153	-0	-0	-0	1506	0	-203	-0	-0	-0	-0	2109	0	-203	-0	-0	-0	-0	903	0	-403	-0	334.21	2073.7	-71.95	133.23	0	-214.15	18947.5	-0	-0	-0	300	0	200	-0
154	-0	-0	-0	1506	0	-203	-0	-0	-0	-0	2109	0	-203	-0	-0	-0	-0	903	0	-403	-0	336.25	2060.67	-83.89	133.81	0	-213.98	18184.4	-0	-0	-0	300	0	200	-0
155	-0	-0	-0	1506	0	-203	-0	-0	-0	-0	2109	0	-203	-0	-0	-0	-0	903	0	-403	-0	349.42	2037.32	-82.94	134.24	0	-214.02	17117	-0	-0	-0	300	0	200	-0
156	-0	-0	-0	1506	0	-203	-0	-0	-0	-0	2109	0	-203	-0	-0	-0	-0	903	0	-403	-0	356.2	2019.95	-80.23	134.93	0	-213.88	17275.3	-0	-0	-0	300	0	200	-0
157	-0	-0	-0	1506	0	-203	-0	-0	-0	-0	2109	0	-203	-0	-0	-0	-0	903	0	-403	-0	362.99	1997.14	-73.85	135.82	0	-214.78	14945.9	-0	-0	-0	300	0	200	-0
158	-0	-0	-0	1506	0	-203	-0	-0	-0	-0	2109	0	-203	-0	-0	-0	-0	903	0	-403	-0	366.79	1964.02	-75.75	136.32	0	-214.69	14267.3	0	0	0	300	0	200	0
159	-0	-0	-0	1506	0	-203	-0	-0	-0	-0	2109	0	-203	-0	-5.43	55.39	-19.82	675.89	0	-359.67	674.78	367.2	1941.21	-76.83	136.97	0	-214.52	14716.6	-0	-0	-0	300	0	200	-0
160	-0	-0	-0	1506	0	-203	-0	-0	-0	-0	2109	0	-203	-0	-9.64	158.01	-36.11	669.77	0	-356.21	404.56	366.79	1907.55	-91.09	137.56	0	-214.71	14978.8	0	0	0	300	0	200	0
161	-0	-0	-0	1506	0	-203	-0	-0	-0	-0	2109	0	-203	-0	-19.41	488.69	-73.71	669.88	0	-353.61	-879.82	367.33	1871.17	-89.19	138.5	0	-214.56	14749.2	-0	-0	-0	300	0	200	-0
162	-0	-0	-0	1506	0	-203	-0	-0	-0	-0	2109	0	-203	-0	5.43	882.91	-118.1	673.15	0	-354.2	-274.8	367.47	1836.96	-100.05	139.04	0	-214.44	15805.2	-0	-0	-0	300	0	200	-0
163	-0	-0	-0	1506	0	-203	-0	-0	-0	-0	2109	0	-203	-0	14.25	927.43	-136.43	674.67	0	-353.6	-1104.77	367.88	1797.32	-101.81	139.63	0	-214.2	13573.5	-0	-0	-0	300	0	200	-0
164	-0	-0	-0	1506	0	-203	-0	-0	-0	-0	2109	0	-203	-0	1.9	852.5	-146.47	675.95	0	-352.81	-555.84	368.29	1744.1	-105.75	140.72	0	-214.17	14463.4	-0	-0	-0	300	0	200	-0
165	-0	-0	-0	1506	0	-203	-0	-0	-0	-0	2109	0	-203	-0	-17.24	796.03	-141.72	676.13	0	-352.51	-597.69	368.01	1700.12	-95.57	141.14	0	-214.15	11136.2	-0	-0	-0	300	0	200	-0
166	-0	-0	-0	1506	0	-203	-0	-0	-0	-0	2109	0	-203	-0	-34.34	813.95	-139.01	677.7	0	-352.37	298.34	368.15	1652.88	-84.3	142.29	0	-213.98	7807.41	0	0	0	300	0	200	0
167	-0	-0	-0	1506	0	-203	-0	-0	-0	-0	2109	0	-203	-0	-54.16	873.68	-129.5	679.18	0	-352.74	894.11	368.29	1588.26	-85.93	143.52	0	-213.8	8108.53	-0	-0	-0	300	0	200	-0
168	-0	-0	-0	1506	0	-203	-0	-0	-0	-0	2109	0	-203	-0	-86.06	949.7	-117.97	682.08	0	-353.59	681.83	367.88	1528.53	-78.06	143.85	0	-213.86	5817.41	-0	-0	-0	300	0	200	-0
169	-0	-0	-0	1506	0	-203	-0	-0	-0	-0	2109	0	-203	-0	-116.88	991.51	-104.66	683.41	0	-353.84	-134.05	368.15	1466.09	-85.79	144.95	0	-213.97	6935.01	-0	-0	-0	300	0	200	-0
170	-0	-0	-0	1506	0	-203	-0	-0	-0	-0	2109	0	-203	-0	-150	1020.28	-86.61	685.47	0	-354.31	-891.24	368.15	1396.59	-80.63	145.94	0	-213.92	6358.52	-0	-0	-0	300	0	200	-0
171	-0	-0	-0	1506	0	-203	-0	-0	-0	-0	2109	0	-203	-0	-186.11	1023.54	-65.16	686.05	0	-354.87	-717.08	367.88	1341.74	-91.63	147.62	0	-213.83	7149.51	0	0	0	300	0	200	0
172	-0	-0	-0	1506	0	-203	-0	-0	-0	-0	2109	0	-203	-0	-203.35	1018.11	-39.1	687.96	0	-355.59	-1693.79	368.15	1281.47	-90.14	149.09	0	-213.96	6355.15	-0	-0	-0	300	0	200	-0
173	-0	-0	-0	1506	0	-203	-0	-0	-0	-0	2109	0	-203	-0	-217.47	1001.82	-21.72	688.59	0	-356.3	48.37	367.47	1202.19	-89.05	150.38	0	-214.06	6013.61	-0	-0	-0	300	0	200	-0
174	-0	-0	-0	1506	0	-203	-0	-0	-0	-0	2109	0	-203	-0	-219.64	992.05	0.68	689.82	0	-357.71	-477.66	368.42	1134.86	-77.24	151.05	0	-214.21	3772.43	-0	-0	-0	300	0	200	-0
175	-0	-0	-0	1506	0	-203	-0	-0	-0	-0	2109	0	-203	-0	-219.37	1000.74	1.63	691.28	0	-359.04	1545.29	365.71	1065.9	-64.21	152.03	0	-214.39	1939.25	-0	-0	-0	300	0	200	-0
176	-0	-0	-0	1506	0	-203	-0	-0	-0	-0	2109	0	-203	-0	-215.3	1035.49	6.52	694.44	0	-360.86	2890.67	352.27	979.57	-58.78	152.5	0	-214.63	1616.33	-0	-0	-0	300	0	200	-0
177	-0	-0	-0	1506	0	-203	-0	-0	-0	-0	2109	0	-203	-0	-218.01	1102.28	22.26	698.75	0	-363.31	2688.45	333.13	910.06	-48.46	153.93	0	-214.82	24.69	-0	-0	-0	300	0	200	-0
178	-0	-0	-0	1506	0	-203	-0	-0	-0	-0	2109	0	-203	-0	-225.48	1164.18	39.37	702.07	0	-364.62	2389.63	313.85	836.21	-50.63	154.92	0	-214.74	1277.47	-0	-0	-0	300	0	200	-0
179	-0	-0	-0	1506	0	-203	-0	-0	-0	-0	2109	0	-203	-0	-243.94	1230.42	56.61	704.44	0	-365.87	1291.8	291.18	731.42	-35.02	155.6	0	-215.26	417.07	-0	-0	-0	300	0	200	-0
180	-0	-0	-0	1506	0	-203	-0	-0	-0	-0	2109	0	-203	-0	-271.23	1308.07	67.33	709.31	0	-367.38	466.68	268.92	645.62	-32.31	155.2	0	-215.48	1182.06	-0	-0	-0	300	0	200	-0
181	-0	-0	-0	1506	0	-203	-0	-0	-0	-0	2109	0	-203	-0	-294.71	1363.46	81.18	712.42	0	-368.43	-740.14	255.89	563.09	-20.63	157.64	0	-215.74	1493.62	0	0	0	300	0	200	0
182	-0	-0	-0	1506	0	-203	-0	-0	-0	-0	2109	0	-203	-0	-319.69	1418.3	86.74	715.71	0	-369.59	-754.79	219.91	455.03	-8.55	158.81	0	-216.22	779.54	-0	-0	-0	300	0	200	-0
183	-0	-0	-0	1506	0	-203	-0	-0	-0	-0	2109	0	-203	-0	-345.21	1487.26	97.74	718.81	0	-370.69	-1549.88	194.93	376.84	5.16	160.7	0	-216.25	-83.92	-0	-0	-0	300	0	200	-0
184	-0	-0	-0	1506	0	-203	-0	-0	-0	-0	2109	0	-203	-0	-346.97	1526.9	99.23	722.25	0	-370.9	-752.96	162.35	295.93	14.39	160.65	0	-217.63	-139.52	-0	-0	-0	300	0	200	-0
185	-0	-0	-0	1506	0	-203	-0	-0	-0	-0	2109	0	-203	-0	-346.97	1593.68	100.73	724.67	0	-371.52	-725.06	122.04	210.68	16.83	162.66	0	-217.27	-984	-0	-0	-0	300	0	200	-0
186	-0	-0	-0	1506	0	-203	-0	-0	-0	-0	2109	0	-203	-0	-347.38	1651.24	97.6	727.18	0	-371.61	39	85.79	163.44	13.85	168.7	0	-216.84	-582.5	-0	-0	-0	300	0	200	-0
187	-0	-0	-0	1506	0	-203	-0	-0	-0	-0	2109	0	-203	-0	-346.97	1703.91	93.8	727.93	0	-371.87	255.3	60	120.55	4.34	171.86	0	-217.42	425.56	-0	-0	-0	300	0	200	-0
188	-0	-0	-0	1506	0	-203	-0	-0	-0	-0	2109	0	-203	-0	-346.57	1744.64	93.94	729	0	-371.65	206.35	40.32	84.71	5.43	176.26	0	-217	-741.78	-0	-0	-0	300	0	200	-0
189	-0	-0	-0	1506	0	-203	-0	-0	-0	-0	2109	0	-203	-0	-347.24	1794.59	83.62	730.62	0	-371.66	1643.4	26.47	61.9	-0.81	168.54	0	-219.93	820.8	-0	-0	-0	300	0	200	-0
190	-0	-0	-0	1506	0	-203	-0	-0	-0	-0	2109	0	-203	-0	-346.7	1823.37	80.63	731.81	0	-371.28	1811.53	18.19	51.04	-0.95	167.6	0	-218.67	617.77	-0	-0	-0	300	0	200	-0
191	-0	-0	-0	1506	0	-203	-0	-0	-0	-0	2109	0	-203	-0	-346.7	1858.67	73.17	733.06	0	-371.34	2867.68	5.57	41.27	-5.7	167.65	0	-213.69	127.97	-0	-0	-0	300	0	200	-0
192	-0	-0	-0	1506	0	-203	-0	-0	-0	-0	2109	0	-203	-0	-347.11	1892.87	72.9	734.12	0	-371.2	3646.31	3.67	37.47	-2.31	177.79	0	-210.36	264.2	-0	-0	-0	300	0	200	-0
193	-0	-0	-0	1506	0	-203	-0	-0	-0	-0	2109	0	-203	-0	-346.84	1914.05	70.32	734.89	0	-371.27	4367.62	-7.33	30.41	-2.31	161.21	0	-208.44	187.3	-0	-0	-0	300	0	200	-0
194	-0	-0	-0	1506	0	-203	-0	-0	-0	-0	2109	0	-203	-0	-347.11	1933.6	74.93	734.94	0	-371.33	4684.78	-8.01	25.52	-2.44	190.83	0	-210.57	-211.05	-0	-0	-0	300	0	200	-0
195	-0	-0	-0	1506	0	-203	-0	-0	-0	-0	2109	0	-203	-0	-336.66	1950.43	79.55	735.88	0	-371.42	4877.84	-0	-0	-0	300	0	-203	-0	-0	-0	-0	300	0	200	-0
196	-0	-0	-0	1506	0	-203	-0	-0	-0	-0	2109	0	-203	-0	-325.8	1962.38	85.11	736.36	0	-371.57	4341.7	-0	-0	-0	300	0	-203	-0	-0	-0	-0	300	0	200	-0
197	-0	-0	-0	1506	0	-203	-0	-0	-0	-0	2109	0	-203	-0	-318.74	1968.89	90.41	736.56	0	-371.69	4183.59	-0	-0	-0	300	0	-203	-0	-0	-0	-0	300	0	200	-0
198	-0	-0	-0	1506	0	-203	-0	-0	-0	-0	2109	0	-203	-0	-305.71	1972.15	91.36	736.81	0	-371.74	4644.7	-0	-0	-0	300	0	-203	-0	-0	-0	-0	300	0	200	-0
199	-0	-0	-0	1506	0	-203	-0	-0	-0	-0	2109	0	-203	-0	-300	1978.67	92.04	737.31	0	-371.9	4587.03	-0	-0	-0	300	0	-203	-0	-0	-0	-0	300	0	200	-0
200	-0	-0	-0	1506	0	-203	-0	-0	-0	-0	2109	0	-203	-0	-289.14	1981.38	88.51	737.79	0	-372.02	5222.56	-0	-0	-0	300	0	-203	-0	-0	-0	-0	300	0	200	-0
201	-0	-0	-0	1506	0	-203	-0	-0	-0	-0	2109	0	-203	-0	-276.66	1982.47	87.69	738.7	0	-372.39	5269.92	-0	-0	-0	300	0	-203	-0	-0	-0	-0	300	0	200	-0
202	-0	-0	-0	1506	0	-203	-0	-0	-0	-0	2109	0	-203	-0	-263.49	1972.69	84.57	738.84	0	-372.52	5202.51	-0	-0	-0	300	0	-203	-0	-0	-0	-0	300	0	200	-0
203	-0	-0	-0	1506	0	-203	-0	-0	-0	-0	2109	0	-203	-0	-250.18	1968.35	85.52	739.7	0	-372.87	4801.77	-0	-0	-0	300	0	-203	-0	-0	-0	-0	300	0	200	-0
204	-0	-0	-0	1506	0	-203	-0	-0	-0	-0	2109	0	-203	-0	-237.42	1959.12	85.25	740.9	0	-373.14	4535.33	-0	-0	-0	300	0	-203	-0	-0	-0	-0	300	0	200	-0
205	-0	-0	-0	1506	0	-203	-0	-0	-0	-0	2109	0	-203	-0	-229.41	1952.06	88.78	741.6	0	-373.62	3536.84	-0	-0	-0	300	0	-203	-0	0	0	0	300	0	200	0
206	-0	-0	-0	1506	0	-203	-0	-0	-0	-0	2109	0	-203	-0	-223.03	1944.46	90.82	742.68	0	-373.95	3026.18	-0	-0	-0	300	0	-203	-0	-0	-0	-0	300	0	200	-0
207	-0	-0	-0	1506	0	-203	-0	-0	-0	-0	2109	0	-203	-0	-213.67	1930.34	89.73	743.91	0	-374.45	2889.72	0	0	0	300	0	-203	0	-0	-0	-0	300	0	200	-0
208	-0	-0	-0	1506	0	-203	-0	-0	-0	-0	2109	0	-203	-0	-208.78	1914.59	90.41	744.85	0	-374.8	2390.77	-0	-0	-0	300	0	-203	-0	0	0	0	300	0	200	0
209	-0	-0	-0	1506	0	-203	-0	-0	-0	-0	2109	0	-203	-0	-199.82	1897.76	87.69	745.92	0	-375.17	2782.28	-0	-0	-0	300	0	-203	-0	-0	-0	-0	300	0	200	-0
210	-0	-0	-0	1506	0	-203	-0	-0	-0	-0	2109	0	-203	-0	-191.27	1873.87	89.05	747.15	0	-375.56	2413.59	-0	-0	-0	300	0	-203	-0	-0	-0	-0	300	0	200	-0
211	-0	-0	-0	1506	0	-203	-0	-0	-0	-0	2109	0	-203	-0	-180.68	1855.41	88.51	748.01	0	-375.91	2485.6	-0	-0	-0	300	0	-203	-0	-0	-0	-0	300	0	200	-0
212	-0	-0	-0	1506	0	-203	-0	-0	-0	-0	2109	0	-203	-0	-170.23	1830.43	91.09	749.09	0	-376.51	2327.34	-0	-0	-0	300	0	-203	-0	-0	-0	-0	300	0	200	-0
213	-0	-0	-0	1506	0	-203	-0	-0	-0	-0	2109	0	-203	-0	-160.18	1803.82	93.67	750.48	0	-377.14	2044.11	-0	-0	-0	300	0	-203	-0	-0	-0	-0	300	0	200	-0
214	-0	-0	-0	1506	0	-203	-0	-0	-0	-0	2109	0	-203	-0	-155.7	1779.39	98.01	751.78	0	-377.48	1629.47	-0	-0	-0	300	0	-203	-0	-0	-0	-0	300	0	200	-0
215	-0	-0	-0	1506	0	-203	-0	-0	-0	-0	2109	0	-203	-0	-151.22	1755.5	100.86	753.3	0	-378.09	1524.66	-0	-0	-0	300	0	-203	-0	-0	-0	-0	300	0	200	-0
216	-0	-0	-0	1506	0	-203	-0	-0	-0	-0	2109	0	-203	-0	-145.52	1724	102.76	755.4	0	-378.84	1194.94	-0	-0	-0	300	0	-203	-0	-0	-0	-0	300	0	200	-0
217	-0	-0	-0	1506	0	-203	-0	-0	-0	-0	2109	0	-203	-0	-143.62	1700.11	103.98	757.36	0	-379.54	1072.73	-0	-0	-0	300	0	-203	-0	-0	-0	-0	300	0	200	-0
218	-0	-0	-0	1506	0	-203	-0	-0	-0	-0	2109	0	-203	-0	-138.06	1671.33	103.98	759.18	0	-380.16	1104.14	-0	-0	-0	300	0	-203	-0	-0	-0	-0	300	0	200	-0
219	-0	-0	-0	1506	0	-203	-0	-0	-0	-0	2109	0	-203	-0	-134.53	1637.12	105.2	761.28	0	-380.86	860.52	-0	-0	-0	300	0	-203	-0	-0	-0	-0	300	0	200	-0
220	-0	-0	-0	1506	0	-203	-0	-0	-0	-0	2109	0	-203	-0	-128.96	1611.06	105.61	763.03	0	-381.55	668.82	-0	-0	-0	300	0	-203	-0	-0	-0	-0	300	0	200	-0
221	-0	-0	-0	1506	0	-203	-0	-0	-0	-0	2109	0	-203	-0	-124.48	1586.08	106.29	765.17	0	-382.48	644.73	-0	-0	-0	300	0	-203	-0	-0	-0	-0	300	0	200	-0
222	-0	-0	-0	1506	0	-203	-0	-0	-0	-0	2109	0	-203	-0	-119.46	1554.59	106.7	767.15	0	-383.27	319.69	-0	-0	-0	300	0	-203	-0	0	0	0	300	0	200	0
223	-0	-0	-0	1506	0	-203	-0	-0	-0	-0	2109	0	-203	-0	-118.51	1537.76	108.6	769.79	0	-384	493.96	-0	-0	-0	300	0	-203	-0	-0	-0	-0	300	0	200	-0
224	-0	-0	-0	1506	0	-203	-0	-0	-0	-0	2109	0	-203	-0	-116.2	1511.69	109.55	771.86	0	-384.66	518.07	-0	-0	-0	300	0	-203	-0	-0	-0	-0	300	0	200	-0
225	-0	-0	-0	1506	0	-203	-0	-0	-0	-0	2109	0	-203	-0	-111.45	1486.17	110.23	774.56	0	-385.61	541.28	-0	-0	-0	300	0	-203	-0	-0	-0	-0	300	0	200	-0
226	-0	-0	-0	1506	0	-203	-0	-0	-0	-0	2109	0	-203	-0	-106.7	1468.8	110.23	776.53	0	-386.38	690.5	-0	-0	-0	300	0	-203	-0	0	0	0	300	0	200	0
227	-0	-0	-0	1506	0	-203	-0	-0	-0	-0	2109	0	-203	-0	-100.86	1447.62	110.77	779.11	0	-387.13	699.68	-0	-0	-0	300	0	-203	-0	-0	-0	-0	300	0	200	-0
228	-0	-0	-0	1506	0	-203	-0	-0	-0	-0	2109	0	-203	-0	-96.65	1425.9	110.77	781.78	0	-387.99	822.21	-0	-0	-0	300	0	-203	-0	-0	-0	-0	300	0	200	-0
229	-0	-0	-0	1506	0	-203	-0	-0	-0	-0	2109	0	-203	-0	-90.68	1404.72	110.77	783.71	0	-388.55	843.16	-0	-0	-0	300	0	-203	-0	-0	-0	-0	300	0	200	-0
230	-0	-0	-0	1506	0	-203	-0	-0	-0	-0	2109	0	-203	-0	-87.42	1390.06	110.91	786.06	0	-389.17	893.47	-0	-0	-0	300	0	-203	-0	-0	-0	-0	300	0	200	-0
231	-0	-0	-0	1506	0	-203	-0	-0	-0	-0	2109	0	-203	-0	-81.72	1365.63	110.36	788.61	0	-390.01	739.31	-0	-0	-0	300	0	-203	-0	-0	-0	-0	300	0	200	-0
232	-0	-0	-0	1506	0	-203	-0	-0	-0	-0	2109	0	-203	-0	-79.55	1350.97	109.14	790.62	0	-390.83	856.31	-0	-0	-0	300	0	-203	-0	-0	-0	-0	300	0	200	-0
233	-0	-0	-0	1506	0	-203	-0	-0	-0	-0	2109	0	-203	-0	-76.29	1334.13	108.33	792.82	0	-391.44	775.81	-0	-0	-0	300	0	-203	-0	-0	-0	-0	300	0	200	-0
234	-0	-0	-0	1506	0	-203	-0	-0	-0	-0	2109	0	-203	-0	-72.76	1312.41	107.24	795.07	0	-392.09	559.54	-0	-0	-0	300	0	-203	-0	-0	-0	-0	300	0	200	-0
235	-0	-0	-0	1506	0	-203	-0	-0	-0	-0	2109	0	-203	-0	-67.33	1299.38	105.2	797.24	0	-392.9	535.23	-0	-0	-0	300	0	-203	-0	-0	-0	-0	300	0	200	-0
236	-0	-0	-0	1506	0	-203	-0	-0	-0	-0	2109	0	-203	-0	-62.31	1287.44	103.98	799.75	0	-393.32	310.73	-0	-0	-0	300	0	-203	-0	-0	-0	-0	300	0	200	-0
237	-0	-0	-0	1506	0	-203	-0	-0	-0	-0	2109	0	-203	-0	-59.73	1273.86	101.13	802.33	0	-394.19	123.62	-0	-0	-0	300	0	-203	-0	-0	-0	-0	300	0	200	-0
238	-0	-0	-0	1506	0	-203	-0	-0	-0	-0	2109	0	-203	-0	-57.42	1263	99.64	804.46	0	-394.7	-212.22	-0	-0	-0	300	0	-203	-0	-0	-0	-0	300	0	200	-0
239	-0	-0	-0	1506	0	-203	-0	-0	-0	-0	2109	0	-203	-0	-57.15	1251.6	96.52	806.45	0	-395.09	-471.32	-0	-0	-0	300	0	-203	-0	-0	-0	-0	300	0	200	-0
240	-0	-0	-0	1506	0	-203	-0	-0	-0	-0	2109	0	-203	-0	-54.3	1242.37	92.99	809.06	0	-395.58	-836.96	-0	-0	-0	300	0	-203	-0	0	0	0	300	0	200	0
241	-0	-0	-0	1506	0	-203	-0	-0	-0	-0	2109	0	-203	-0	-53.08	1232.59	88.78	810.78	0	-396.04	-798.29	-0	-0	-0	300	0	-203	-0	-0	-0	-0	300	0	200	-0
242	-0	-0	-0	1506	0	-203	-0	-0	-0	-0	2109	0	-203	-0	-51.31	1223.91	85.25	812.83	0	-396.53	-1035.46	-0	-0	-0	300	0	-203	-0	-0	-0	-0	300	0	200	-0
243	-0	-0	-0	1506	0	-203	-0	-0	-0	-0	2109	0	-203	-0	-48.73	1216.3	81.31	814.96	0	-396.79	-1294.46	-0	-0	-0	300	0	-203	-0	-0	-0	-0	300	0	200	-0
244	-0	-0	-0	1506	0	-203	-0	-0	-0	-0	2109	0	-203	-0	-45.34	1212.5	77.38	816.66	0	-397.24	-1192.4	-0	-0	-0	300	0	-203	-0	-0	-0	-0	300	0	200	-0
245	-0	-0	-0	1506	0	-203	-0	-0	-0	-0	2109	0	-203	-0	-42.35	1203.82	74.53	818.1	0	-397.91	-1398.27	-0	-0	-0	300	0	-203	-0	-0	-0	-0	300	0	200	-0
246	-0	-0	-0	1506	0	-203	-0	-0	-0	-0	2109	0	-203	-0	-40.18	1202.19	71.68	820.24	0	-398.55	-1529.52	-0	-0	-0	300	0	-203	-0	-0	-0	-0	300	0	200	-0
247	-0	-0	-0	1506	0	-203	-0	-0	-0	-0	2109	0	-203	-0	-39.23	1200.01	71	821.86	0	-398.72	-1628.04	-0	-0	-0	300	0	-203	-0	-0	-0	-0	300	0	200	-0
248	-0	-0	-0	1506	0	-203	-0	-0	-0	-0	2109	0	-203	-0	-38.96	1198.39	70.72	823.36	0	-398.97	-1907.16	-0	-0	-0	300	0	-203	-0	-0	-0	-0	300	0	200	-0
249	-0	-0	-0	1506	0	-203	-0	-0	-0	-0	2109	0	-203	-0	-36.79	1196.76	69.64	825.32	0	-399.36	-2030.82	-0	-0	-0	300	0	-203	-0	0	0	0	300	0	200	0
250	-0	-0	-0	1506	0	-203	-0	-0	-0	-0	2109	0	-203	-0	-35.97	1198.39	69.1	827.29	0	-399.87	-2122.13	-0	-0	-0	300	0	-203	-0	-0	-0	-0	300	0	200	-0
251	-0	-0	-0	1506	0	-203	-0	-0	-0	-0	2109	0	-203	-0	-32.72	1197.84	69.1	828.8	0	-400.28	-2307.09	-0	-0	-0	300	0	-203	-0	-0	-0	-0	300	0	200	-0
252	-0	-0	-0	1506	0	-203	-0	-0	-0	-0	2109	0	-203	-0	-28.78	1201.1	68.69	830.7	0	-400.68	-2378.78	-0	-0	-0	300	0	-203	-0	-0	-0	-0	300	0	200	-0
253	-0	-0	-0	1506	0	-203	-0	-0	-0	-0	2109	0	-203	-0	-25.25	1195.13	69.1	831.82	0	-401.04	-2575.9	-0	-0	-0	300	0	-203	-0	-0	-0	-0	300	0	200	-0
254	-0	-0	-0	1506	0	-203	-0	-0	-0	-0	2109	0	-203	-0	-21.72	1197.3	70.18	833.26	0	-401.3	-2709.3	-0	-0	-0	300	0	-203	-0	-0	-0	-0	300	0	200	-0
255	-0	-0	-0	1506	0	-203	-0	-0	-0	-0	2109	0	-203	-0	-17.78	1198.93	70.32	834.65	0	-401.64	-2744.72	-0	-0	-0	300	0	-203	-0	-0	-0	-0	300	0	200	-0
256	-0	-0	-0	1506	0	-203	-0	-0	-0	-0	2109	0	-203	-0	-14.93	1200.01	72.22	835.9	0	-402.2	-2958.02	-0	-0	-0	300	0	-203	-0	-0	-0	-0	300	0	200	-0
257	-0	-0	-0	1506	0	-203	-0	-0	-0	-0	2109	0	-203	-0	-12.49	1203.27	72.9	837.51	0	-402.38	-2935.81	-0	-0	-0	300	0	-203	-0	-0	-0	-0	300	0	200	-0
258	-0	-0	-0	1506	0	-203	-0	-0	-0	-0	2109	0	-203	-0	-6.92	1207.07	75.48	838.72	0	-402.75	-3053.75	-0	-0	-0	300	0	-203	-0	-0	-0	-0	300	0	200	-0
259	-0	-0	-0	1506	0	-203	-0	-0	-0	-0	2109	0	-203	-0	-2.17	1211.96	77.38	839.68	0	-402.95	-3092.57	-0	-0	-0	300	0	-203	-0	0	0	0	300	0	200	0
260	-0	-0	-0	1506	0	-203	-0	-0	-0	-0	2109	0	-203	-0	4.07	1216.85	79.55	840.93	0	-403.29	-3091.49	-0	-0	-0	300	0	-203	-0	-0	-0	-0	300	0	200	-0
261	-0	-0	-0	1506	0	-203	-0	-0	-0	-0	2109	0	-203	-0	11.67	1226.08	83.35	841.81	0	-403.61	-2952.29	0	0	0	300	0	-203	0	-0	-0	-0	300	0	200	-0
262	-0	-0	-0	1506	0	-203	-0	-0	-0	-0	2109	0	-203	-0	18.33	1229.88	85.79	843	0	-403.7	-3010.6	-0	-0	-0	300	0	-203	-0	-0	-0	-0	300	0	200	-0
263	-0	-0	-0	1506	0	-203	-0	-0	-0	-0	2109	0	-203	-0	22.53	1245.08	88.1	843.94	0	-403.91	-3166.1	-0	-0	-0	300	0	-203	-0	-0	-0	-0	300	0	200	-0
264	-0	-0	-0	1506	0	-203	-0	-0	-0	-0	2109	0	-203	-0	28.37	1256.49	90.41	845.02	0	-404.14	-3285.49	-0	-0	-0	300	0	-203	-0	-0	-0	-0	300	0	200	-0
265	-0	-0	-0	1506	0	-203	-0	-0	-0	-0	2109	0	-203	-0	31.49	1267.35	93.39	845.67	0	-404.35	-3529.27	-0	-0	-0	300	0	-203	-0	-0	-0	-0	300	0	200	-0
266	-0	-0	-0	1506	0	-203	-0	-0	-0	-0	2109	0	-203	-0	35.57	1280.92	94.35	846.13	0	-404.46	-3741.38	-0	-0	-0	300	0	-203	-0	-0	-0	-0	300	0	200	-0
267	-0	-0	-0	1506	0	-203	-0	-0	-0	-0	2109	0	-203	-0	41.27	1296.12	96.38	846.9	0	-404.43	-3962.06	-0	-0	-0	300	0	-203	-0	-0	-0	-0	300	0	200	-0
268	-0	-0	-0	1506	0	-203	-0	-0	-0	-0	2109	0	-203	-0	47.65	1309.7	97.06	847.42	0	-404.58	-4126.49	-0	-0	-0	300	0	-203	-0	-0	-0	-0	300	0	200	-0
269	-0	-0	-0	1506	0	-203	-0	-0	-0	-0	2109	0	-203	-0	54.71	1324.9	98.15	848.24	0	-404.52	-4394.5	-0	-0	-0	300	0	-203	-0	-0	-0	-0	300	0	200	-0
270	-0	-0	-0	1506	0	-203	-0	-0	-0	-0	2109	0	-203	-0	63.12	1349.88	98.96	848.66	0	-404.7	-4632.15	-0	-0	-0	300	0	-203	-0	-0	-0	-0	300	0	200	-0
271	-0	-0	-0	1506	0	-203	-0	-0	-0	-0	2109	0	-203	-0	71.81	1363.46	99.77	849.17	0	-404.66	-4955.74	-0	-0	-0	300	0	-203	-0	-0	-0	-0	300	0	200	-0
272	-0	-0	-0	1506	0	-203	-0	-0	-0	-0	2109	0	-203	-0	78.19	1386.26	100.45	849.73	0	-404.57	-5262.51	-0	-0	-0	300	0	-203	-0	-0	-0	-0	300	0	200	-0
273	-0	-0	-0	1506	0	-203	-0	-0	-0	-0	2109	0	-203	-0	88.1	1413.95	101.81	850.42	0	-404.42	-5672.1	-0	-0	-0	300	0	-203	-0	-0	-0	-0	300	0	200	-0
274	-0	-0	-0	1506	0	-203	-0	-0	-0	-0	2109	0	-203	-0	94.35	1436.76	102.49	850.93	0	-404.44	-6055.62	-0	-0	-0	300	0	-203	-0	-0	-0	-0	300	0	200	-0
275	-0	-0	-0	1506	0	-203	-0	-0	-0	-0	2109	0	-203	-0	101	1459.57	102.49	851.08	0	-404.25	-6442.96	-0	-0	-0	300	0	-203	-0	-0	-0	-0	300	0	200	-0
276	-0	-0	-0	1506	0	-203	-0	-0	-0	-0	2109	0	-203	-0	109.14	1494.32	104.53	851.9	0	-404.07	-6930.68	-0	-0	-0	300	0	-203	-0	-0	-0	-0	300	0	200	-0
277	-0	-0	-0	1506	0	-203	-0	-0	-0	-0	2109	0	-203	-0	116.06	1518.21	103.03	852.13	0	-403.78	-7312.74	-0	-0	-0	300	0	-203	-0	-0	-0	-0	300	0	200	-0
278	-0	-0	-0	1506	0	-203	-0	-0	-0	-0	2109	0	-203	-0	120.82	1544.82	102.22	852.75	0	-403.66	-7562.94	-0	-0	-0	300	0	-203	-0	-0	-0	-0	300	0	200	-0
279	-0	-0	-0	1506	0	-203	-0	-0	-0	-0	2109	0	-203	-0	130.45	1578.48	103.58	853.23	0	-403.49	-8076.93	-0	-0	-0	300	0	-203	-0	-0	-0	-0	300	0	200	-0
280	-0	-0	-0	1506	0	-203	-0	-0	-0	-0	2109	0	-203	-0	137.51	1605.63	102.76	853.81	0	-403.22	-8426.71	-0	-0	-0	300	0	-203	-0	-0	-0	-0	300	0	200	-0
281	-0	-0	-0	1506	0	-203	-0	-0	-0	-0	2109	0	-203	-0	143.89	1636.04	105.07	854.32	0	-403.08	-8822.47	-0	-0	-0	300	0	-203	-0	-0	-0	-0	300	0	200	-0
282	-0	-0	-0	1506	0	-203	-0	-0	-0	-0	2109	0	-203	-0	153.67	1670.79	106.56	854.92	0	-402.79	-9400.43	-0	-0	-0	300	0	-203	-0	-0	-0	-0	300	0	200	-0
283	-0	-0	-0	1506	0	-203	-0	-0	-0	-0	2109	0	-203	-0	158.42	1701.2	105.88	855.64	0	-402.55	-9831.15	-0	-0	-0	300	0	-203	-0	-0	-0	-0	300	0	200	-0
284	-0	-0	-0	1506	0	-203	-0	-0	-0	-0	2109	0	-203	-0	163.17	1730.52	103.3	856.23	0	-402.51	-9997.54	0	0	0	300	0	-203	0	-0	-0	-0	300	0	200	-0
285	-0	-0	-0	1506	0	-203	-0	-0	-0	-0	2109	0	-203	-0	169.69	1767.44	103.71	857.05	0	-402.19	-10450.5	-0	-0	-0	300	0	-203	-0	-0	-0	-0	300	0	200	-0
286	-0	-0	-0	1506	0	-203	-0	-0	-0	-0	2109	0	-203	-0	178.78	1793.51	100.86	857.66	0	-402.09	-10796.7	-0	-0	-0	300	0	-203	-0	-0	-0	-0	300	0	200	-0
287	-0	-0	-0	1506	0	-203	-0	-0	-0	-0	2109	0	-203	-0	192.9	1819.57	103.03	858.2	0	-401.79	-11293.6	-0	-0	-0	300	0	-203	-0	-0	-0	-0	300	0	200	-0
288	-0	-0	-0	1506	0	-203	-0	-0	-0	-0	2109	0	-203	-0	202.4	1849.98	102.22	858.78	0	-401.58	-11623.7	-0	-0	-0	300	0	-203	-0	-0	-0	-0	300	0	200	-0
289	-0	-0	-0	1506	0	-203	-0	-0	-0	-0	2109	0	-203	-0	205.52	1871.15	103.71	859.13	0	-401.33	-11998.4	-0	-0	-0	300	0	-203	-0	-0	-0	-0	300	0	200	-0
290	-0	-0	-0	1506	0	-203	-0	-0	-0	-0	2109	0	-203	-0	205.79	1895.05	102.08	860.07	0	-401.15	-11992.6	-0	-0	-0	300	0	-203	-0	0	0	0	300	0	200	0
291	-0	-0	-0	1506	0	-203	-0	-0	-0	-0	2109	0	-203	-0	215.3	1920.57	102.22	860.57	0	-400.95	-12295.4	-0	-0	-0	300	0	-203	-0	-0	-0	-0	300	0	200	-0
292	-0	-0	-0	1506	0	-203	-0	-0	-0	-0	2109	0	-203	-0	220.86	1941.2	100.86	861.24	0	-400.68	-12257.4	-0	-0	-0	300	0	-203	-0	0	0	0	300	0	200	0
293	-0	-0	-0	1506	0	-203	-0	-0	-0	-0	2109	0	-203	-0	237.15	1960.21	99.64	861.9	0	-400.45	-12478.1	-0	-0	-0	300	0	-203	-0	-0	-0	-0	300	0	200	-0
294	-0	-0	-0	1506	0	-203	-0	-0	-0	-0	2109	0	-203	-0	247.33	1979.75	100.18	862.51	0	-400.26	-12555	-0	-0	-0	300	0	-203	-0	-0	-0	-0	300	0	200	-0
295	-0	-0	-0	1506	0	-203	-0	-0	-0	-0	2109	0	-203	-0	257.11	1996.04	98.82	863.1	0	-399.97	-12685.5	-0	-0	-0	300	0	-203	-0	-0	-0	-0	300	0	200	-0
296	-0	-0	-0	1506	0	-203	-0	-0	-0	-0	2109	0	-203	-0	253.71	2010.7	96.79	863.93	0	-399.84	-12457.1	0	0	0	300	0	-203	0	-0	-0	-0	300	0	200	-0
297	-0	-0	-0	1506	0	-203	-0	-0	-0	-0	2109	0	-203	-0	266.75	2023.19	95.84	864.63	0	-399.8	-12148	-0	-0	-0	300	0	-203	-0	-0	-0	-0	300	0	200	-0
298	-0	-0	-0	1506	0	-203	-0	-0	-0	-0	2109	0	-203	-0	277.61	2031.88	94.62	865.11	0	-399.4	-12479.3	-0	-0	-0	300	0	-203	-0	-0	-0	-0	300	0	200	-0
299	-0	-0	-0	1506	0	-203	-0	-0	-0	-0	2109	0	-203	-0	288.33	2037.31	94.07	865.71	0	-399.25	-12205.5	-0	-0	-0	300	0	-203	-0	-0	-0	-0	300	0	200	-0
300	-0	-0	-0	1506	0	-203	-0	-0	-0	-0	2109	0	-203	-0	298.37	2043.28	92.44	866.44	0	-398.95	-11459.6	-0	-0	-0	300	0	-203	-0	-0	-0	-0	300	0	200	-0
301	-0	-0	-0	1506	0	-203	-0	-0	-0	-0	2109	0	-203	-0	317.79	2047.08	87.96	866.89	0	-398.8	-12515.2	-0	-0	-0	300	0	-203	-0	0	0	0	300	0	200	0
302	-0	-0	-0	1506	0	-203	-0	-0	-0	-0	2109	0	-203	-0	312.36	2051.97	98.01	867.61	0	-398.67	-12334	-0	-0	-0	300	0	-203	-0	-0	-0	-0	300	0	200	-0
303	-0	-0	-0	1506	0	-203	-0	-0	-0	-0	2109	0	-203	-0	314.53	2055.23	100.73	868.43	0	-398.58	-11380.9	0	0	0	300	0	-203	0	-0	-0	-0	300	0	200	-0
304	-0	-0	-0	1506	0	-203	-0	-0	-0	-0	2109	0	-203	-0	311.81	2038.4	114.57	869.16	0	-398.3	-10982.5	-0	-0	-0	300	0	-203	-0	-0	-0	-0	300	0	200	-0
305	-0	-0	-0	1506	0	-203	-0	-0	-0	-0	2109	0	-203	-0	346.97	2034.6	100.18	869.8	0	-398.09	-10652.7	-0	-0	-0	300	0	-203	-0	-0	-0	-0	300	0	200	-0
306	-0	-0	-0	1506	0	-203	-0	-0	-0	-0	2109	0	-203	-0	358.24	2022.11	99.37	870.82	0	-397.9	-10331.6	-0	-0	-0	300	0	-203	-0	-0	-0	-0	300	0	200	-0
307	-0	-0	-0	1506	0	-203	-0	-0	-0	-0	2109	0	-203	-0	364.35	2012.88	98.96	871.25	0	-397.87	-10060.7	-0	-0	-0	300	0	-203	-0	-0	-0	-0	300	0	200	-0
308	-1.45	34.46	9.09	1420.37	0	-273.23	-406.36	-0	-0	-0	2109	0	-203	-0	362.99	1996.04	100.73	872	0	-397.67	-9220.08	-0	-0	-0	300	0	-203	-0	-0	-0	-0	300	0	200	-0
309	-2.43	110.62	16.92	1397.88	0	-262.57	-925.32	-0	-0	-0	2109	0	-203	-0	364.21	1968.89	103.03	872.75	0	-397.47	-8424.76	-0	-0	-0	300	0	-203	-0	-0	-0	-0	300	0	200	-0
310	0.28	313.98	32.58	1405.8	0	-262.14	-1030.87	-0	-0	-0	2109	0	-203	-0	364.21	1947.17	96.52	873.36	0	-397.39	-8337.63	-0	-0	-0	300	0	-203	-0	-0	-0	-0	300	0	200	-0
311	15.05	427.72	54.3	1404.04	0	-264.44	-1571.21	-0	-0	-0	2109	0	-203	-0	364.62	1918.94	91.22	873.8	0	-397.11	-7908.39	-0	-0	-0	300	0	-203	-0	-0	-0	-0	300	0	200	-0
312	17.46	440.86	75.66	1406.77	0	-265.05	-1674.64	-0	-0	-0	2109	0	-203	-0	364.76	1887.44	90.95	874.95	0	-397.11	-6871.22	-0	-0	-0	300	0	-203	-0	-0	-0	-0	300	0	200	-0
313	11.2	421.1	85.21	1409.59	0	-266.97	-1437.03	-0	-0	-0	2109	0	-203	-0	364.62	1857.58	87.56	875.39	0	-396.76	-7101.19	0	0	0	300	0	-203	0	-0	-0	-0	300	0	200	-0
314	2.2	416.71	89.75	1410.85	0	-267.3	-1197.67	-0	-0	-0	2109	0	-203	-0	365.16	1820.66	89.87	876.35	0	-396.61	-6567.34	-0	-0	-0	300	0	-203	-0	-0	-0	-0	300	0	200	-0
315	-5.68	432.05	85.72	1413.78	0	-267.11	-1020.52	-0	-0	-0	2109	0	-203	-0	364.76	1774.5	87.69	877.34	0	-396.41	-5340.83	-0	-0	-0	300	0	-203	-0	-0	-0	-0	300	0	200	-0
316	-13.23	458.38	78.62	1415.55	0	-265.65	-1130.54	-0	-0	-0	2109	0	-203	-0	365.03	1732.15	86.88	878.09	0	-396.1	-5453.21	-0	-0	-0	300	0	-203	-0	-0	-0	-0	300	0	200	-0
317	-23.52	485.02	68.62	1416.26	0	-264.35	-955.33	-0	-0	-0	2109	0	-203	-0	365.43	1681.11	84.44	879.06	0	-395.83	-5045.1	-0	-0	-0	300	0	-203	-0	-0	-0	-0	300	0	200	-0
318	-37.02	509.15	61.85	1419.36	0	-262.74	-970.05	-0	-0	-0	2109	0	-203	-0	364.62	1618.12	83.08	879.78	0	-395.52	-3626.7	-0	-0	-0	300	0	-203	-0	-0	-0	-0	300	0	200	-0
319	-49.88	516.05	54.27	1419.56	0	-261.33	-1297.51	-0	-0	-0	2109	0	-203	-0	364.76	1562.73	78.46	880.79	0	-395.15	-3748.85	-0	-0	-0	300	0	-203	-0	-0	-0	-0	300	0	200	-0
320	-65.47	517.62	44.59	1423.82	0	-259.22	-1110.38	-0	-0	-0	2109	0	-203	-0	364.48	1501.92	73.17	881.38	0	-395.03	-3435.31	-0	-0	-0	300	0	-203	-0	-0	-0	-0	300	0	200	-0
321	-78.97	512.29	34.56	1427.7	0	-258.32	-1652.34	-0	-0	-0	2109	0	-203	-0	365.43	1422.64	71.54	882.58	0	-394.78	-2278.95	-0	-0	-0	300	0	-203	-0	-0	-0	-0	300	0	200	-0
322	-93.27	510.74	22.92	1430.9	0	-254.5	-1703.43	-0	-0	-0	2109	0	-203	-0	366.93	1350.97	68.82	883.21	0	-394.77	-2426.02	-0	-0	-0	300	0	-203	-0	-0	-0	-0	300	0	200	-0
323	-106.28	523.91	12.09	1437.81	0	-250.31	-1702.86	-0	-0	-0	2109	0	-203	-0	366.52	1281.46	67.6	883.8	0	-394.15	-2465.01	-0	-0	-0	300	0	-203	-0	-0	-0	-0	300	0	200	-0
324	-122.36	548.99	-0.03	1443.4	0	-246.05	-1948.23	-0	-0	-0	2109	0	-203	-0	366.79	1204.9	59.05	885.1	0	-394.35	-1531.57	-0	-0	-0	300	0	-203	-0	-0	-0	-0	300	0	200	-0
325	-139.71	584.1	-12.46	1450.02	0	-241.77	-1873.25	-0	-0	-0	2109	0	-203	-0	366.11	1126.17	54.84	886.05	0	-393.94	-1920.24	-0	-0	-0	300	0	-203	-0	-0	-0	-0	300	0	200	-0
326	-156.75	637.38	-21.18	1454.98	0	-238.7	-2130.33	-0	-0	-0	2109	0	-203	-0	365.71	1062.64	50.63	887.71	0	-393.68	-1930.72	-0	-0	-0	300	0	-203	-0	-0	-0	-0	300	0	200	-0
327	-173.14	679.06	-30.37	1459.44	0	-236.32	-1856.71	-0	-0	-0	2109	0	-203	-0	358.65	954.04	38.01	888.4	0	-393.23	-1698.11	-0	-0	-0	300	0	-203	-0	-0	-0	-0	300	0	200	-0
328	-184.39	724.82	-35.19	1462.83	0	-235.05	-1405.41	-0	-0	-0	2109	0	-203	-0	326.61	864.99	30.41	888.87	0	-393.02	-1376.1	0	0	0	300	0	-203	0	-0	-0	-0	300	0	200	-0
329	-192.43	755.21	-39.04	1465.13	0	-234.04	-585	-0	-0	-0	2109	0	-203	-0	299.6	765.62	19.55	889.38	0	-392.08	-1243.97	-0	-0	-0	300	0	-203	-0	-0	-0	-0	300	0	200	-0
330	-199.98	776.83	-39.83	1468.14	0	-233.18	-218.64	-0	-0	-0	2109	0	-203	-0	266.61	662.45	7.6	889.97	0	-392.51	-779.66	-0	-0	-0	300	0	-203	-0	-0	-0	-0	300	0	200	-0
331	-205.6	800.02	-46.12	1471.09	0	-232.39	254.74	-0	-0	-0	2109	0	-203	-0	242.17	567.97	-0.68	890.42	0	-391.93	-973.29	-0	-0	-0	300	0	-203	-0	-0	-0	-0	300	0	200	-0
332	-216.85	829.16	-49.99	1474.31	0	-231.26	447.63	-0	-0	-0	2109	0	-203	-0	225.75	470.78	-7.47	889.88	0	-391.87	-774.02	-0	-0	-0	300	0	-203	-0	-0	-0	-0	300	0	200	-0
333	-222.8	855.17	-52.58	1476.18	0	-230.5	165.97	-0	-0	-0	2109	0	-203	-0	177.02	330.14	-11.67	891.14	0	-390.47	-811.2	-0	-0	-0	300	0	-203	-0	-0	-0	-0	300	0	200	-0
334	-226.17	883.68	-52.91	1478.16	0	-230.09	-66.31	-0	-0	-0	2109	0	-203	-0	135.75	238.92	-7.6	891.8	0	-390.18	-920.15	-0	-0	-0	300	0	-203	-0	-0	-0	-0	300	0	200	-0
335	-231.64	909.99	-53.41	1479.77	0	-230.49	-1159.43	-0	-0	-0	2109	0	-203	-0	89.46	174.3	-2.99	895.88	0	-391.13	-347.51	-0	-0	-0	300	0	-203	-0	-0	-0	-0	300	0	200	-0
336	-231	944.15	-51.16	1481.35	0	-229.73	-1942.6	-0	-0	-0	2109	0	-203	-0	60.27	122.17	-0.14	900.52	0	-391.94	-125.15	-0	-0	-0	300	0	-203	-0	-0	-0	-0	300	0	200	-0
337	-225.53	973.61	-48.43	1480.81	0	-229.71	-2481.19	-0	-0	-0	2109	0	-203	-0	37.2	92.85	1.76	908.35	0	-391.71	155	-0	-0	-0	300	0	-203	-0	-0	-0	-0	300	0	200	-0
338	-222.96	1002.75	-47.8	1481.85	0	-229.39	-2843.73	-0	-0	-0	2109	0	-203	-0	32.72	72.22	0.41	904.53	0	-390.4	57.17	-0	-0	-0	300	0	-203	-0	-0	-0	-0	300	0	200	-0
339	-216.54	1025.62	-50.7	1482.14	0	-229.56	-2669.95	-0	-0	-0	2109	0	-203	-0	22.13	54.3	-0.54	907.57	0	-390.81	-41.25	-0	-0	-0	300	0	-203	-0	0	0	0	300	0	200	0
340	-212.04	1043.49	-53.77	1482.81	0	-228.99	-2609.27	-0	-0	-0	2109	0	-203	-0	19.28	47.24	-0.41	910.59	0	-390.74	-253.25	-0	-0	-0	300	0	-203	-0	-0	-0	-0	300	0	200	-0
341	-206.73	1056.34	-56.35	1484.22	0	-227.9	-2210.03	-0	-0	-0	2109	0	-203	-0	16.56	45.07	1.63	910.34	0	-392.6	-208.62	-0	-0	-0	300	0	-203	-0	-0	-0	-0	300	0	200	-0
342	-200.46	1052.27	-60.72	1484.84	0	-227.58	-1836.32	-0	-0	-0	2109	0	-203	-0	9.1	34.75	1.36	904.59	0	-393.47	-391.34	-0	-0	-0	300	0	-203	-0	-0	-0	-0	300	0	200	-0
343	-197.57	1053.22	-59.75	1486.48	0	-226.91	-1621.08	-0	-0	-0	2109	0	-203	-0	1.76	24.43	2.31	912.03	0	-395.1	-213.77	-0	-0	-0	300	0	-203	-0	-0	-0	-0	300	0	200	-0
344	-193.71	1049.15	-62.02	1487.48	0	-226.07	-1682.01	-0	-0	-0	2109	0	-203	-0	-10.18	20.63	2.71	913.69	0	-398.99	-61.15	-0	-0	-0	300	0	-203	-0	-0	-0	-0	300	0	200	-0
345	-189.05	1046.65	-60.57	1488.13	0	-225.41	-1425.08	-0	-0	-0	2109	0	-203	-0	-0	-0	-0	903	0	-403	-0	-0	-0	-0	300	0	-203	-0	-0	-0	-0	300	0	200	-0
346	-186.16	1051.04	-60.26	1490	0	-224.37	-1775.31	-0	-0	-0	2109	0	-203	-0	-0	-0	-0	903	0	-403	-0	-0	-0	-0	300	0	-203	-0	-0	-0	-0	300	0	200	-0
347	-180.53	1043.83	-59.94	1490.69	0	-224.11	-1698.68	-0	-0	-0	2109	0	-203	-0	-0	-0	-0	903	0	-403	-0	-0	-0	-0	300	0	-203	-0	-0	-0	-0	300	0	200	-0
348	-177.64	1041.64	-58.81	1491.94	0	-223.34	-1545.77	-0	-0	-0	2109	0	-203	-0	-0	-0	-0	903	0	-403	-0	-0	-0	-0	300	0	-203	-0	-0	-0	-0	300	0	200	-0
349	-169.28	1037.57	-62.52	1493.17	0	-222.69	-1377.78	-0	-0	-0	2109	0	-203	-0	-0	-0	-0	903	0	-403	-0	-0	-0	-0	300	0	-203	-0	-0	-0	-0	300	0	200	-0
350	-162.37	1038.52	-63.82	1494.53	0	-221.61	-938.31	-0	-0	-0	2109	0	-203	-0	-0	-0	-0	903	0	-403	-0	-0	-0	-0	300	0	-203	-0	-0	-0	-0	300	0	200	-0
351	-154.34	1031.63	-67.06	1496.65	0	-220.72	-1069.48	-0	-0	-0	2109	0	-203	-0	-0	-0	-0	903	0	-403	-0	-0	-0	-0	300	0	-203	-0	-0	-0	-0	300	0	200	-0
352	-147.27	1020.99	-69.97	1497.87	0	-219.42	-917.67	-0	-0	-0	2109	0	-203	-0	-0	-0	-0	903	0	-403	-0	0	0	0	300	0	-203	0	-0	-0	-0	300	0	200	-0
353	-141.64	1007.52	-71.43	1499.96	0	-218.18	-944.54	-0	-0	-0	2109	0	-203	-0	-0	-0	-0	903	0	-403	-0	-0	-0	-0	300	0	-203	-0	-0	-0	-0	300	0	200	-0
354	-136.18	998.12	-74.03	1501.3	0	-217.16	-1093.61	-0	-0	-0	2109	0	-203	-0	-0	-0	-0	903	0	-403	-0	-0	-0	-0	300	0	-203	-0	-0	-0	-0	300	0	200	-0
355	-131.35	978.7	-74.84	1503.49	0	-215.57	-1164.53	-0	-0	-0	2109	0	-203	-0	-0	-0	-0	903	0	-403	-0	-0	-0	-0	300	0	-203	-0	-0	-0	-0	300	0	200	-0
356	-127.5	963.35	-74.69	1506.44	0	-214.08	-1308.58	-0	-0	-0	2109	0	-203	-0	0	0	0	903	0	-403	0	-0	-0	-0	300	0	-203	-0	-0	-0	-0	300	0	200	-0
357	-124.44	944.56	-76.79	1509.13	0	-212.26	-1104.51	-0	-0	-0	2109	0	-203	-0	-0	-0	-0	903	0	-403	-0	-0	-0	-0	300	0	-203	-0	0	0	0	300	0	200	0
358	-121.55	924.5	-74.37	1512.47	0	-211.12	-745.3	-0	-0	-0	2109	0	-203	-0	-0	-0	-0	903	0	-403	-0	-0	-0	-0	300	0	-203	-0	0	0	0	300	0	200	0
359	-118.65	901.31	-74.85	1515.99	0	-209.69	-569.02	-0	-0	-0	2109	0	-203	-0	-0	-0	-0	903	0	-403	-0	-0	-0	-0	300	0	-203	-0	-0	-0	-0	300	0	200	-0
360	-115.6	884.71	-74.69	1519.68	0	-207.98	-225.55	-0	-0	-0	2109	0	-203	-0	-0	-0	-0	903	0	-403	-0	-0	-0	-0	300	0	-203	-0	-0	-0	-0	300	0	200	-0
361	-114.47	867.16	-72.91	1522.91	0	-206.42	57.83	-0	-0	-0	2109	0	-203	-0	-0	-0	-0	903	0	-403	-0	-0	-0	-0	300	0	-203	-0	-0	-0	-0	300	0	200	-0
362	-111.42	846.8	-72.27	1526.23	0	-204.2	156.41	-0	-0	-0	2109	0	-203	-0	-0	-0	-0	903	0	-403	-0	-0	-0	-0	300	0	-203	-0	-0	-0	-0	300	0	200	-0
363	-105.47	828.63	-71.64	1529.29	0	-202.38	-127.83	-0	-0	-0	2109	0	-203	-0	-0	-0	-0	903	0	-403	-0	-0	-0	-0	300	0	-203	-0	-0	-0	-0	300	0	200	-0
364	-101.13	808.57	-71.01	1533.23	0	-200.75	-327.45	-0	-0	-0	2109	0	-203	-0	-0	-0	-0	903	0	-403	-0	-0	-0	-0	300	0	-203	-0	-0	-0	-0	300	0	200	-0
365	-98.56	790.71	-69.25	1535.51	0	-199.5	-648.83	-0	-0	-0	2109	0	-203	-0	-0	-0	-0	903	0	-403	-0	-0	-0	-0	300	0	-203	-0	-0	-0	-0	300	0	200	-0
366	-94.38	778.81	-69.25	1539.6	0	-197.23	-320.16	-0	-0	-0	2109	0	-203	-0	-0	-0	-0	903	0	-403	-0	-0	-0	-0	300	0	-203	-0	-0	-0	-0	300	0	200	-0
367	-90.68	758.12	-68.62	1543.4	0	-196.14	-799.34	-0	-0	-0	2109	0	-203	-0	-0	-0	-0	903	0	-403	-0	-0	-0	-0	300	0	-203	-0	-0	-0	-0	300	0	200	-0
368	-88.75	743.4	-68.62	1547.22	0	-194.44	-705.61	-0	-0	-0	2109	0	-203	-0	-0	-0	-0	903	0	-403	-0	-0	-0	-0	300	0	-203	-0	-0	-0	-0	300	0	200	-0
369	-85.53	723.65	-69.76	1551.94	0	-193.09	-834.84	-0	-0	-0	2109	0	-203	-0	-0	-0	-0	903	0	-403	-0	-0	-0	-0	300	0	-203	-0	-0	-0	-0	300	0	200	-0
370	-83.12	706.11	-69.77	1555.2	0	-190.5	-673.79	-0	-0	-0	2109	0	-203	-0	-0	-0	-0	903	0	-403	-0	-0	-0	-0	300	0	-203	-0	-0	-0	-0	300	0	200	-0
371	-80.39	700.79	-70.58	1558.36	0	-189.12	-874.13	-0	-0	-0	2109	0	-203	-0	-0	-0	-0	903	0	-403	-0	-0	-0	-0	300	0	-203	-0	-0	-0	-0	300	0	200	-0
372	-77.01	682.93	-68.33	1560.79	0	-187.78	-1091.09	-0	-0	-0	2109	0	-203	-0	-0	-0	-0	903	0	-403	-0	-0	-0	-0	300	0	-203	-0	-0	-0	-0	300	0	200	-0
373	-72.67	672.28	-67.69	1564.03	0	-186.04	-1000.98	-0	-0	-0	2109	0	-203	-0	0	0	0	903	0	-403	0	-0	-0	-0	300	0	-203	-0	-0	-0	-0	300	0	200	-0
374	-71.23	660.06	-66.57	1566.82	0	-184.68	-1319.51	-0	-0	-0	2109	0	-203	-0	-0	-0	-0	903	0	-403	-0	-0	-0	-0	300	0	-203	-0	-0	-0	-0	300	0	200	-0
375	-68.33	648.77	-65.27	1570.03	0	-183.92	-1076.61	-0	-0	-0	2109	0	-203	-0	-0	-0	-0	903	0	-403	-0	-0	-0	-0	300	0	-203	-0	-0	-0	-0	300	0	200	-0
376	-67.05	641.56	-62.21	1572.51	0	-183.42	-1248.45	-0	-0	-0	2109	0	-203	-0	-0	-0	-0	903	0	-403	-0	-0	-0	-0	300	0	-203	-0	0	0	0	300	0	200	0
377	-64.96	631.84	-61.4	1575.18	0	-182.76	-969.87	-0	-0	-0	2109	0	-203	-0	-0	-0	-0	903	0	-403	-0	-0	-0	-0	300	0	-203	-0	-0	-0	-0	300	0	200	-0
378	-62.71	629.33	-59.95	1577.42	0	-182.33	-911.13	-0	-0	-0	2109	0	-203	-0	-0	-0	-0	903	0	-403	-0	-0	-0	-0	300	0	-203	-0	-0	-0	-0	300	0	200	-0
379	-61.74	623.06	-59.79	1579.02	0	-181.75	-857.07	-0	-0	-0	2109	0	-203	-0	-0	-0	-0	903	0	-403	-0	-0	-0	-0	300	0	-203	-0	0	0	0	300	0	200	0
380	-62.06	616.79	-58.17	1581.57	0	-181.53	-530.75	-0	-0	-0	2109	0	-203	-0	-0	-0	-0	903	0	-403	-0	-0	-0	-0	300	0	-203	-0	-0	-0	-0	300	0	200	-0
381	-60.13	617.74	-58.34	1582.31	0	-180.66	-646.7	-0	-0	-0	2109	0	-203	-0	-0	-0	-0	903	0	-403	-0	-0	-0	-0	300	0	-203	-0	-0	-0	-0	300	0	200	-0
382	-59.33	613.35	-56.89	1582.31	0	-180.51	-750.24	-0	-0	-0	2109	0	-203	-0	-0	-0	-0	903	0	-403	-0	-0	-0	-0	300	0	-203	-0	-0	-0	-0	300	0	200	-0
383	-58.37	608.02	-55.92	1583.99	0	-180.3	-675.03	-0	-0	-0	2109	0	-203	-0	-0	-0	-0	903	0	-403	-0	-0	-0	-0	300	0	-203	-0	-0	-0	-0	300	0	200	-0
384	-56.28	607.08	-54.79	1585.2	0	-180.11	-534.22	-0	-0	-0	2109	0	-203	-0	-0	-0	-0	903	0	-403	-0	-0	-0	-0	300	0	-203	-0	-0	-0	-0	300	0	200	-0
385	-52.9	606.13	-54.3	1585.69	0	-180.6	-482.38	-0	-0	-0	2109	0	-203	-0	-0	-0	-0	903	0	-403	-0	-0	-0	-0	300	0	-203	-0	-0	-0	-0	300	0	200	-0
386	-50.33	606.14	-54.14	1585.49	0	-180.09	-343.09	-0	-0	-0	2109	0	-203	-0	-0	-0	-0	903	0	-403	-0	-0	-0	-0	300	0	-203	-0	-0	-0	-0	300	0	200	-0
387	-46.63	603	-54.78	1586.61	0	-180.27	-65.07	-0	-0	-0	2109	0	-203	-0	0	0	0	903	0	-403	0	-0	-0	-0	300	0	-203	-0	-0	-0	-0	300	0	200	-0
388	-43.26	599.55	-53.64	1587.24	0	-180.24	304.57	-0	-0	-0	2109	0	-203	-0	-0	-0	-0	903	0	-403	-0	-0	-0	-0	300	0	-203	-0	-0	-0	-0	300	0	200	-0
389	-39.08	592.66	-53.17	1588.53	0	-179.68	-179.03	-0	-0	-0	2109	0	-203	-0	0	0	0	903	0	-403	0	-0	-0	-0	300	0	-203	-0	-0	-0	-0	300	0	200	-0
390	-36.18	593.61	-53.97	1586.62	0	-179.6	95.81	-0	-0	-0	2109	0	-203	-0	-0	-0	-0	903	0	-403	-0	0	0	0	300	0	-203	0	-0	-0	-0	300	0	200	-0
391	-33.13	590.47	-54.94	1588.15	0	-179.93	-14.59	-0	-0	-0	2109	0	-203	-0	-0	-0	-0	903	0	-403	-0	-0	-0	-0	300	0	-203	-0	-0	-0	-0	300	0	200	-0
392	-29.11	589.22	-53.5	1586.95	0	-179.26	-200.25	-0	-0	-0	2109	0	-203	-0	-0	-0	-0	903	0	-403	-0	-0	-0	-0	300	0	-203	-0	-0	-0	-0	300	0	200	-0
393	-27.83	587.03	-53	1587.89	0	-179.06	377.79	-0	-0	-0	2109	0	-203	-0	-0	-0	-0	903	0	-403	-0	-0	-0	-0	300	0	-203	-0	-0	-0	-0	300	0	200	-0
394	-23.97	586.08	-54.29	1588.02	0	-179.32	268.76	-0	-0	-0	2109	0	-203	-0	-0	-0	-0	903	0	-403	-0	-0	-0	-0	300	0	-203	-0	-0	-0	-0	300	0	200	-0
395	-21.4	582.33	-56.72	1587.9	0	-179.24	162.2	-0	-0	-0	2109	0	-203	-0	-0	-0	-0	903	0	-403	-0	-0	-0	-0	300	0	-203	-0	-0	-0	-0	300	0	200	-0
396	-19.95	585.15	-57.51	1588.37	0	-179.23	628.01	-0	-0	-0	2109	0	-203	-0	-0	-0	-0	903	0	-403	-0	-0	-0	-0	300	0	-203	-0	-0	-0	-0	300	0	200	-0
397	-16.57	578.25	-58	1589.64	0	-178.99	411.53	-0	-0	-0	2109	0	-203	-0	-0	-0	-0	903	0	-403	-0	-0	-0	-0	300	0	-203	-0	-0	-0	-0	300	0	200	-0
398	-14.32	579.2	-58.81	1589.79	0	-178.12	620.93	-0	-0	-0	2109	0	-203	-0	0	0	0	903	0	-403	0	-0	-0	-0	300	0	-203	-0	-0	-0	-0	300	0	200	-0
399	-10.95	578.57	-61.87	1589.73	0	-178.74	364.22	-0	-0	-0	2109	0	-203	-0	-0	-0	-0	903	0	-403	-0	-0	-0	-0	300	0	-203	-0	-0	-0	-0	300	0	200	-0
400	-10.47	580.46	-61.23	1587.99	0	-178.76	533.03	-0	-0	-0	2109	0	-203	-0	-0	-0	-0	903	0	-403	-0	-0	-0	-0	300	0	-203	-0	0	0	0	300	0	200	0
401	-8.86	579.83	-61.22	1589.29	0	-178.48	765.38	-0	-0	-0	2109	0	-203	-0	-0	-0	-0	903	0	-403	-0	-0	-0	-0	300	0	-203	-0	-0	-0	-0	300	0	200	-0
402	-6.61	578.57	-63.32	1589.01	0	-179.25	513.79	-0	-0	-0	2109	0	-203	-0	-0	-0	-0	903	0	-403	-0	-0	-0	-0	300	0	-203	-0	-0	-0	-0	300	0	200	-0
403	-3.72	586.72	-63.63	1587.66	0	-179.09	1034.29	-0	-0	-0	2109	0	-203	-0	-0	-0	-0	903	0	-403	-0	-0	-0	-0	300	0	-203	-0	-0	-0	-0	300	0	200	-0
404	-0.5	586.09	-63.15	1588.87	0	-179.02	914.17	-0	-0	-0	2109	0	-203	-0	-0	-0	-0	903	0	-403	-0	-0	-0	-0	300	0	-203	-0	-0	-0	-0	300	0	200	-0
405	1.11	583.59	-64.76	1590.22	0	-178.92	1155.42	-0	-0	-0	2109	0	-203	-0	-0	-0	-0	903	0	-403	-0	0	0	0	300	0	-203	0	-0	-0	-0	300	0	200	-0
406	2.55	590.8	-65.24	1588.99	0	-178.68	1404.76	-0	-0	-0	2109	0	-203	-0	-0	-0	-0	903	0	-403	-0	-0	-0	-0	300	0	-203	-0	-0	-0	-0	300	0	200	-0
407	5.29	594.56	-67.34	1589.95	0	-178.88	1213.63	-0	-0	-0	2109	0	-203	-0	-0	-0	-0	903	0	-403	-0	-0	-0	-0	300	0	-203	-0	-0	-0	-0	300	0	200	-0
408	7.7	597.69	-67.17	1590.12	0	-179.12	1521	-0	-0	-0	2109	0	-203	-0	-0	-0	-0	903	0	-403	-0	-0	-0	-0	300	0	-203	-0	-0	-0	-0	300	0	200	-0
409	10.11	600.52	-69.91	1589.81	0	-178.38	1372.78	-0	-0	-0	2109	0	-203	-0	-0	-0	-0	903	0	-403	-0	-0	-0	-0	300	0	-203	-0	-0	-0	-0	300	0	200	-0
410	11.23	609.91	-69.27	1589.43	0	-179.82	1654.66	-0	-0	-0	2109	0	-203	-0	-0	-0	-0	903	0	-403	-0	-0	-0	-0	300	0	-203	-0	-0	-0	-0	300	0	200	-0
411	12.68	608.66	-69.27	1590.33	0	-178.78	1513.88	-0	-0	-0	2109	0	-203	-0	-0	-0	-0	903	0	-403	-0	-0	-0	-0	300	0	-203	-0	0	0	0	300	0	200	0
412	15.73	617.43	-70.39	1590.18	0	-179.7	1730.08	-0	-0	-0	2109	0	-203	-0	-0	-0	-0	903	0	-403	-0	-0	-0	-0	300	0	-203	-0	-0	-0	-0	300	0	200	-0
413	18.47	622.76	-71.68	1589.77	0	-179.94	1557.25	-0	-0	-0	2109	0	-203	-0	-0	-0	-0	903	0	-403	-0	-0	-0	-0	300	0	-203	-0	-0	-0	-0	300	0	200	-0
414	21.04	633.42	-70.55	1589.74	0	-180	1965.61	-0	-0	-0	2109	0	-203	-0	-0	-0	-0	903	0	-403	-0	-0	-0	-0	300	0	-203	-0	-0	-0	-0	300	0	200	-0
415	24.9	640.31	-72.16	1589.13	0	-180.95	1859.38	-0	-0	-0	2109	0	-203	-0	-0	-0	-0	903	0	-403	-0	-0	-0	-0	300	0	-203	-0	-0	-0	-0	300	0	200	-0
416	30.2	655.03	-69.41	1589.27	0	-180.84	2180.04	-0	-0	-0	2109	0	-203	-0	-0	-0	-0	903	0	-403	-0	-0	-0	-0	300	0	-203	-0	-0	-0	-0	300	0	200	-0
417	33.9	659.11	-69.89	1589.69	0	-180.95	2535.25	-0	-0	-0	2109	0	-203	-0	-0	-0	-0	903	0	-403	-0	-0	-0	-0	300	0	-203	-0	-0	-0	-0	300	0	200	-0
418	38.88	674.77	-70.86	1589.21	0	-181.53	2585.99	-0	-0	-0	2109	0	-203	-0	0	0	0	903	0	-403	0	-0	-0	-0	300	0	-203	-0	-0	-0	-0	300	0	200	-0
419	41.77	682.61	-70.54	1589.84	0	-181.04	2486.52	-0	-0	-0	2109	0	-203	-0	-0	-0	-0	903	0	-403	-0	-0	-0	-0	300	0	-203	-0	-0	-0	-0	300	0	200	-0
420	46.59	697.03	-70.69	1589.15	0	-181.18	2957.12	-0	-0	-0	2109	0	-203	-0	-0	-0	-0	903	0	-403	-0	-0	-0	-0	300	0	-203	-0	-0	-0	-0	300	0	200	-0
421	48.04	709.87	-70.21	1589.25	0	-182.01	2922.4	-0	-0	-0	2109	0	-203	-0	-0	-0	-0	903	0	-403	-0	0	0	0	300	0	-203	0	-0	-0	-0	300	0	200	-0
422	51.74	719.9	-70.05	1589.2	0	-181.56	3082.88	-0	-0	-0	2109	0	-203	-0	0	0	0	903	0	-403	0	-0	-0	-0	300	0	-203	-0	-0	-0	-0	300	0	200	-0
423	56.72	729.92	-70.69	1589.24	0	-182.41	3089.83	-0	-0	-0	2109	0	-203	-0	-0	-0	-0	903	0	-403	-0	-0	-0	-0	300	0	-203	-0	-0	-0	-0	300	0	200	-0
424	60.1	746.23	-70.21	1588.65	0	-182.12	3085.11	-0	-0	-0	2109	0	-203	-0	-0	-0	-0	903	0	-403	-0	-0	-0	-0	300	0	-203	-0	-0	-0	-0	300	0	200	-0
425	63.15	761.26	-69.4	1589.01	0	-182.97	3375.51	-0	-0	-0	2109	0	-203	-0	-0	-0	-0	903	0	-403	-0	-0	-0	-0	300	0	-203	-0	-0	-0	-0	300	0	200	-0
426	65.24	771.91	-69.56	1588.48	0	-183.74	3858.39	-0	-0	-0	2109	0	-203	-0	-0	-0	-0	903	0	-403	-0	-0	-0	-0	300	0	-203	-0	-0	-0	-0	300	0	200	-0
427	68.13	780.36	-67.62	1589.61	0	-184.07	4155.69	-0	-0	-0	2109	0	-203	-0	-0	-0	-0	903	0	-403	-0	-0	-0	-0	300	0	-203	-0	0	0	0	300	0	200	0
428	74.56	798.22	-64.88	1588.68	0	-184.94	4256.65	-0	-0	-0	2109	0	-203	-0	-0	-0	-0	903	0	-403	-0	-0	-0	-0	300	0	-203	-0	-0	-0	-0	300	0	200	-0
429	79.38	806.05	-63.58	1589.48	0	-185.27	4768.08	-0	-0	-0	2109	0	-203	-0	-0	-0	-0	903	0	-403	-0	-0	-0	-0	300	0	-203	-0	-0	-0	-0	300	0	200	-0
430	85.01	826.42	-63.42	1589.19	0	-185.19	4746.05	-0	-0	-0	2109	0	-203	-0	-0	-0	-0	903	0	-403	-0	-0	-0	-0	300	0	-203	-0	0	0	0	300	0	200	0
431	90.47	835.82	-64.71	1589.61	0	-185.82	4892.11	-0	-0	-0	2109	0	-203	-0	-0	-0	-0	903	0	-403	-0	-0	-0	-0	300	0	-203	-0	-0	-0	-0	300	0	200	-0
432	90.47	853.37	-66	1589.36	0	-185.63	4973.53	-0	-0	-0	2109	0	-203	-0	-0	-0	-0	903	0	-403	-0	-0	-0	-0	300	0	-203	-0	-0	-0	-0	300	0	200	-0
433	91.6	865.58	-64.21	1589.91	0	-186.25	5694.78	-0	-0	-0	2109	0	-203	-0	-0	-0	-0	903	0	-403	-0	-0	-0	-0	300	0	-203	-0	-0	-0	-0	300	0	200	-0
434	93.69	873.09	-61.81	1590.3	0	-186.78	5307.63	-0	-0	-0	2109	0	-203	-0	-0	-0	-0	903	0	-403	-0	-0	-0	-0	300	0	-203	-0	-0	-0	-0	300	0	200	-0
435	99.47	890.33	-61.65	1589.76	0	-186.95	5337.66	-0	-0	-0	2109	0	-203	-0	-0	-0	-0	903	0	-403	-0	-0	-0	-0	300	0	-203	-0	0	0	0	300	0	200	0
436	104.62	899.72	-58.1	1589.57	0	-187.6	5866.2	-0	-0	-0	2109	0	-203	-0	-0	-0	-0	903	0	-403	-0	-0	-0	-0	300	0	-203	-0	-0	-0	-0	300	0	200	-0
437	112.49	913.2	-59.55	1589.78	0	-187.86	5651.16	-0	-0	-0	2109	0	-203	-0	-0	-0	-0	903	0	-403	-0	-0	-0	-0	300	0	-203	-0	0	0	0	300	0	200	0
438	119.56	921.96	-57.94	1589.89	0	-188.41	5985.46	-0	-0	-0	2109	0	-203	-0	-0	-0	-0	903	0	-403	-0	-0	-0	-0	300	0	-203	-0	-0	-0	-0	300	0	200	-0
439	123.58	936.37	-56.16	1590.68	0	-188.86	6153.65	-0	-0	-0	2109	0	-203	-0	-0	-0	-0	903	0	-403	-0	-0	-0	-0	300	0	-203	-0	-0	-0	-0	300	0	200	-0
440	125.35	943.57	-54.88	1590.85	0	-189.26	6053.04	-0	-0	-0	2109	0	-203	-0	-0	-0	-0	903	0	-403	-0	-0	-0	-0	300	0	-203	-0	-0	-0	-0	300	0	200	-0
441	132.1	953.29	-53.58	1591.18	0	-189.05	6452.7	-0	-0	-0	2109	0	-203	-0	-0	-0	-0	903	0	-403	-0	-0	-0	-0	300	0	-203	-0	-0	-0	-0	300	0	200	-0
442	135.8	965.81	-52.13	1591.04	0	-189.94	6951.11	-0	-0	-0	2109	0	-203	-0	-0	-0	-0	903	0	-403	-0	-0	-0	-0	300	0	-203	-0	-0	-0	-0	300	0	200	-0
443	138.37	976.78	-55.51	1590.4	0	-190.06	6890.51	-0	-0	-0	2109	0	-203	-0	-0	-0	-0	903	0	-403	-0	-0	-0	-0	300	0	-203	-0	-0	-0	-0	300	0	200	-0
444	144.8	979.29	-54.22	1591.01	0	-189.8	7039.98	-0	-0	-0	2109	0	-203	-0	0	0	0	903	0	-403	0	-0	-0	-0	300	0	-203	-0	-0	-0	-0	300	0	200	-0
445	153.64	984.61	-52.29	1591.17	0	-190.19	7057.78	-0	-0	-0	2109	0	-203	-0	-0	-0	-0	903	0	-403	-0	-0	-0	-0	300	0	-203	-0	-0	-0	-0	300	0	200	-0
446	154.76	993.7	-55.04	1591.14	0	-190.25	6636.75	-0	-0	-0	2109	0	-203	-0	-0	-0	-0	903	0	-403	-0	-0	-0	-0	300	0	-203	-0	-0	-0	-0	300	0	200	-0
447	161.51	989.62	-55.53	1591.63	0	-190.49	6229.56	-0	-0	-0	2109	0	-203	-0	-0	-0	-0	903	0	-403	-0	-0	-0	-0	300	0	-203	-0	-0	-0	-0	300	0	200	-0
448	167.14	992.75	-51.66	1592.13	0	-190.8	6642.84	-0	-0	-0	2109	0	-203	-0	-0	-0	-0	903	0	-403	-0	-0	-0	-0	300	0	-203	-0	-0	-0	-0	300	0	200	-0
449	173.89	991.19	-53.92	1591.9	0	-190.85	6152.97	-0	-0	-0	2109	0	-203	-0	-0	-0	-0	903	0	-403	-0	-0	-0	-0	300	0	-203	-0	0	0	0	300	0	200	0
450	178.87	990.87	-51.83	1592.36	0	-191.16	6190.91	-0	-0	-0	2109	0	-203	-0	0	0	0	903	0	-403	0	-0	-0	-0	300	0	-203	-0	0	0	0	300	0	200	0
451	182.73	988.36	-52.79	1593.02	0	-191.03	6104.59	-0	-0	-0	2109	0	-203	-0	-0	-0	-0	903	0	-403	-0	-0	-0	-0	300	0	-203	-0	-0	-0	-0	300	0	200	-0
452	187.06	987.11	-54.08	1592.71	0	-191.38	6132.22	-0	-0	-0	2109	0	-203	-0	-0	-0	-0	903	0	-403	-0	-0	-0	-0	300	0	-203	-0	-0	-0	-0	300	0	200	-0
453	194.78	974.26	-54.08	1593.52	0	-191.58	6114.2	-0	-0	-0	2109	0	-203	-0	-0	-0	-0	903	0	-403	-0	-0	-0	-0	300	0	-203	-0	-0	-0	-0	300	0	200	-0
454	199.6	966.43	-56.5	1593.63	0	-191.57	5946.49	-0	-0	-0	2109	0	-203	-0	-0	-0	-0	903	0	-403	-0	-0	-0	-0	300	0	-203	-0	-0	-0	-0	300	0	200	-0
455	204.26	952.01	-56.18	1594.41	0	-191.3	5598.54	-0	-0	-0	2109	0	-203	-0	-0	-0	-0	903	0	-403	-0	-0	-0	-0	300	0	-203	-0	0	0	0	300	0	200	0
456	205.54	945.12	-56.83	1594.45	0	-191.17	5289.67	-6.08	24.12	-6.89	2146.35	0	-349.16	-138.78	-0	-0	-0	903	0	-403	-0	-0	-0	-0	300	0	-203	-0	-0	-0	-0	300	0	200	-0
457	209.24	932.59	-57.31	1594.89	0	-190.8	5049.03	-12.95	81.12	-13.13	2145.47	0	-353.91	46.71	0	0	0	903	0	-403	0	-0	-0	-0	300	0	-203	-0	-0	-0	-0	300	0	200	-0
458	210.2	914.1	-59.09	1595.72	0	-190.93	4606.63	-29.89	254.96	-25.46	2145.25	0	-345.17	502.2	-0	-0	-0	903	0	-403	-0	-0	-0	-0	300	0	-203	-0	0	0	0	300	0	200	0
459	218.08	897.81	-58.11	1596.09	0	-190.5	4684.2	-32.13	421.9	-37.14	2145.4	0	-344.31	893.9	-0	-0	-0	903	0	-403	-0	-0	-0	-0	300	0	-203	-0	-0	-0	-0	300	0	200	-0
460	222.74	880.58	-58.93	1596.05	0	-190.43	3740.54	-31.65	465.43	-51.21	2147.57	0	-343.12	426.49	-0	-0	-0	903	0	-403	-0	-0	-0	-0	300	0	-203	-0	-0	-0	-0	300	0	200	-0
461	221.29	865.23	-59.73	1595.9	0	-190.64	3754.67	-32.61	448.82	-61.29	2149.3	0	-341.43	681.09	-0	-0	-0	903	0	-403	-0	-0	-0	-0	300	0	-203	-0	-0	-0	-0	300	0	200	-0
462	223.38	837.33	-57.96	1597.45	0	-190.72	3741.24	-35.32	438.17	-65.45	2150.26	0	-341.31	802.69	-0	-0	-0	903	0	-403	-0	-0	-0	-0	300	0	-203	-0	0	0	0	300	0	200	0
463	221.93	813.52	-58.93	1597.58	0	-190.33	3323.22	-41.08	464.17	-66.26	2150.74	0	-340.2	659.25	-0	-0	-0	903	0	-403	-0	-0	-0	-0	300	0	-203	-0	-0	-0	-0	300	0	200	-0
464	218.23	791.9	-59.26	1598.2	0	-190.34	2859.57	-49.07	501.45	-61.3	2153.25	0	-341.45	313.1	-0	-0	-0	903	0	-403	-0	-0	-0	-0	300	0	-203	-0	-0	-0	-0	300	0	200	-0
465	220	753.98	-57.17	1600.04	0	-190.23	2772.33	-59.45	543.74	-55.87	2153.16	0	-342.02	470.71	-0	-0	-0	903	0	-403	-0	-0	-0	-0	300	0	-203	-0	-0	-0	-0	300	0	200	-0
466	219.36	726.09	-55.25	1600.25	0	-190.5	2557.97	-73.04	572.88	-50.77	2156.02	0	-342.72	418.14	-0	-0	-0	903	0	-403	-0	-0	-0	-0	300	0	-203	-0	-0	-0	-0	300	0	200	-0
467	218.56	691	-54.3	1600.82	0	-189.91	1937.53	-88.22	588.23	-44.23	2158.13	0	-343.58	668.86	0	0	0	903	0	-403	0	-0	-0	-0	300	0	-203	-0	-0	-0	-0	300	0	200	-0
468	212.45	657.78	-52.55	1602.12	0	-189.82	1585.92	-101.65	590.12	-34.64	2160.28	0	-344.01	651.73	-0	-0	-0	903	0	-403	-0	-0	-0	-0	300	0	-203	-0	0	0	0	300	0	200	0
469	206.67	621.43	-52.56	1601.85	0	-189.79	1278.99	-110.75	577.29	-24.26	2161.64	0	-345.3	831.62	-0	-0	-0	903	0	-403	-0	-0	-0	-0	300	0	-203	-0	-0	-0	-0	300	0	200	-0
470	201.85	585.71	-49.84	1602.6	0	-189.54	1111.01	-117.95	563.52	-13.87	2163.65	0	-345.9	1096.86	-0	-0	-0	903	0	-403	-0	-0	-0	-0	300	0	-203	-0	-0	-0	-0	300	0	200	-0
471	200.4	545.6	-47.28	1602.92	0	-189.57	617.55	-120.82	553.81	-6.51	2164.7	0	-347.56	1171.3	-0	-0	-0	903	0	-403	-0	-0	-0	-0	300	0	-203	-0	-0	-0	-0	300	0	200	-0
472	193.17	511.13	-44.08	1602.17	0	-190.29	69.19	-124.66	553.19	-0.12	2165.56	0	-347.3	1462.48	-0	-0	-0	903	0	-403	-0	-0	-0	-0	300	0	-203	-0	0	0	0	300	0	200	0
473	188.03	462.87	-39.09	1603.55	0	-190.25	60.35	-128.97	557.9	3.4	2166.62	0	-348.54	1462.65	-0	-0	-0	903	0	-403	-0	-0	-0	-0	300	0	-203	-0	-0	-0	-0	300	0	200	-0
474	180.64	420.24	-31.37	1604.55	0	-191.14	36.56	-137.28	576.08	10.11	2168.68	0	-349.78	1484.55	-0	-0	-0	903	0	-403	-0	-0	-0	-0	300	0	-203	-0	-0	-0	-0	300	0	200	-0
475	170.51	377.31	-26.07	1604.36	0	-192.82	-44.08	-145.43	601.47	14.74	2170.83	0	-351.65	1422.12	-0	-0	-0	903	0	-403	-0	-0	-0	-0	300	0	-203	-0	-0	-0	-0	300	0	200	-0
476	159.74	330.3	-20.92	1603.53	0	-192.47	-113.35	-157.73	634.05	19.05	2172.26	0	-351.15	1663.12	-0	-0	-0	903	0	-403	-0	-0	-0	-0	300	0	-203	-0	0	0	0	300	0	200	0
477	145.44	284.23	-14.97	1607.46	0	-193.35	-326.19	-168.44	667.88	19.04	2174.3	0	-351.08	1898.43	-0	-0	-0	903	0	-403	-0	-0	-0	-0	300	0	-203	-0	-0	-0	-0	300	0	200	-0
478	127.92	242.24	-9.01	1608.14	0	-194.25	-133.65	-177.23	696.71	18.87	2176.57	0	-351.44	1907.42	-0	-0	-0	903	0	-403	-0	-0	-0	-0	300	0	-203	-0	-0	-0	-0	300	0	200	-0
479	109.76	199.62	-2.73	1608.65	0	-191.66	-528.67	-186.02	720.84	18.06	2179.2	0	-352.1	1853.12	-0	-0	-0	903	0	-403	-0	-0	-0	-0	300	0	-203	-0	-0	-0	-0	300	0	200	-0
480	91.6	155.13	-0.32	1610.68	0	-192.07	-849.33	-194.17	742.14	17.58	2182.23	0	-352.31	1779.67	-0	-0	-0	903	0	-403	-0	-0	-0	-0	300	0	-203	-0	-0	-0	-0	300	0	200	-0
481	69.9	120.02	3.23	1615.94	0	-193.13	-565.23	-201.37	768.77	20.77	2182.75	0	-351.19	1883.44	-0	-0	-0	903	0	-403	-0	-0	-0	-0	300	0	-203	-0	-0	-0	-0	300	0	200	-0
482	52.55	89.63	4.68	1618.08	0	-193.67	-72.43	-203.44	780.68	19.64	2185.19	0	-352.27	2011.69	-0	-0	-0	903	0	-403	-0	-0	-0	-0	300	0	-203	-0	-0	-0	-0	300	0	200	-0
483	39.85	64.56	5	1619.18	0	-192.2	-172.5	-203.6	793.85	17.24	2186.92	0	-351.93	2224.53	-0	-0	-0	903	0	-403	-0	-0	-0	-0	300	0	-203	-0	-0	-0	-0	300	0	200	-0
484	30.69	45.76	4.36	1620.48	0	-188.49	-42.69	-203.6	810.76	16.76	2188.54	0	-351.82	2409.75	-0	-0	-0	903	0	-403	-0	-0	-0	-0	300	0	-203	-0	-0	-0	-0	300	0	200	-0
485	18.32	29.76	1.94	1689.47	0	-206.13	494.84	-200.73	819.55	14.04	2190	0	-352.95	2435.14	-0	-0	-0	903	0	-403	-0	-0	-0	-0	300	0	-203	-0	-0	-0	-0	300	0	200	-0
486	5.95	28.84	0.98	1624.77	0	-185.66	408.79	-196.25	838.34	12.6	2190.98	0	-351.83	2935.97	-0	-0	-0	903	0	-403	-0	-0	-0	-0	300	0	-203	-0	-0	-0	-0	300	0	200	-0
487	1.45	20.06	-2.09	1678.46	0	-189.2	211.15	-192.26	845.55	9.4	2192.36	0	-352.91	3041.42	-0	-0	-0	903	0	-403	-0	-0	-0	-0	300	0	-203	-0	-0	-0	-0	300	0	200	-0
488	-2.57	20.06	-4.35	1643.77	0	-194.58	377.62	-189.06	865.6	10.2	2193.07	0	-351.92	3277.79	-0	-0	-0	903	0	-403	-0	-0	-0	-0	300	0	-203	-0	-0	-0	-0	300	0	200	-0
489	-0	-0	-0	1506	0	-203	-0	-183.63	873.44	9.88	2194.13	0	-352.62	3571.03	0	0	0	903	0	-403	0	-0	-0	-0	300	0	-203	-0	-0	-0	-0	300	0	200	-0
490	-0	-0	-0	1506	0	-203	-0	-178.35	880.96	12.92	2194.54	0	-352.88	3962.69	0	0	0	903	0	-403	0	-0	-0	-0	300	0	-203	-0	-0	-0	-0	300	0	200	-0
491	-0	-0	-0	1506	0	-203	-0	-174.36	886.91	15.65	2195.24	0	-352.45	3729.01	0	0	0	903	0	-403	0	-0	-0	-0	300	0	-203	-0	0	0	0	300	0	200	0
492	-0	-0	-0	1506	0	-203	-0	-170.21	889.74	18.69	2195.97	0	-352.53	3811.91	-0	-0	-0	903	0	-403	-0	-0	-0	-0	300	0	-203	-0	-0	-0	-0	300	0	200	-0
493	-0	-0	-0	1506	0	-203	-0	-164.61	884.73	21.25	2197.47	0	-353.24	4012.46	-0	-0	-0	903	0	-403	-0	-0	-0	-0	300	0	-203	-0	-0	-0	-0	300	0	200	-0
494	-0	-0	-0	1506	0	-203	-0	-159.02	885.36	21.42	2198.14	0	-353.29	3658.55	-0	-0	-0	903	0	-403	-0	-0	-0	-0	300	0	-203	-0	-0	-0	-0	300	0	200	-0
495	-0	-0	-0	1506	0	-203	-0	-152.63	878.47	22.06	2198.47	0	-353.92	3782.48	-0	-0	-0	903	0	-403	-0	-0	-0	-0	300	0	-203	-0	0	0	0	300	0	200	0
496	-0	-0	-0	1506	0	-203	-0	-148.63	875.66	21.42	2199.62	0	-353.71	3636.24	-0	-0	-0	903	0	-403	-0	-0	-0	-0	300	0	-203	-0	-0	-0	-0	300	0	200	-0
497	-0	-0	-0	1506	0	-203	-0	-142.88	869.08	18.23	2200.55	0	-354.12	3470.85	-0	-0	-0	903	0	-403	-0	-0	-0	-0	300	0	-203	-0	-0	-0	-0	300	0	200	-0
498	-0	-0	-0	1506	0	-203	-0	-139.68	859.69	16.31	2201.88	0	-354.48	3188.04	-0	-0	-0	903	0	-403	-0	-0	-0	-0	300	0	-203	-0	0	0	0	300	0	200	0
499	-0	-0	-0	1506	0	-203	-0	-134.09	854.67	14.4	2202.74	0	-354.16	3268.38	-0	-0	-0	903	0	-403	-0	-0	-0	-0	300	0	-203	-0	-0	-0	-0	300	0	200	-0
500	-0	-0	-0	1506	0	-203	-0	-129.45	844.65	14.4	2203.22	0	-354.61	3347.93	-0	-0	-0	903	0	-403	-0	-0	-0	-0	300	0	-203	-0	-0	-0	-0	300	0	200	-0
501	-0	-0	-0	1506	0	-203	-0	-127.06	832.44	13.92	2205.42	0	-354.66	3282.73	-0	-0	-0	903	0	-403	-0	-0	-0	-0	300	0	-203	-0	-0	-0	-0	300	0	200	-0
502	-0	-0	-0	1506	0	-203	-0	-122.42	817.72	13.61	2206.73	0	-355.43	3156.35	-0	-0	-0	903	0	-403	-0	-0	-0	-0	300	0	-203	-0	-0	-0	-0	300	0	200	-0
503	-0	-0	-0	1506	0	-203	-0	-118.11	800.81	15.05	2208.12	0	-356.12	3126.63	-0	-0	-0	903	0	-403	-0	-0	-0	-0	300	0	-203	-0	-0	-0	-0	300	0	200	-0
504	-0	-0	-0	1506	0	-203	-0	-112.84	784.83	15.86	2209.73	0	-355.88	3055.89	-0	-0	-0	903	0	-403	-0	-0	-0	-0	300	0	-203	-0	-0	-0	-0	300	0	200	-0
505	-0	-0	-0	1506	0	-203	-0	-106.6	765.41	16.34	2211.86	0	-356.88	3384.79	-0	-0	-0	903	0	-403	-0	-0	-0	-0	300	0	-203	-0	-0	-0	-0	300	0	200	-0
506	-0	-0	-0	1506	0	-203	-0	-104.53	752.88	17.14	2212.37	0	-356	3184.19	-0	-0	-0	903	0	-403	-0	-0	-0	-0	300	0	-203	-0	-0	-0	-0	300	0	200	-0
507	-0	-0	-0	1506	0	-203	-0	-99.25	729.71	15.07	2215.31	0	-357.49	2906.85	-0	-0	-0	903	0	-403	-0	-0	-0	-0	300	0	-203	-0	-0	-0	-0	300	0	200	-0
508	-0	-0	-0	1506	0	-203	-0	-97.17	713.42	15.23	2216.65	0	-356.8	2732.06	-0	-0	-0	903	0	-403	-0	-0	-0	-0	300	0	-203	-0	-0	-0	-0	300	0	200	-0
509	-0	-0	-0	1506	0	-203	-0	-95.1	692.74	13.64	2218.91	0	-357.48	2341.11	-0	-0	-0	903	0	-403	-0	-0	-0	-0	300	0	-203	-0	-0	-0	-0	300	0	200	-0
510	-0	-0	-0	1506	0	-203	-0	-93.82	672.38	11.88	2220.74	0	-357.2	1825.25	-0	-0	-0	903	0	-403	-0	-0	-0	-0	300	0	-203	-0	-0	-0	-0	300	0	200	-0
511	-0	-0	-0	1506	0	-203	-0	-90.14	646.7	10.92	2224.29	0	-359.21	1689.22	-0	-0	-0	903	0	-403	-0	-0	-0	-0	300	0	-203	-0	-0	-0	-0	300	0	200	-0
512	-0	-0	-0	1506	0	-203	-0	-89.03	630.72	11.24	2225.8	0	-358.32	1569.04	-0	-0	-0	903	0	-403	-0	-0	-0	-0	300	0	-203	-0	-0	-0	-0	300	0	200	-0
513	-0	-0	-0	1506	0	-203	-0	-85.03	607.55	10.45	2228.3	0	-359.48	1538.23	0	0	0	903	0	-403	0	-0	-0	-0	300	0	-203	-0	-0	-0	-0	300	0	200	-0
514	-0	-0	-0	1506	0	-203	-0	-82.31	587.81	9.65	2232.84	0	-360.01	1459.99	-0	-0	-0	903	0	-403	-0	-0	-0	-0	300	0	-203	-0	-0	-0	-0	300	0	200	-0
515	-0	-0	-0	1506	0	-203	-0	-79.6	569.02	9.49	2234.3	0	-361.37	1401.41	-0	-0	-0	903	0	-403	-0	-0	-0	-0	300	0	-203	-0	-0	-0	-0	300	0	200	-0
516	-0	-0	-0	1506	0	-203	-0	-75.12	552.1	9.17	2238.75	0	-361.08	1468.47	-0	-0	-0	903	0	-403	-0	-0	-0	-0	300	0	-203	-0	-0	-0	-0	300	0	200	-0
517	-0	-0	-0	1506	0	-203	-0	-71.77	533.62	7.73	2241.78	0	-361.97	1478.76	-0	-0	-0	903	0	-403	-0	-0	-0	-0	300	0	-203	-0	-0	-0	-0	300	0	200	-0
518	-0	-0	-0	1506	0	-203	-0	-66.97	517.34	7.58	2244.46	0	-362.48	1637.1	-0	-0	-0	903	0	-403	-0	-0	-0	-0	300	0	-203	-0	0	0	0	300	0	200	0
519	-0	-0	-0	1506	0	-203	-0	-65.06	499.79	5.82	2249.14	0	-362.84	1217.62	-0	-0	-0	903	0	-403	-0	-0	-0	-0	300	0	-203	-0	-0	-0	-0	300	0	200	-0
520	-0	-0	-0	1506	0	-203	-0	-61.06	484.44	4.86	2251.78	0	-363.11	1507.58	-0	-0	-0	903	0	-403	-0	-0	-0	-0	300	0	-203	-0	-0	-0	-0	300	0	200	-0
521	-0	-0	-0	1506	0	-203	-0	-59.62	471.91	5.67	2253.06	0	-362.02	1259.23	-0	-0	-0	903	0	-403	-0	-0	-0	-0	300	0	-203	-0	-0	-0	-0	300	0	200	-0
522	-0	-0	-0	1506	0	-203	-0	-55.79	450.93	3.91	2258.92	0	-364.36	1004.39	-0	-0	-0	903	0	-403	-0	-0	-0	-0	300	0	-203	-0	-0	-0	-0	300	0	200	-0
523	-0	-0	-0	1506	0	-203	-0	-51.31	437.77	3.27	2262.48	0	-363.62	1157.08	-0	-0	-0	903	0	-403	-0	-0	-0	-0	300	0	-203	-0	-0	-0	-0	300	0	200	-0
524	-0	-0	-0	1506	0	-203	-0	-50.67	424.3	3.28	2264.91	0	-364.2	611.95	-0	-0	-0	903	0	-403	-0	-0	-0	-0	300	0	-203	-0	-0	-0	-0	300	0	200	-0
525	-0	-0	-0	1506	0	-203	-0	-47.32	409.26	0.72	2269.19	0	-364.18	305.58	-0	-0	-0	903	0	-403	-0	-0	-0	-0	300	0	-203	-0	-0	-0	-0	300	0	200	-0
526	-0	-0	-0	1506	0	-203	-0	-44.28	400.49	0.56	2270.55	0	-363.41	242.25	0	0	0	903	0	-403	0	-0	-0	-0	300	0	-203	-0	-0	-0	-0	300	0	200	-0
527	-0	-0	-0	1506	0	-203	-0	-41.41	386.39	-1.36	2274.05	0	-364.93	71.53	-0	-0	-0	903	0	-403	-0	-0	-0	-0	300	0	-203	-0	-0	-0	-0	300	0	200	-0
528	-0	-0	-0	1506	0	-203	-0	-40.29	376.37	-2.95	2276.25	0	-364.85	-225.03	0	0	0	903	0	-403	0	-0	-0	-0	300	0	-203	-0	-0	-0	-0	300	0	200	-0
529	-0	-0	-0	1506	0	-203	-0	-36.77	363.84	-5.19	2282.13	0	-367	-343.46	-0	-0	-0	903	0	-403	-0	-0	-0	-0	300	0	-203	-0	-0	-0	-0	300	0	200	-0
530	-0	-0	-0	1506	0	-203	-0	-35.33	356.63	-6.47	2282.83	0	-366.38	-496.57	-0	-0	-0	903	0	-403	-0	-0	-0	-0	300	0	-203	-0	0	0	0	300	0	200	0
531	-0	-0	-0	1506	0	-203	-0	-32.3	347.86	-6.63	2287.63	0	-366.42	-316.46	-0	-0	-0	903	0	-403	-0	-0	-0	-0	300	0	-203	-0	-0	-0	-0	300	0	200	-0
532	-0	-0	-0	1506	0	-203	-0	-31.66	342.53	-8.23	2288.85	0	-365.35	-524.23	-0	-0	-0	903	0	-403	-0	0	0	0	300	0	-203	0	-0	-0	-0	300	0	200	-0
533	-0	-0	-0	1506	0	-203	-0	-29.42	332.51	-9.51	2293.83	0	-367.93	-526.79	0	0	0	903	0	-403	0	-0	-0	-0	300	0	-203	-0	-0	-0	-0	300	0	200	-0
534	-0	-0	-0	1506	0	-203	-0	-27.82	328.74	-10.47	2295.42	0	-365.85	-590.47	0	0	0	903	0	-403	0	-0	-0	-0	300	0	-203	-0	0	0	0	300	0	200	0
535	-0	-0	-0	1506	0	-203	-0	-25.27	321.23	-12.55	2299.38	0	-367.87	-680.36	-0	-0	-0	903	0	-403	-0	-0	-0	-0	300	0	-203	-0	-0	-0	-0	300	0	200	-0
536	-0	-0	-0	1506	0	-203	-0	-24.47	318.09	-12.87	2299.8	0	-366.7	-720.64	-0	-0	-0	903	0	-403	-0	-0	-0	-0	300	0	-203	-0	-0	-0	-0	300	0	200	-0
537	-0	-0	-0	1506	0	-203	-0	-23.03	311.2	-13.5	2303.03	0	-368.01	-891.2	-0	-0	-0	903	0	-403	-0	-0	-0	-0	300	0	-203	-0	-0	-0	-0	300	0	200	-0
538	-0	-0	-0	1506	0	-203	-0	-21.27	309.01	-13.98	2304.89	0	-366.46	-878.44	-0	-0	-0	903	0	-403	-0	-0	-0	-0	300	0	-203	-0	-0	-0	-0	300	0	200	-0
539	-0	-0	-0	1506	0	-203	-0	-17.91	301.81	-13.18	2307.81	0	-369.11	-668.35	-0	-0	-0	903	0	-403	-0	-0	-0	-0	300	0	-203	-0	-0	-0	-0	300	0	200	-0
540	-0	-0	-0	1506	0	-203	-0	-18.55	298.05	-14.62	2310.21	0	-368.41	-1318.53	-0	-0	-0	903	0	-403	-0	-0	-0	-0	300	0	-203	-0	-0	-0	-0	300	0	200	-0
541	-0	-0	-0	1506	0	-203	-0	-16.32	298.36	-13.34	2308.47	0	-367.15	-852.05	-0	-0	-0	903	0	-403	-0	-0	-0	-0	300	0	-203	-0	-0	-0	-0	300	0	200	-0
542	-0	-0	-0	1506	0	-203	-0	-16.16	297.42	-13.66	2308.08	0	-366.59	-1162.26	-0	-0	-0	903	0	-403	-0	-0	-0	-0	300	0	-203	-0	0	0	0	300	0	200	0
543	-0	-0	-0	1506	0	-203	-0	-15.68	290.22	-12.54	2309.86	0	-369.81	-883.23	-0	-0	-0	903	0	-403	-0	-0	-0	-0	300	0	-203	-0	-0	-0	-0	300	0	200	-0
544	-0	-0	-0	1506	0	-203	-0	-15.2	292.09	-12.06	2309.07	0	-367.89	-834.72	-0	-0	-0	903	0	-403	-0	0	0	0	300	0	-203	0	-0	-0	-0	300	0	200	-0
545	-0	-0	-0	1506	0	-203	-0	-14.72	288.34	-12.22	2313.5	0	-369.8	-1240.44	-0	-0	-0	903	0	-403	-0	-0	-0	-0	300	0	-203	-0	-0	-0	-0	300	0	200	-0
546	-0	-0	-0	1506	0	-203	-0	-13.76	290.52	-11.74	2309.74	0	-366.53	-759.3	-0	-0	-0	903	0	-403	-0	0	0	0	300	0	-203	0	-0	-0	-0	300	0	200	-0
547	-0	-0	-0	1506	0	-203	-0	-13.12	284.58	-11.74	2313.83	0	-370.08	-953.54	-0	-0	-0	903	0	-403	-0	-0	-0	-0	300	0	-203	-0	-0	-0	-0	300	0	200	-0
548	-0	-0	-0	1506	0	-203	-0	-12.96	285.83	-10.46	2313.83	0	-368.87	-796.64	0	0	0	903	0	-403	0	-0	-0	-0	300	0	-203	-0	-0	-0	-0	300	0	200	-0
549	-0	-0	-0	1506	0	-203	-0	-10.88	283.01	-10.46	2314.23	0	-369.32	-364.96	-0	-0	-0	903	0	-403	-0	-0	-0	-0	300	0	-203	-0	-0	-0	-0	300	0	200	-0
550	-0	-0	-0	1506	0	-203	-0	-11.36	283.01	-10.78	2315.92	0	-369.12	-558.24	-0	-0	-0	903	0	-403	-0	-0	-0	-0	300	0	-203	-0	0	0	0	300	0	200	0
551	-0	-0	-0	1506	0	-203	-0	-9.6	279.25	-11.09	2317.21	0	-370.33	-683.82	-0	-0	-0	903	0	-403	-0	-0	-0	-0	300	0	-203	-0	-0	-0	-0	300	0	200	-0
552	-0	-0	-0	1506	0	-203	-0	-10.24	282.69	-10.77	2315.68	0	-367.04	-1044.6	-0	-0	-0	903	0	-403	-0	-0	-0	-0	300	0	-203	-0	-0	-0	-0	300	0	200	-0
553	-0	-0	-0	1506	0	-203	-0	-9.76	280.5	-10.45	2317.15	0	-367.87	-891.23	-0	-0	-0	903	0	-403	-0	-0	-0	-0	300	0	-203	-0	-0	-0	-0	300	0	200	-0
554	-0	-0	-0	1506	0	-203	-0	-8.17	279.87	-10.29	2317.44	0	-368.21	-1053.83	-0	-0	-0	903	0	-403	-0	-0	-0	-0	300	0	-203	-0	-0	-0	-0	300	0	200	-0
555	-0	-0	-0	1506	0	-203	-0	-8.49	280.81	-10.45	2315.13	0	-367.28	-1305.8	-0	-0	-0	903	0	-403	-0	0	0	0	300	0	-203	0	-0	-0	-0	300	0	200	-0
556	-0	-0	-0	1506	0	-203	-0	-6.57	280.19	-9.49	2317.71	0	-369.09	-1251.35	-0	-0	-0	903	0	-403	-0	-0	-0	-0	300	0	-203	-0	-0	-0	-0	300	0	200	-0
557	-0	-0	-0	1506	0	-203	-0	-5.93	281.44	-9.16	2314.22	0	-368.29	-1348.42	-0	-0	-0	903	0	-403	-0	-0	-0	-0	300	0	-203	-0	-0	-0	-0	300	0	200	-0
558	-0	-0	-0	1506	0	-203	-0	-4.97	284.89	-8.84	2313.88	0	-367.43	-1359.82	0	0	0	903	0	-403	0	0	0	0	300	0	-203	0	-0	-0	-0	300	0	200	-0
559	-0	-0	-0	1506	0	-203	-0	-2.89	282.07	-9	2318.27	0	-370.83	-1189.57	-0	-0	-0	903	0	-403	-0	-0	-0	-0	300	0	-203	-0	0	0	0	300	0	200	0
560	-0	-0	-0	1506	0	-203	-0	-2.1	283.01	-8.2	2317.49	0	-370.8	-1035.84	-0	-0	-0	903	0	-403	-0	-0	-0	-0	300	0	-203	-0	-0	-0	-0	300	0	200	-0
561	-0	-0	-0	1506	0	-203	-0	-1.3	287.09	-8.68	2317.51	0	-369.41	-1306.1	-0	-0	-0	903	0	-403	-0	-0	-0	-0	300	0	-203	-0	-0	-0	-0	300	0	200	-0
562	-0	-0	-0	1506	0	-203	-0	0.14	288.03	-9.16	2320.33	0	-369.61	-1371.45	-0	-0	-0	903	0	-403	-0	-0	-0	-0	300	0	-203	-0	-0	-0	-0	300	0	200	-0
563	-0	-0	-0	1506	0	-203	-0	0.46	290.22	-8.04	2320.72	0	-368.81	-1156.02	-0	-0	-0	903	0	-403	-0	-0	-0	-0	300	0	-203	-0	-0	-0	-0	300	0	200	-0
564	-0	-0	-0	1506	0	-203	-0	1.26	293.67	-7.24	2318.59	0	-368.65	-1183.96	-0	-0	-0	903	0	-403	-0	-0	-0	-0	300	0	-203	-0	-0	-0	-0	300	0	200	-0
565	-0	-0	-0	1506	0	-203	-0	4.14	293.98	-8.84	2320.75	0	-368.86	-1379.32	-0	-0	-0	903	0	-403	-0	-0	-0	-0	300	0	-203	-0	-0	-0	-0	300	0	200	-0
566	-0	-0	-0	1506	0	-203	-0	4.14	301.81	-7.72	2318.37	0	-367.25	-1278.24	-0	-0	-0	903	0	-403	-0	-0	-0	-0	300	0	-203	-0	0	0	0	300	0	200	0
567	-0	-0	-0	1506	0	-203	-0	4.14	303.39	-8.2	2320.38	0	-369.81	-1519.02	-0	-0	-0	903	0	-403	-0	-0	-0	-0	300	0	-203	-0	-0	-0	-0	300	0	200	-0
568	-0	-0	-0	1506	0	-203	-0	3.02	309.97	-8.52	2318.76	0	-369.35	-2022.73	-0	-0	-0	903	0	-403	-0	-0	-0	-0	300	0	-203	-0	-0	-0	-0	300	0	200	-0
569	-0	-0	-0	1506	0	-203	-0	6.05	315.61	-8.84	2319.44	0	-369.05	-1816.24	-0	-0	-0	903	0	-403	-0	-0	-0	-0	300	0	-203	-0	-0	-0	-0	300	0	200	-0
570	-0	-0	-0	1506	0	-203	-0	5.89	322.82	-8.52	2319.18	0	-370.06	-2067.85	-0	-0	-0	903	0	-403	-0	0	0	0	300	0	-203	0	-0	-0	-0	300	0	200	-0
571	-0	-0	-0	1506	0	-203	-0	5.09	330.03	-7.88	2318.47	0	-368.94	-1921.1	-0	-0	-0	903	0	-403	-0	-0	-0	-0	300	0	-203	-0	-0	-0	-0	300	0	200	-0
572	-0	-0	-0	1506	0	-203	-0	6.05	340.37	-8.04	2317.58	0	-367.57	-2020.34	-0	-0	-0	903	0	-403	-0	-0	-0	-0	300	0	-203	-0	-0	-0	-0	300	0	200	-0
573	-0	-0	-0	1506	0	-203	-0	7.49	346.95	-9	2319.06	0	-369.02	-2017.78	0	0	0	903	0	-403	0	-0	-0	-0	300	0	-203	-0	-0	-0	-0	300	0	200	-0
574	-0	-0	-0	1506	0	-203	-0	7.17	356.04	-7.88	2318.41	0	-368.12	-2010.68	-0	-0	-0	903	0	-403	-0	-0	-0	-0	300	0	-203	-0	-0	-0	-0	300	0	200	-0
575	-0	-0	-0	1506	0	-203	-0	6.69	361.68	-8.37	2320.62	0	-369.76	-1853.49	-0	-0	-0	903	0	-403	-0	-0	-0	-0	300	0	-203	-0	-0	-0	-0	300	0	200	-0
576	-0	-0	-0	1506	0	-203	-0	7.65	373.59	-7.88	2320.71	0	-368.21	-2045.44	-0	-0	-0	903	0	-403	-0	-0	-0	-0	300	0	-203	-0	-0	-0	-0	300	0	200	-0
577	-0	-0	-0	1506	0	-203	-0	7.64	379.24	-8.36	2322.84	0	-369.97	-2324.23	-0	-0	-0	903	0	-403	-0	-0	-0	-0	300	0	-203	-0	-0	-0	-0	300	0	200	-0
578	-0	-0	-0	1506	0	-203	-0	8.44	388.32	-7.89	2321.65	0	-369.78	-2234.45	-0	-0	-0	903	0	-403	-0	-0	-0	-0	300	0	-203	-0	0	0	0	300	0	200	0
579	-0	-0	-0	1506	0	-203	-0	10.2	396.79	-7.89	2322.86	0	-369.16	-2142.64	-0	-0	-0	903	0	-403	-0	-0	-0	-0	300	0	-203	-0	-0	-0	-0	300	0	200	-0
580	-0	-0	-0	1506	0	-203	-0	10.68	406.51	-8.05	2323.2	0	-370.1	-2307.36	-0	-0	-0	903	0	-403	-0	-0	-0	-0	300	0	-203	-0	-0	-0	-0	300	0	200	-0
581	-0	-0	-0	1506	0	-203	-0	11.48	415.59	-8.53	2322.98	0	-368.95	-2441.52	-0	-0	-0	903	0	-403	-0	-0	-0	-0	300	0	-203	-0	-0	-0	-0	300	0	200	-0
582	-0	-0	-0	1506	0	-203	-0	12.27	425.93	-8.05	2322.73	0	-368.13	-2534.29	-0	-0	-0	903	0	-403	-0	-0	-0	-0	300	0	-203	-0	-0	-0	-0	300	0	200	-0
583	-0	-0	-0	1506	0	-203	-0	14.67	433.14	-8.21	2324.5	0	-368.61	-2372.04	-0	-0	-0	903	0	-403	-0	-0	-0	-0	300	0	-203	-0	-0	-0	-0	300	0	200	-0
584	-0	-0	-0	1506	0	-203	-0	14.19	447.24	-7.57	2322	0	-367.61	-2571.82	-0	-0	-0	903	0	-403	-0	-0	-0	-0	300	0	-203	-0	-0	-0	-0	300	0	200	-0
585	-0	-0	-0	1506	0	-203	-0	15.15	450.7	-7.73	2324.5	0	-369.45	-2471.8	-0	-0	-0	903	0	-403	-0	-0	-0	-0	300	0	-203	-0	-0	-0	-0	300	0	200	-0
586	-0	-0	-0	1506	0	-203	-0	16.75	464.48	-6.77	2322.59	0	-368.13	-2456.16	-0	-0	-0	903	0	-403	-0	-0	-0	-0	300	0	-203	-0	-0	-0	-0	300	0	200	-0
587	-0	-0	-0	1506	0	-203	-0	17.7	472.95	-7.09	2324.3	0	-368.31	-2720.37	-0	-0	-0	903	0	-403	-0	-0	-0	-0	300	0	-203	-0	-0	-0	-0	300	0	200	-0
588	-0	-0	-0	1506	0	-203	-0	19.46	481.41	-6.61	2324.46	0	-369.8	-2452.41	0	0	0	903	0	-403	0	-0	-0	-0	300	0	-203	-0	-0	-0	-0	300	0	200	-0
589	-0	-0	-0	1506	0	-203	-0	20.9	489.87	-7.57	2326.64	0	-369.55	-2485.54	0	0	0	903	0	-403	0	-0	-0	-0	300	0	-203	-0	-0	-0	-0	300	0	200	-0
590	-0	-0	-0	1506	0	-203	-0	22.5	501.47	-7.09	2325.63	0	-368.58	-2507.23	-0	-0	-0	903	0	-403	-0	-0	-0	-0	300	0	-203	-0	-0	-0	-0	300	0	200	-0
591	-0	-0	-0	1506	0	-203	-0	23.61	509.61	-7.09	2325.96	0	-368.29	-2312.36	-0	-0	-0	903	0	-403	-0	-0	-0	-0	300	0	-203	-0	-0	-0	-0	300	0	200	-0
592	-0	-0	-0	1506	0	-203	-0	25.05	519.33	-6.29	2326.26	0	-367.08	-2393.99	-0	-0	-0	903	0	-403	-0	-0	-0	-0	300	0	-203	-0	-0	-0	-0	300	0	200	-0
593	-0	-0	-0	1506	0	-203	-0	28.41	526.85	-8.37	2327.03	0	-366.92	-2394.53	-0	-0	-0	903	0	-403	-0	-0	-0	-0	300	0	-203	-0	-0	-0	-0	300	0	200	-0
594	-0	-0	-0	1506	0	-203	-0	29.36	532.49	-7.25	2328.34	0	-367.91	-2517.73	-0	-0	-0	903	0	-403	-0	-0	-0	-0	300	0	-203	-0	-0	-0	-0	300	0	200	-0
595	-0	-0	-0	1506	0	-203	-0	32.08	537.51	-7.57	2328.17	0	-367.94	-2475.99	-0	-0	-0	903	0	-403	-0	-0	-0	-0	300	0	-203	-0	-0	-0	-0	300	0	200	-0
596	-0	-0	-0	1506	0	-203	-0	34.96	546.6	-7.25	2328.1	0	-367.3	-2553.83	-0	-0	-0	903	0	-403	-0	-0	-0	-0	300	0	-203	-0	-0	-0	-0	300	0	200	-0
597	-0	-0	-0	1506	0	-203	-0	37.83	553.49	-7.41	2328.11	0	-367.3	-2774.39	-0	-0	-0	903	0	-403	-0	-0	-0	-0	300	0	-203	-0	-0	-0	-0	300	0	200	-0
598	-0	-0	-0	1506	0	-203	-0	40.71	557.57	-7.57	2328.67	0	-368.07	-2789.04	-0	-0	-0	903	0	-403	-0	0	0	0	300	0	-203	0	0	0	0	300	0	200	0
599	-0	-0	-0	1506	0	-203	-0	46.14	561.02	-7.24	2330.13	0	-368.43	-2300.71	-0	-0	-0	903	0	-403	-0	-0	-0	-0	300	0	-203	-0	0	0	0	300	0	200	0
600	-0	-0	-0	1506	0	-203	-0	50.62	567.29	-7.88	2330.06	0	-368.38	-2495.76	-0	-0	-0	903	0	-403	-0	-0	-0	-0	300	0	-203	-0	-0	-0	-0	300	0	200	-0
601	-0	-0	-0	1506	0	-203	-0	53.97	572.3	-7.4	2330.37	0	-367.55	-2163.14	-0	-0	-0	903	0	-403	-0	-0	-0	-0	300	0	-203	-0	-0	-0	-0	300	0	200	-0
602	-0	-0	-0	1506	0	-203	-0	57.65	576.68	-6.44	2330.52	0	-367.39	-1796.98	-0	-0	-0	903	0	-403	-0	-0	-0	-0	300	0	-203	-0	-0	-0	-0	300	0	200	-0
603	-0	-0	-0	1506	0	-203	-0	61.96	577.62	-8.2	2330.84	0	-367.34	-1814.87	-0	-0	-0	903	0	-403	-0	-0	-0	-0	300	0	-203	-0	-0	-0	-0	300	0	200	-0
604	-0	-0	-0	1506	0	-203	-0	65.32	580.13	-7.07	2331.24	0	-367.31	-1990.52	-0	-0	-0	903	0	-403	-0	-0	-0	-0	300	0	-203	-0	0	0	0	300	0	200	0
605	-0	-0	-0	1506	0	-203	-0	69.63	578.88	-8.51	2332.08	0	-367.14	-1913.32	-0	-0	-0	903	0	-403	-0	-0	-0	-0	300	0	-203	-0	-0	-0	-0	300	0	200	-0
606	-0	-0	-0	1506	0	-203	-0	72.19	582.01	-6.11	2331.3	0	-366.44	-1662.78	-0	-0	-0	903	0	-403	-0	-0	-0	-0	300	0	-203	-0	-0	-0	-0	300	0	200	-0
607	-0	-0	-0	1506	0	-203	-0	76.67	580.13	-7.7	2332.18	0	-366.46	-2108.82	-0	-0	-0	903	0	-403	-0	-0	-0	-0	300	0	-203	-0	-0	-0	-0	300	0	200	-0
608	-0	-0	-0	1506	0	-203	-0	80.34	577.31	-7.22	2331.51	0	-367.28	-2160.21	-0	-0	-0	903	0	-403	-0	-0	-0	-0	300	0	-203	-0	-0	-0	-0	300	0	200	-0
609	-0	-0	-0	1506	0	-203	-0	84.34	576.05	-6.57	2332.11	0	-366.41	-2083.87	-0	-0	-0	903	0	-403	-0	-0	-0	-0	300	0	-203	-0	-0	-0	-0	300	0	200	-0
610	-0	-0	-0	1506	0	-203	-0	89.29	571.98	-5.77	2332.47	0	-367.44	-1606.41	-0	-0	-0	903	0	-403	-0	-0	-0	-0	300	0	-203	-0	-0	-0	-0	300	0	200	-0
611	-0	-0	-0	1506	0	-203	-0	92.65	568.22	-5.76	2332.03	0	-366.41	-1855.3	-0	-0	-0	903	0	-403	-0	-0	-0	-0	300	0	-203	-0	-0	-0	-0	300	0	200	-0
612	-0	-0	-0	1506	0	-203	-0	95.68	563.2	-4.16	2332.49	0	-366.53	-1549.76	-0	-0	-0	903	0	-403	-0	-0	-0	-0	300	0	-203	-0	-0	-0	-0	300	0	200	-0
613	-0	-0	-0	1506	0	-203	-0	101.28	558.19	-5.12	2331.39	0	-365.93	-1650.75	-0	-0	-0	903	0	-403	-0	-0	-0	-0	300	0	-203	-0	-0	-0	-0	300	0	200	-0
614	-0	-0	-0	1506	0	-203	-0	104.79	549.41	-3.99	2333.65	0	-366.24	-1539.42	-0	-0	-0	903	0	-403	-0	-0	-0	-0	300	0	-203	-0	-0	-0	-0	300	0	200	-0
615	-0	-0	-0	1506	0	-203	-0	109.75	540.95	-4.47	2332.86	0	-365.99	-1525.52	-0	-0	-0	903	0	-403	-0	-0	-0	-0	300	0	-203	-0	-0	-0	-0	300	0	200	-0
616	-0	-0	-0	1506	0	-203	-0	114.07	529.98	-3.34	2333.27	0	-366.49	-847.27	-0	-0	-0	903	0	-403	-0	-0	-0	-0	300	0	-203	-0	-0	-0	-0	300	0	200	-0
617	-0	-0	-0	1506	0	-203	-0	117.58	519.32	-3.5	2333.85	0	-365.81	-1059.98	-0	-0	-0	903	0	-403	-0	-0	-0	-0	300	0	-203	-0	-0	-0	-0	300	0	200	-0
618	-0	-0	-0	1506	0	-203	-0	122.22	504.91	-4.13	2335.74	0	-366.5	-1221.2	-0	-0	-0	903	0	-403	-0	-0	-0	-0	300	0	-203	-0	-0	-0	-0	300	0	200	-0
619	-0	-0	-0	1506	0	-203	-0	126.05	489.87	-3.64	2335.41	0	-366.41	-1139.38	-0	-0	-0	903	0	-403	-0	-0	-0	-0	300	0	-203	-0	-0	-0	-0	300	0	200	-0
620	-0	-0	-0	1506	0	-203	-0	129.57	476.7	-3.31	2334.92	0	-365.37	-1403.62	-0	-0	-0	903	0	-403	-0	-0	-0	-0	300	0	-203	-0	-0	-0	-0	300	0	200	-0
621	-0	-0	-0	1506	0	-203	-0	131.65	462.28	-2.67	2332.96	0	-365	-1405.06	-0	-0	-0	903	0	-403	-0	0	0	0	300	0	-203	0	-0	-0	-0	300	0	200	-0
622	-0	-0	-0	1506	0	-203	-0	134.37	442.54	-1.54	2334.33	0	-365.9	-862.54	-0	-0	-0	903	0	-403	-0	-0	-0	-0	300	0	-203	-0	-0	-0	-0	300	0	200	-0
623	-0	-0	-0	1506	0	-203	-0	136.61	425.61	-2.5	2332.05	0	-365.77	-941.42	-0	-0	-0	903	0	-403	-0	-0	-0	-0	300	0	-203	-0	-0	-0	-0	300	0	200	-0
624	-0	-0	-0	1506	0	-203	-0	136.29	406.81	-2.18	2333.39	0	-365.87	-758.04	0	0	0	903	0	-403	0	-0	-0	-0	300	0	-203	-0	-0	-0	-0	300	0	200	-0
625	-0	-0	-0	1506	0	-203	-0	137.41	384.56	-3.77	2332.99	0	-366.01	-1084.02	-0	-0	-0	903	0	-403	-0	-0	-0	-0	300	0	-203	-0	-0	-0	-0	300	0	200	-0
626	-0	-0	-0	1506	0	-203	-0	137.25	367.94	-4.25	2330.99	0	-363.53	-794.6	0	0	0	903	0	-403	0	-0	-0	-0	300	0	-203	-0	-0	-0	-0	300	0	200	-0
627	-0	-0	-0	1506	0	-203	-0	137.74	337.23	-5.85	2333.43	0	-365.22	-500.18	-0	-0	-0	903	0	-403	-0	-0	-0	-0	300	0	-203	-0	0	0	0	300	0	200	0
628	-0	-0	-0	1506	0	-203	-0	133.58	312.15	-6	2333.15	0	-363.83	-786.21	-0	-0	-0	903	0	-403	-0	-0	-0	-0	300	0	-203	-0	-0	-0	-0	300	0	200	-0
629	-0	-0	-0	1506	0	-203	-0	129.75	283.32	-8.4	2331.87	0	-363.36	-1101.03	-0	-0	-0	903	0	-403	-0	-0	-0	-0	300	0	-203	-0	-0	-0	-0	300	0	200	-0
630	-0	-0	-0	1506	0	-203	-0	118.73	252.91	-8.73	2332.03	0	-362.64	-900.21	-0	-0	-0	903	0	-403	-0	-0	-0	-0	300	0	-203	-0	-0	-0	-0	300	0	200	-0
631	-0	-0	-0	1506	0	-203	-0	104.5	221.26	-10.18	2332.24	0	-362.17	-1165.22	0	0	0	903	0	-403	0	-0	-0	-0	300	0	-203	-0	0	0	0	300	0	200	0
632	-0	-0	-0	1506	0	-203	-0	92.52	189.91	-9.54	2329.09	0	-359	-1296.54	-0	-0	-0	903	0	-403	-0	-0	-0	-0	300	0	-203	-0	-0	-0	-0	300	0	200	-0
633	-0	-0	-0	1506	0	-203	-0	76.7	152.93	-8.27	2328.98	0	-360.43	-1130.15	-0	-0	-0	903	0	-403	-0	-0	-0	-0	300	0	-203	-0	-0	-0	-0	300	0	200	-0
634	-0	-0	-0	1506	0	-203	-0	62.32	120.02	-6.68	2325.58	0	-355.68	-902.17	-0	-0	-0	903	0	-403	-0	-0	-0	-0	300	0	-203	-0	-0	-0	-0	300	0	200	-0
635	-0	-0	-0	1506	0	-203	-0	50.98	83.99	-3.8	2339.62	0	-363.59	81.86	-0	-0	-0	903	0	-403	-0	-0	-0	-0	300	0	-203	-0	-0	-0	-0	300	0	200	-0
636	-0	-0	-0	1506	0	-203	-0	39.63	62.68	-3.49	2349.34	0	-358.01	-318.63	0	0	0	903	0	-403	0	-0	-0	-0	300	0	-203	-0	-0	-0	-0	300	0	200	-0
637	-0	-0	-0	1506	0	-203	-0	30.2	48.88	-2.22	2348.9	0	-354.36	-298.72	-0	-0	-0	903	0	-403	-0	-0	-0	-0	300	0	-203	-0	-0	-0	-0	300	0	200	-0
638	-0	-0	-0	1506	0	-203	-0	20.78	39.48	0.34	2362.8	0	-343.52	-331.16	-0	-0	-0	903	0	-403	-0	-0	-0	-0	300	0	-203	-0	-0	-0	-0	300	0	200	-0
639	-0	-0	-0	1506	0	-203	-0	13.11	32.28	0.18	2375.04	0	-359.97	-267.58	-0	-0	-0	903	0	-403	-0	-0	-0	-0	300	0	-203	-0	-0	-0	-0	300	0	200	-0
640	-0	-0	-0	1506	0	-203	-0	7.03	27.26	1.29	2381.09	0	-353.8	-148.4	-0	-0	-0	903	0	-403	-0	-0	-0	-0	300	0	-203	-0	-0	-0	-0	300	0	200	-0
641	-0	-0	-0	1506	0	-203	-0	2.72	23.81	1.45	2356.54	0	-342.17	-248.46	-0	-0	-0	903	0	-403	-0	-0	-0	-0	300	0	-203	-0	-0	-0	-0	300	0	200	-0
642	-0	-0	-0	1506	0	-203	-0	-0.48	18.49	1.45	2375.48	0	-331.46	-124.24	-0	-0	-0	903	0	-403	-0	0	0	0	300	0	-203	0	-0	-0	-0	300	0	200	-0
643	-0	-0	-0	1506	0	-203	-0	-0	-0	-0	2109	0	-203	-0	-0	-0	-0	903	0	-403	-0	-0	-0	-0	300	0	-203	-0	-0	-0	-0	300	0	200	-0
644	-0	-0	-0	1506	0	-203	-0	-0	-0	-0	2109	0	-203	-0	0	0	0	903	0	-403	0	-0	-0	-0	300	0	-203	-0	-0	-0	-0	300	0	200	-0
645	-0	-0	-0	1506	0	-203	-0	-0	-0	-0	2109	0	-203	-0	-0	-0	-0	903	0	-403	-0	-0	-0	-0	300	0	-203	-0	0	0	0	300	0	200	0
646	-0	-0	-0	1506	0	-203	-0	-0	-0	-0	2109	0	-203	-0	-0	-0	-0	903	0	-403	-0	-0	-0	-0	300	0	-203	-0	-0	-0	-0	300	0	200	-0
647	-0	-0	-0	1506	0	-203	-0	-0	-0	-0	2109	0	-203	-0	-0	-0	-0	903	0	-403	-0	-0	-0	-0	300	0	-203	-0	-0	-0	-0	300	0	200	-0
648	-0	-0	-0	1506	0	-203	-0	-0	-0	-0	2109	0	-203	-0	-0	-0	-0	903	0	-403	-0	-0	-0	-0	300	0	-203	-0	-0	-0	-0	300	0	200	-0
649	-0	-0	-0	1506	0	-203	-0	-0	-0	-0	2109	0	-203	-0	-0	-0	-0	903	0	-403	-0	-0	-0	-0	300	0	-203	-0	-0	-0	-0	300	0	200	-0
650	-0	-0	-0	1506	0	-203	-0	-0	-0	-0	2109	0	-203	-0	0	0	0	903	0	-403	0	-0	-0	-0	300	0	-203	-0	-0	-0	-0	300	0	200	-0
651	-0	-0	-0	1506	0	-203	-0	-0	-0	-0	2109	0	-203	-0	-0	-0	-0	903	0	-403	-0	-0	-0	-0	300	0	-203	-0	-0	-0	-0	300	0	200	-0
652	-0	-0	-0	1506	0	-203	-0	-0	-0	-0	2109	0	-203	-0	-0	-0	-0	903	0	-403	-0	-0	-0	-0	300	0	-203	-0	-0	-0	-0	300	0	200	-0
653	-0	-0	-0	1506	0	-203	-0	-0	-0	-0	2109	0	-203	-0	-0	-0	-0	903	0	-403	-0	-0	-0	-0	300	0	-203	-0	0	0	0	300	0	200	0
654	-0	-0	-0	1506	0	-203	-0	-0	-0	-0	2109	0	-203	-0	-0	-0	-0	903	0	-403	-0	-0	-0	-0	300	0	-203	-0	0	0	0	300	0	200	0
655	-0	-0	-0	1506	0	-203	-0	-0	-0	-0	2109	0	-203	-0	-0	-0	-0	903	0	-403	-0	-0	-0	-0	300	0	-203	-0	-0	-0	-0	300	0	200	-0
656	-0	-0	-0	1506	0	-203	-0	-0	-0	-0	2109	0	-203	-0	-0	-0	-0	903	0	-403	-0	-0	-0	-0	300	0	-203	-0	-0	-0	-0	300	0	200	-0
657	-0	-0	-0	1506	0	-203	-0	-0	-0	-0	2109	0	-203	-0	-0	-0	-0	903	0	-403	-0	-0	-0	-0	300	0	-203	-0	0	0	0	300	0	200	0
658	-0	-0	-0	1506	0	-203	-0	-0	-0	-0	2109	0	-203	-0	-0	-0	-0	903	0	-403	-0	-0	-0	-0	300	0	-203	-0	-0	-0	-0	300	0	200	-0
659	-0	-0	-0	1506	0	-203	-0	-0	-0	-0	2109	0	-203	-0	-0	-0	-0	903	0	-403	-0	-0	-0	-0	300	0	-203	-0	-0	-0	-0	300	0	200	-0
660	-0	-0	-0	1506	0	-203	-0	-0	-0	-0	2109	0	-203	-0	-0	-0	-0	903	0	-403	-0	-0	-0	-0	300	0	-203	-0	-0	-0	-0	300	0	200	-0
661	-0	-0	-0	1506	0	-203	-0	-0	-0	-0	2109	0	-203	-0	0	0	0	903	0	-403	0	-0	-0	-0	300	0	-203	-0	-0	-0	-0	300	0	200	-0
662	-0	-0	-0	1506	0	-203	-0	-0	-0	-0	2109	0	-203	-0	-0	-0	-0	903	0	-403	-0	-0	-0	-0	300	0	-203	-0	-0	-0	-0	300	0	200	-0
663	-0	-0	-0	1506	0	-203	-0	-0	-0	-0	2109	0	-203	-0	0	0	0	903	0	-403	0	-0	-0	-0	300	0	-203	-0	0	0	0	300	0	200	0
664	-0	-0	-0	1506	0	-203	-0	-0	-0	-0	2109	0	-203	-0	-0	-0	-0	903	0	-403	-0	-0	-0	-0	300	0	-203	-0	-0	-0	-0	300	0	200	-0
665	-0	-0	-0	1506	0	-203	-0	-0	-0	-0	2109	0	-203	-0	0	0	0	903	0	-403	0	-0	-0	-0	300	0	-203	-0	-0	-0	-0	300	0	200	-0
666	-0	-0	-0	1506	0	-203	-0	-0	-0	-0	2109	0	-203	-0	-0	-0	-0	903	0	-403	-0	-0	-0	-0	300	0	-203	-0	0	0	0	300	0	200	0
667	-0	-0	-0	1506	0	-203	-0	-0	-0	-0	2109	0	-203	-0	-0	-0	-0	903	0	-403	-0	-0	-0	-0	300	0	-203	-0	-0	-0	-0	300	0	200	-0
668	-0	-0	-0	1506	0	-203	-0	-0	-0	-0	2109	0	-203	-0	-0	-0	-0	903	0	-403	-0	-0	-0	-0	300	0	-203	-0	-0	-0	-0	300	0	200	-0
669	-0	-0	-0	1506	0	-203	-0	-0	-0	-0	2109	0	-203	-0	-0	-0	-0	903	0	-403	-0	-0	-0	-0	300	0	-203	-0	-0	-0	-0	300	0	200	-0
670	-0	-0	-0	1506	0	-203	-0	-0	-0	-0	2109	0	-203	-0	-0	-0	-0	903	0	-403	-0	-0	-0	-0	300	0	-203	-0	-0	-0	-0	300	0	200	-0
671	-0	-0	-0	1506	0	-203	-0	-0	-0	-0	2109	0	-203	-0	-0	-0	-0	903	0	-403	-0	-0	-0	-0	300	0	-203	-0	0	0	0	300	0	200	0
672	-0	-0	-0	1506	0	-203	-0	-0	-0	-0	2109	0	-203	-0	-0	-0	-0	903	0	-403	-0	-0	-0	-0	300	0	-203	-0	0	0	0	300	0	200	0
673	-0	-0	-0	1506	0	-203	-0	-0	-0	-0	2109	0	-203	-0	-0	-0	-0	903	0	-403	-0	-0	-0	-0	300	0	-203	-0	-0	-0	-0	300	0	200	-0
674	-0	-0	-0	1506	0	-203	-0	-0	-0	-0	2109	0	-203	-0	-0	-0	-0	903	0	-403	-0	-0	-0	-0	300	0	-203	-0	0	0	0	300	0	200	0
675	-0	-0	-0	1506	0	-203	-0	-0	-0	-0	2109	0	-203	-0	-0	-0	-0	903	0	-403	-0	-0	-0	-0	300	0	-203	-0	-0	-0	-0	300	0	200	-0
676	-0	-0	-0	1506	0	-203	-0	-0	-0	-0	2109	0	-203	-0	-0	-0	-0	903	0	-403	-0	-0	-0	-0	300	0	-203	-0	-0	-0	-0	300	0	200	-0
677	-0	-0	-0	1506	0	-203	-0	-0	-0	-0	2109	0	-203	-0	-0	-0	-0	903	0	-403	-0	-0	-0	-0	300	0	-203	-0	-0	-0	-0	300	0	200	-0
678	-0	-0	-0	1506	0	-203	-0	-0	-0	-0	2109	0	-203	-0	0	0	0	903	0	-403	0	-0	-0	-0	300	0	-203	-0	-0	-0	-0	300	0	200	-0
679	-0	-0	-0	1506	0	-203	-0	-0	-0	-0	2109	0	-203	-0	-0	-0	-0	903	0	-403	-0	-0	-0	-0	300	0	-203	-0	-0	-0	-0	300	0	200	-0
680	-0	-0	-0	1506	0	-203	-0	-0	-0	-0	2109	0	-203	-0	-0	-0	-0	903	0	-403	-0	-0	-0	-0	300	0	-203	-0	-0	-0	-0	300	0	200	-0
681	-0	-0	-0	1506	0	-203	-0	-0	-0	-0	2109	0	-203	-0	-0	-0	-0	903	0	-403	-0	-0	-0	-0	300	0	-203	-0	0	0	0	300	0	200	0
682	-0	-0	-0	1506	0	-203	-0	-0	-0	-0	2109	0	-203	-0	-0	-0	-0	903	0	-403	-0	-0	-0	-0	300	0	-203	-0	-0	-0	-0	300	0	200	-0
683	-0	-0	-0	1506	0	-203	-0	-0	-0	-0	2109	0	-203	-0	-0	-0	-0	903	0	-403	-0	-0	-0	-0	300	0	-203	-0	-0	-0	-0	300	0	200	-0
684	-0	-0	-0	1506	0	-203	-0	-0	-0	-0	2109	0	-203	-0	-0	-0	-0	903	0	-403	-0	-0	-0	-0	300	0	-203	-0	-0	-0	-0	300	0	200	-0
685	-0	-0	-0	1506	0	-203	-0	-0	-0	-0	2109	0	-203	-0	-0	-0	-0	903	0	-403	-0	-0	-0	-0	300	0	-203	-0	-0	-0	-0	300	0	200	-0
686	-0	-0	-0	1506	0	-203	-0	-0	-0	-0	2109	0	-203	-0	-0	-0	-0	903	0	-403	-0	-0	-0	-0	300	0	-203	-0	0	0	0	300	0	200	0
687	-0	-0	-0	1506	0	-203	-0	-0	-0	-0	2109	0	-203	-0	-0	-0	-0	903	0	-403	-0	-0	-0	-0	300	0	-203	-0	-0	-0	-0	300	0	200	-0
688	-0	-0	-0	1506	0	-203	-0	-0	-0	-0	2109	0	-203	-0	-0	-0	-0	903	0	-403	-0	-0	-0	-0	300	0	-203	-0	-0	-0	-0	300	0	200	-0
689	-0	-0	-0	1506	0	-203	-0	-0	-0	-0	2109	0	-203	-0	-0	-0	-0	903	0	-403	-0	-0	-0	-0	300	0	-203	-0	-0	-0	-0	300	0	200	-0
690	-0	-0	-0	1506	0	-203	-0	-0	-0	-0	2109	0	-203	-0	-0	-0	-0	903	0	-403	-0	-0	-0	-0	300	0	-203	-0	0	0	0	300	0	200	0
691	-0	-0	-0	1506	0	-203	-0	-0	-0	-0	2109	0	-203	-0	-0	-0	-0	903	0	-403	-0	-0	-0	-0	300	0	-203	-0	-0	-0	-0	300	0	200	-0
692	-0	-0	-0	1506	0	-203	-0	-0	-0	-0	2109	0	-203	-0	-0	-0	-0	903	0	-403	-0	-0	-0	-0	300	0	-203	-0	-0	-0	-0	300	0	200	-0
693	-0	-0	-0	1506	0	-203	-0	-0	-0	-0	2109	0	-203	-0	-0	-0	-0	903	0	-403	-0	-0	-0	-0	300	0	-203	-0	-0	-0	-0	300	0	200	-0
694	-0	-0	-0	1506	0	-203	-0	-0	-0	-0	2109	0	-203	-0	-0	-0	-0	903	0	-403	-0	-0	-0	-0	300	0	-203	-0	-0	-0	-0	300	0	200	-0
695	-0	-0	-0	1506	0	-203	-0	-0	-0	-0	2109	0	-203	-0	-0	-0	-0	903	0	-403	-0	-0	-0	-0	300	0	-203	-0	-0	-0	-0	300	0	200	-0
696	-0	-0	-0	1506	0	-203	-0	-0	-0	-0	2109	0	-203	-0	-0	-0	-0	903	0	-403	-0	0	0	0	300	0	-203	0	0	0	0	300	0	200	0
