Time	Fx1	Fy1	Fz1	COPx1	COPy1	COPz1	Ty1	Fx2	Fy2	Fz2	COPx2	COPy2	COPz2	Ty2	Fx3	Fy3	Fz3	COPx3	COPy3	COPz3	Ty3	Fx4	Fy4	Fz4	COPx4	COPy4	COPz4	Ty4	Fx5	Fy5	Fz5	COPx5	COPy5	COPz5	Ty5
1	0	0	0	1506	0	-203	0	0	0	0	2109	0	-203	0	0	0	0	903	0	-403	0	0	0	0	300	0	-203	0	0	0	0	300	0	200	0
2	-0	-0	-0	1506	0	-203	-0	-0	-0	-0	2109	0	-203	-0	-0	-0	-0	903	0	-403	-0	-0	-0	-0	300	0	-203	-0	-0	-0	-0	300	0	200	-0
3	-0	-0	-0	1506	0	-203	-0	-0	-0	-0	2109	0	-203	-0	-0	-0	-0	903	0	-403	-0	0	0	0	300	0	-203	0	0	0	0	300	0	200	0
4	-0	-0	-0	1506	0	-203	-0	-0	-0	-0	2109	0	-203	-0	-0	-0	-0	903	0	-403	-0	-0	-0	-0	300	0	-203	-0	-0	-0	-0	300	0	200	-0
5	-0	-0	-0	1506	0	-203	-0	-0	-0	-0	2109	0	-203	-0	-0	-0	-0	903	0	-403	-0	-0	-0	-0	300	0	-203	-0	0	0	0	300	0	200	0
6	-0	-0	-0	1506	0	-203	-0	-0	-0	-0	2109	0	-203	-0	-0	-0	-0	903	0	-403	-0	-0	-0	-0	300	0	-203	-0	-0	-0	-0	300	0	200	-0
7	-0	-0	-0	1506	0	-203	-0	-0	-0	-0	2109	0	-203	-0	0	0	0	903	0	-403	0	-0	-0	-0	300	0	-203	-0	-0	-0	-0	300	0	200	-0
8	-0	-0	-0	1506	0	-203	-0	-0	-0	-0	2109	0	-203	-0	0	0	0	903	0	-403	0	-0	-0	-0	300	0	-203	-0	-0	-0	-0	300	0	200	-0
9	-0	-0	-0	1506	0	-203	-0	-0	-0	-0	2109	0	-203	-0	-0	-0	-0	903	0	-403	-0	-0	-0	-0	300	0	-203	-0	-0	-0	-0	300	0	200	-0
10	-0	-0	-0	1506	0	-203	-0	-0	-0	-0	2109	0	-203	-0	-0	-0	-0	903	0	-403	-0	-0	-0	-0	300	0	-203	-0	-0	-0	-0	300	0	200	-0
11	-0	-0	-0	1506	0	-203	-0	-0	-0	-0	2109	0	-203	-0	-0	-0	-0	903	0	-403	-0	-0	-0	-0	300	0	-203	-0	-0	-0	-0	300	0	200	-0
12	-0	-0	-0	1506	0	-203	-0	-0	-0	-0	2109	0	-203	-0	-0	-0	-0	903	0	-403	-0	0	0	0	300	0	-203	0	-0	-0	-0	300	0	200	-0
13	-0	-0	-0	1506	0	-203	-0	-0	-0	-0	2109	0	-203	-0	-0	-0	-0	903	0	-403	-0	-0	-0	-0	300	0	-203	-0	-0	-0	-0	300	0	200	-0
14	-0	-0	-0	1506	0	-203	-0	-0	-0	-0	2109	0	-203	-0	-0	-0	-0	903	0	-403	-0	-0	-0	-0	300	0	-203	-0	-0	-0	-0	300	0	200	-0
15	-0	-0	-0	1506	0	-203	-0	-0	-0	-0	2109	0	-203	-0	-0	-0	-0	903	0	-403	-0	-0	-0	-0	300	0	-203	-0	-0	-0	-0	300	0	200	-0
16	-0	-0	-0	1506	0	-203	-0	-0	-0	-0	2109	0	-203	-0	-0	-0	-0	903	0	-403	-0	-0	-0	-0	300	0	-203	-0	-0	-0	-0	300	0	200	-0
17	-0	-0	-0	1506	0	-203	-0	-0	-0	-0	2109	0	-203	-0	-0	-0	-0	903	0	-403	-0	-0	-0	-0	300	0	-203	-0	-0	-0	-0	300	0	200	-0
18	-0	-0	-0	1506	0	-203	-0	-0	-0	-0	2109	0	-203	-0	-0	-0	-0	903	0	-403	-0	-0	-0	-0	300	0	-203	-0	-0	-0	-0	300	0	200	-0
19	-0	-0	-0	1506	0	-203	-0	-0	-0	-0	2109	0	-203	-0	-0	-0	-0	903	0	-403	-0	-0	-0	-0	300	0	-203	-0	0	0	0	300	0	200	0
20	-0	-0	-0	1506	0	-203	-0	-0	-0	-0	2109	0	-203	-0	-0	-0	-0	903	0	-403	-0	-0	-0	-0	300	0	-203	-0	-0	-0	-0	300	0	200	-0
21	-0	-0	-0	1506	0	-203	-0	-0	-0	-0	2109	0	-203	-0	-0	-0	-0	903	0	-403	-0	-0	-0	-0	300	0	-203	-0	-0	-0	-0	300	0	200	-0
22	-0	-0	-0	1506	0	-203	-0	-0	-0	-0	2109	0	-203	-0	-0	-0	-0	903	0	-403	-0	-0	-0	-0	300	0	-203	-0	-0	-0	-0	300	0	200	-0
23	-0	-0	-0	1506	0	-203	-0	-0	-0	-0	2109	0	-203	-0	0	0	0	903	0	-403	0	-0	-0	-0	300	0	-203	-0	-0	-0	-0	300	0	200	-0
24	-0	-0	-0	1506	0	-203	-0	-0	-0	-0	2109	0	-203	-0	-0	-0	-0	903	0	-403	-0	-0	-0	-0	300	0	-203	-0	-0	-0	-0	300	0	200	-0
25	-0	-0	-0	1506	0	-203	-0	-0	-0	-0	2109	0	-203	-0	-0	-0	-0	903	0	-403	-0	-11.67	68.96	6.72	56.8	0	-211.4	26.16	0	0	0	300	0	200	0
26	-0	-0	-0	1506	0	-203	-0	-0	-0	-0	2109	0	-203	-0	-0	-0	-0	903	0	-403	-0	-28.1	310.87	14.46	54.25	0	-213.6	-80.54	-0	-0	-0	300	0	200	-0
27	-0	-0	-0	1506	0	-203	-0	-0	-0	-0	2109	0	-203	-0	-0	-0	-0	903	0	-403	-0	-41.74	461.55	27.96	59.03	0	-214.68	-177.1	-0	-0	-0	300	0	200	-0
28	-0	-0	-0	1506	0	-203	-0	-0	-0	-0	2109	0	-203	-0	-0	-0	-0	903	0	-403	-0	-58.51	446.61	45.14	61.16	0	-215.35	-600.77	-0	-0	-0	300	0	200	-0
29	-0	-0	-0	1506	0	-203	-0	-0	-0	-0	2109	0	-203	-0	-0	-0	-0	903	0	-403	-0	-64.89	434.13	56.34	64.65	0	-215.87	-453.74	-0	-0	-0	300	0	200	-0
30	-0	-0	-0	1506	0	-203	-0	-0	-0	-0	2109	0	-203	-0	-0	-0	-0	903	0	-403	-0	-69.84	463.18	62.78	64.88	0	-215.86	-687.8	-0	-0	-0	300	0	200	-0
31	-0	-0	-0	1506	0	-203	-0	-0	-0	-0	2109	0	-203	-0	-0	-0	-0	903	0	-403	-0	-75.54	528.61	70.93	70.47	0	-214.72	-842.72	-0	-0	-0	300	0	200	-0
32	-0	-0	-0	1506	0	-203	-0	-0	-0	-0	2109	0	-203	-0	-0	-0	-0	903	0	-403	-0	-84.5	581.28	69.91	73.95	0	-213.46	-346.21	-0	-0	-0	300	0	200	-0
33	-0	-0	-0	1506	0	-203	-0	-0	-0	-0	2109	0	-203	-0	-0	-0	-0	903	0	-403	-0	-94.55	611.69	55.05	76.87	0	-212.67	-200.33	0	0	0	300	0	200	0
34	-0	-0	-0	1506	0	-203	-0	-0	-0	-0	2109	0	-203	-0	-0	-0	-0	903	0	-403	-0	-111.38	627.16	37.53	78.44	0	-212.19	708.74	-0	-0	-0	300	0	200	-0
35	-0	-0	-0	1506	0	-203	-0	-0	-0	-0	2109	0	-203	-0	-0	-0	-0	903	0	-403	-0	-131.27	642.64	29.59	80.79	0	-211.39	724.15	-0	-0	-0	300	0	200	-0
36	-0	-0	-0	1506	0	-203	-0	-0	-0	-0	2109	0	-203	-0	-0	-0	-0	903	0	-403	-0	-144.64	649.97	21.45	84.58	0	-210.09	720.95	-0	-0	-0	300	0	200	-0
37	-0	-0	-0	1506	0	-203	-0	-0	-0	-0	2109	0	-203	-0	-0	-0	-0	903	0	-403	-0	-150.41	644.81	15.2	88.39	0	-209.1	1261.81	-0	-0	-0	300	0	200	-0
38	-0	-0	-0	1506	0	-203	-0	-0	-0	-0	2109	0	-203	-0	-0	-0	-0	903	0	-403	-0	-149.26	640.74	6.65	90.79	0	-208.17	2048.95	-0	-0	-0	300	0	200	-0
39	-0	-0	-0	1506	0	-203	-0	-0	-0	-0	2109	0	-203	-0	-0	-0	-0	903	0	-403	-0	-154.01	658.65	-4.34	95.42	0	-207	2151.84	-0	-0	-0	300	0	200	-0
40	-0	-0	-0	1506	0	-203	-0	-0	-0	-0	2109	0	-203	-0	-0	-0	-0	903	0	-403	-0	-163.44	687.7	-13.44	98.97	0	-206.17	2828.57	-0	-0	-0	300	0	200	-0
41	-0	-0	-0	1506	0	-203	-0	-0	-0	-0	2109	0	-203	-0	-0	-0	-0	903	0	-403	-0	-174.78	718.66	-17.72	101.25	0	-205.86	2852.12	-0	-0	-0	300	0	200	-0
42	-0	-0	-0	1506	0	-203	-0	-0	-0	-0	2109	0	-203	-0	-0	-0	-0	903	0	-403	-0	-188.96	760.74	-17.51	104.11	0	-205.43	2716.19	0	0	0	300	0	200	0
43	-0	-0	-0	1506	0	-203	-0	-0	-0	-0	2109	0	-203	-0	-0	-0	-0	903	0	-403	-0	-192.08	796.85	-15.34	106.79	0	-205.34	2823.56	-0	-0	-0	300	0	200	-0
44	-0	-0	-0	1506	0	-203	-0	-0	-0	-0	2109	0	-203	-0	-0	-0	-0	903	0	-403	-0	-192.15	827.8	-10.52	108.86	0	-205.3	2287.94	-0	-0	-0	300	0	200	-0
45	-0	-0	-0	1506	0	-203	-0	-0	-0	-0	2109	0	-203	-0	-0	-0	-0	903	0	-403	-0	-192.22	875.04	-7.94	111.33	0	-205.22	2343.34	-0	-0	-0	300	0	200	-0
46	-0	-0	-0	1506	0	-203	-0	-0	-0	-0	2109	0	-203	-0	-0	-0	-0	903	0	-403	-0	-192.36	919.29	-5.84	113.14	0	-205.09	2320.45	-0	-0	-0	300	0	200	-0
47	-0	-0	-0	1506	0	-203	-0	-0	-0	-0	2109	0	-203	-0	-0	-0	-0	903	0	-403	-0	-192.49	952.42	-7.74	113.57	0	-205.22	2403.82	-0	-0	-0	300	0	200	-0
48	-0	-0	-0	1506	0	-203	-0	-0	-0	-0	2109	0	-203	-0	-0	-0	-0	903	0	-403	-0	-192.56	989.88	-9.16	114.84	0	-205.13	2666.98	-0	-0	-0	300	0	200	-0
49	-0	-0	-0	1506	0	-203	-0	-0	-0	-0	2109	0	-203	-0	-0	-0	-0	903	0	-403	-0	-192.83	1017.3	-10.52	115.62	0	-204.03	3016.82	-0	-0	-0	300	0	200	-0
50	-0	-0	-0	1506	0	-203	-0	-0	-0	-0	2109	0	-203	-0	-0	-0	-0	903	0	-403	-0	-192.97	1033.05	-11.27	116.75	0	-203.89	2793.75	-0	-0	-0	300	0	200	-0
51	-0	-0	-0	1506	0	-203	-0	-0	-0	-0	2109	0	-203	-0	-0	-0	-0	903	0	-403	-0	-192.97	1048.25	-11.95	117.84	0	-203.62	2829.07	-0	-0	-0	300	0	200	-0
52	-0	-0	-0	1506	0	-203	-0	-0	-0	-0	2109	0	-203	-0	-0	-0	-0	903	0	-403	-0	-192.9	1059.66	-13.44	118.87	0	-203.27	2705.54	-0	-0	-0	300	0	200	-0
53	-0	-0	-0	1506	0	-203	-0	-0	-0	-0	2109	0	-203	-0	-0	-0	-0	903	0	-403	-0	-191.61	1065.9	-14.93	119.83	0	-203.05	2190.81	-0	-0	-0	300	0	200	-0
54	-0	-0	-0	1506	0	-203	-0	-0	-0	-0	2109	0	-203	-0	-0	-0	-0	903	0	-403	-0	-187.67	1069.7	-19.07	121.25	0	-202.6	2448.24	-0	-0	-0	300	0	200	-0
55	-0	-0	-0	1506	0	-203	-0	-0	-0	-0	2109	0	-203	-0	-0	-0	-0	903	0	-403	-0	-185.23	1067.8	-22.26	122.44	0	-202.26	2313.71	-0	-0	-0	300	0	200	-0
56	-0	-0	-0	1506	0	-203	-0	-0	-0	-0	2109	0	-203	-0	-0	-0	-0	903	0	-403	-0	-180.95	1064	-26.54	123.3	0	-202.01	2350.85	-0	-0	-0	300	0	200	-0
57	-0	-0	-0	1506	0	-203	-0	-0	-0	-0	2109	0	-203	-0	-0	-0	-0	903	0	-403	-0	-175.12	1058.03	-28.64	124.53	0	-201.75	2600.68	-0	-0	-0	300	0	200	-0
58	-0	-0	-0	1506	0	-203	-0	-0	-0	-0	2109	0	-203	-0	-0	-0	-0	903	0	-403	-0	-166.7	1052.6	-29.86	125.31	0	-201.56	2474.85	-0	-0	-0	300	0	200	-0
59	-0	-0	-0	1506	0	-203	-0	-0	-0	-0	2109	0	-203	-0	-0	-0	-0	903	0	-403	-0	-159.37	1048.8	-30	125.73	0	-201.44	2402.03	-0	-0	-0	300	0	200	-0
60	-0	-0	-0	1506	0	-203	-0	-0	-0	-0	2109	0	-203	-0	-0	-0	-0	903	0	-403	-0	-149.46	1043.37	-28.3	126.67	0	-201.27	2456.23	-0	-0	-0	300	0	200	-0
61	-0	-0	-0	1506	0	-203	-0	-0	-0	-0	2109	0	-203	-0	-0	-0	-0	903	0	-403	-0	-141.25	1035.22	-26.88	127.15	0	-201.33	2174.55	-0	-0	-0	300	0	200	-0
62	-0	-0	-0	1506	0	-203	-0	-0	-0	-0	2109	0	-203	-0	-0	-0	-0	903	0	-403	-0	-134.66	1023.55	-25.59	127.44	0	-201.14	2078.3	-0	-0	-0	300	0	200	-0
63	-0	-0	-0	1506	0	-203	-0	-0	-0	-0	2109	0	-203	-0	-0	-0	-0	903	0	-403	-0	-126.59	1005.63	-25.72	128.66	0	-201.94	2258.8	-0	-0	-0	300	0	200	-0
64	-0	-0	-0	1506	0	-203	-0	-0	-0	-0	2109	0	-203	-0	-0	-0	-0	903	0	-403	-0	-119.59	985.81	-25.52	129.78	0	-201.8	2148.75	-0	-0	-0	300	0	200	-0
65	-0	-0	-0	1506	0	-203	-0	-0	-0	-0	2109	0	-203	-0	-0	-0	-0	903	0	-403	-0	-112.87	964.63	-26.81	130.4	0	-201.7	2488.98	-0	-0	-0	300	0	200	-0
66	-0	-0	-0	1506	0	-203	-0	-0	-0	-0	2109	0	-203	-0	0	0	0	903	0	-403	0	-105.82	936.94	-26.95	131.79	0	-201.4	2668.12	-0	-0	-0	300	0	200	-0
67	-0	-0	-0	1506	0	-203	-0	-0	-0	-0	2109	0	-203	-0	-0	-0	-0	903	0	-403	-0	-99.37	909.52	-27.15	132.45	0	-201.04	2684.9	-0	-0	-0	300	0	200	-0
68	-0	-0	-0	1506	0	-203	-0	-0	-0	-0	2109	0	-203	-0	-0	-0	-0	903	0	-403	-0	-94.55	888.07	-27.35	133.68	0	-200.84	2977.72	-0	-0	-0	300	0	200	-0
69	-0	-0	-0	1506	0	-203	-0	-0	-0	-0	2109	0	-203	-0	-0	-0	-0	903	0	-403	-0	-86.74	856.85	-27.08	134.82	0	-200.52	2964.47	-0	-0	-0	300	0	200	-0
70	-0	-0	-0	1506	0	-203	-0	-0	-0	-0	2109	0	-203	-0	-0	-0	-0	903	0	-403	-0	-80.23	829.7	-27.01	136.03	0	-200.17	2913.28	-0	-0	-0	300	0	200	-0
71	-0	-0	-0	1506	0	-203	-0	-0	-0	-0	2109	0	-203	-0	-0	-0	-0	903	0	-403	-0	-73.91	802.01	-27.56	136.78	0	-199.85	3132.28	-0	-0	-0	300	0	200	-0
72	-0	-0	-0	1506	0	-203	-0	-0	-0	-0	2109	0	-203	-0	-0	-0	-0	903	0	-403	-0	-67.53	770.24	-28.64	138.63	0	-199.37	3048.87	0	0	0	300	0	200	0
73	-0	-0	-0	1506	0	-203	-0	-0	-0	-0	2109	0	-203	-0	-0	-0	-0	903	0	-403	-0	-62.1	739.29	-30.27	140.01	0	-198.97	3248.94	-0	-0	-0	300	0	200	-0
74	-0	-0	-0	1506	0	-203	-0	-0	-0	-0	2109	0	-203	-0	0	0	0	903	0	-403	0	-58.51	712.14	-31.29	141.34	0	-198.58	3457.37	-0	-0	-0	300	0	200	-0
75	-0	-0	-0	1506	0	-203	-0	-0	-0	-0	2109	0	-203	-0	-0	-0	-0	903	0	-403	-0	-54.16	677.93	-32.04	143.39	0	-197.91	3334.39	0	0	0	300	0	200	0
76	-0	-0	-0	1506	0	-203	-0	-0	-0	-0	2109	0	-203	-0	-0	-0	-0	903	0	-403	-0	-50.36	647.79	-32.51	145.43	0	-197.38	3441.45	-0	-0	-0	300	0	200	-0
77	-0	-0	-0	1506	0	-203	-0	-0	-0	-0	2109	0	-203	-0	-0	-0	-0	903	0	-403	-0	-48.12	621.46	-31.83	146.87	0	-196.9	3527.17	-0	-0	-0	300	0	200	-0
78	-0	-0	-0	1506	0	-203	-0	-0	-0	-0	2109	0	-203	-0	-0	-0	-0	903	0	-403	-0	-43.3	593.22	-31.22	149.51	0	-196.47	3250.8	-0	-0	-0	300	0	200	-0
79	-0	-0	-0	1506	0	-203	-0	-0	-0	-0	2109	0	-203	-0	-0	-0	-0	903	0	-403	-0	-39.71	565.26	-31.09	151.09	0	-196	3253.89	-0	-0	-0	300	0	200	-0
80	-0	-0	-0	1506	0	-203	-0	-0	-0	-0	2109	0	-203	-0	-0	-0	-0	903	0	-403	-0	-34.96	541.91	-31.09	152.28	0	-195.62	3376.02	-0	-0	-0	300	0	200	-0
81	-0	-0	-0	1506	0	-203	-0	-0	-0	-0	2109	0	-203	-0	-0	-0	-0	903	0	-403	-0	-30.48	515.03	-30.48	154.86	0	-194.86	3149.16	-0	-0	-0	300	0	200	-0
82	-0	-0	-0	1506	0	-203	-0	-0	-0	-0	2109	0	-203	-0	-0	-0	-0	903	0	-403	-0	-26.13	490.6	-30.34	157.13	0	-194.43	3217.47	-0	-0	-0	300	0	200	-0
83	-0	-0	-0	1506	0	-203	-0	-0	-0	-0	2109	0	-203	-0	-0	-0	-0	903	0	-403	-0	-23.28	470.23	-30.48	158.75	0	-193.91	3263.18	-0	-0	-0	300	0	200	-0
84	-0	-0	-0	1506	0	-203	-0	-0	-0	-0	2109	0	-203	-0	-0	-0	-0	903	0	-403	-0	-19.41	448.24	-29.66	161.91	0	-193.34	3076.75	-0	-0	-0	300	0	200	-0
85	-0	-0	-0	1506	0	-203	-0	-0	-0	-0	2109	0	-203	-0	-0	-0	-0	903	0	-403	-0	-16.43	427.88	-28.91	163.68	0	-192.88	3002.69	0	0	0	300	0	200	0
86	-0	-0	-0	1506	0	-203	-0	-0	-0	-0	2109	0	-203	-0	-0	-0	-0	903	0	-403	-0	-14.05	409.42	-28.17	165.72	0	-192.42	2848.25	-0	-0	-0	300	0	200	-0
87	-0	-0	-0	1506	0	-203	-0	-0	-0	-0	2109	0	-203	-0	-0	-0	-0	903	0	-403	-0	-10.38	390.14	-27.08	168.78	0	-191.76	2617.21	-0	-0	-0	300	0	200	-0
88	-0	-0	-0	1506	0	-203	-0	-0	-0	-0	2109	0	-203	-0	-0	-0	-0	903	0	-403	-0	-7.81	372.22	-26.06	171.61	0	-191.37	2547.57	-0	-0	-0	300	0	200	-0
89	-0	-0	-0	1506	0	-203	-0	-0	-0	-0	2109	0	-203	-0	0	0	0	903	0	-403	0	-5.09	358.92	-25.79	173.5	0	-191.28	2420.77	-0	-0	-0	300	0	200	-0
90	-0	-0	-0	1506	0	-203	-0	-0	-0	-0	2109	0	-203	-0	-0	-0	-0	903	0	-403	-0	-2.99	342.63	-24.91	176.66	0	-190.52	2387.24	0	0	0	300	0	200	0
91	-0	-0	-0	1506	0	-203	-0	-0	-0	-0	2109	0	-203	-0	-0	-0	-0	903	0	-403	-0	-1.97	330.41	-24.16	180.16	0	-190.1	2384.99	-0	-0	-0	300	0	200	-0
92	-0	-0	-0	1506	0	-203	-0	-0	-0	-0	2109	0	-203	-0	-0	-0	-0	903	0	-403	-0	-1.7	317.92	-23.82	182.48	0	-189.38	2238.5	-0	-0	-0	300	0	200	-0
93	-0	-0	-0	1506	0	-203	-0	-0	-0	-0	2109	0	-203	-0	0	0	0	903	0	-403	0	-1.22	306.79	-22.19	186.35	0	-188.97	2317.15	-0	-0	-0	300	0	200	-0
94	-0	-0	-0	1506	0	-203	-0	-0	-0	-0	2109	0	-203	-0	-0	-0	-0	903	0	-403	-0	-1.29	295.93	-20.7	189.27	0	-188.69	2293.6	-0	-0	-0	300	0	200	-0
95	-0	-0	-0	1506	0	-203	-0	-0	-0	-0	2109	0	-203	-0	-0	-0	-0	903	0	-403	-0	-1.43	287.52	-18.94	191.54	0	-188.66	2150.19	-0	-0	-0	300	0	200	-0
96	-0	-0	-0	1506	0	-203	-0	-0	-0	-0	2109	0	-203	-0	0	0	0	903	0	-403	0	-1.15	279.91	-17.51	195.44	0	-188.46	2306.28	-0	-0	-0	300	0	200	-0
97	-0	-0	-0	1506	0	-203	-0	-0	-0	-0	2109	0	-203	-0	-0	-0	-0	903	0	-403	-0	-1.22	272.58	-15.48	198.25	0	-188.73	2250.62	-0	-0	-0	300	0	200	-0
98	-0	-0	-0	1506	0	-203	-0	-0	-0	-0	2109	0	-203	-0	-0	-0	-0	903	0	-403	-0	-0.61	267.7	-14.93	200.46	0	-187.9	2290.31	-0	-0	-0	300	0	200	-0
99	-0	-0	-0	1506	0	-203	-0	-0	-0	-0	2109	0	-203	-0	-0	-0	-0	903	0	-403	-0	-0.88	262.81	-13.57	203.12	0	-188.2	2436.64	-0	-0	-0	300	0	200	-0
100	-0	-0	-0	1506	0	-203	-0	-0	-0	-0	2109	0	-203	-0	-0	-0	-0	903	0	-403	-0	-0.2	260.37	-13.24	206.08	0	-188.11	2466.64	-0	-0	-0	300	0	200	-0
101	-0	-0	-0	1506	0	-203	-0	-0	-0	-0	2109	0	-203	-0	-0	-0	-0	903	0	-403	-0	-0.27	256.02	-13.3	207.29	0	-188.19	2502.76	-0	-0	-0	300	0	200	-0
102	-0	-0	-0	1506	0	-203	-0	-0	-0	-0	2109	0	-203	-0	0	0	0	903	0	-403	0	0.95	255.21	-12.96	210.56	0	-188.35	2478.19	0	0	0	300	0	200	0
103	-0	-0	-0	1506	0	-203	-0	-0	-0	-0	2109	0	-203	-0	-0	-0	-0	903	0	-403	-0	2.44	255.48	-14.05	212.98	0	-188.05	2332.56	-0	-0	-0	300	0	200	-0
104	-0	-0	-0	1506	0	-203	-0	-0	-0	-0	2109	0	-203	-0	-0	-0	-0	903	0	-403	-0	6.24	255.21	-19.14	214.67	0	-188.14	1397.43	-0	-0	-0	300	0	200	-0
105	-0	-0	-0	1506	0	-203	-0	-0	-0	-0	2109	0	-203	-0	-0	-0	-0	903	0	-403	-0	6.72	257.38	-19.82	217.58	0	-187.19	1128.97	-0	-0	-0	300	0	200	-0
106	-0	-0	-0	1506	0	-203	-0	-0	-0	-0	2109	0	-203	-0	-0	-0	-0	903	0	-403	-0	6.04	260.91	-19.41	219.97	0	-186.82	800.78	-0	-0	-0	300	0	200	-0
107	-0	-0	-0	1506	0	-203	-0	-0	-0	-0	2109	0	-203	-0	-0	-0	-0	903	0	-403	-0	5.57	263.35	-20.09	220.19	0	-187.5	1053.5	-0	-0	-0	300	0	200	-0
108	-0	-0	-0	1506	0	-203	-0	-0	-0	-0	2109	0	-203	-0	-0	-0	-0	903	0	-403	-0	4.68	271.5	-20.84	221.77	0	-187.4	993.38	-0	-0	-0	300	0	200	-0
109	-0	-0	-0	1506	0	-203	-0	-0	-0	-0	2109	0	-203	-0	-0	-0	-0	903	0	-403	-0	3.94	277.74	-20.63	222.98	0	-187.71	992.84	-0	-0	-0	300	0	200	-0
110	-0	-0	-0	1506	0	-203	-0	-0	-0	-0	2109	0	-203	-0	-0	-0	-0	903	0	-403	-0	4	286.16	-21.72	223.75	0	-188.11	1382.68	-0	-0	-0	300	0	200	-0
111	-0	-0	-0	1506	0	-203	-0	-0	-0	-0	2109	0	-203	-0	-0	-0	-0	903	0	-403	-0	3.73	296.48	-20.91	224.96	0	-188.49	1217.97	-0	-0	-0	300	0	200	-0
112	-0	-0	-0	1506	0	-203	-0	-0	-0	-0	2109	0	-203	-0	-0	-0	-0	903	0	-403	-0	4.07	308.69	-20.5	226.01	0	-188.75	1282.73	-0	-0	-0	300	0	200	-0
113	-0	-0	-0	1506	0	-203	-0	-0	-0	-0	2109	0	-203	-0	-0	-0	-0	903	0	-403	-0	4.82	319.01	-19.28	226.03	0	-189.47	1624.48	-0	-0	-0	300	0	200	-0
114	-0	-0	-0	1506	0	-203	-0	-0	-0	-0	2109	0	-203	-0	-0	-0	-0	903	0	-403	-0	5.91	332.86	-18.6	226.58	0	-190.15	1608.58	-0	-0	-0	300	0	200	-0
115	-0	-0	-0	1506	0	-203	-0	-0	-0	-0	2109	0	-203	-0	-0	-0	-0	903	0	-403	-0	7.19	347.79	-17.44	227.39	0	-190.67	1801.94	-0	-0	-0	300	0	200	-0
116	-0	-0	-0	1506	0	-203	-0	-0	-0	-0	2109	0	-203	-0	-0	-0	-0	903	0	-403	-0	9.3	360.01	-16.56	228.05	0	-191.2	2157.56	-0	-0	-0	300	0	200	-0
117	-0	-0	-0	1506	0	-203	-0	-0	-0	-0	2109	0	-203	-0	-0	-0	-0	903	0	-403	-0	12.62	377.65	-15.68	228.2	0	-191.64	2233.93	-0	-0	-0	300	0	200	-0
118	-0	-0	-0	1506	0	-203	-0	-0	-0	-0	2109	0	-203	-0	-0	-0	-0	903	0	-403	-0	16.7	395.84	-14.66	228.33	0	-192.37	2661.03	-0	-0	-0	300	0	200	-0
119	-0	-0	-0	1506	0	-203	-0	-0	-0	-0	2109	0	-203	-0	-0	-0	-0	903	0	-403	-0	20.36	410.51	-12.76	228.84	0	-192.82	2905.66	-0	-0	-0	300	0	200	-0
120	-0	-0	-0	1506	0	-203	-0	-0	-0	-0	2109	0	-203	-0	-0	-0	-0	903	0	-403	-0	24.98	432.77	-10.38	229.47	0	-193.38	3055.5	0	0	0	300	0	200	0
121	-0	-0	-0	1506	0	-203	-0	-0	-0	-0	2109	0	-203	-0	-0	-0	-0	903	0	-403	-0	29.12	453.13	-8.21	230.05	0	-193.75	3454.65	-0	-0	-0	300	0	200	-0
122	-0	-0	-0	1506	0	-203	-0	-0	-0	-0	2109	0	-203	-0	-0	-0	-0	903	0	-403	-0	32.78	472.41	-6.38	230.54	0	-194.59	3711.91	-0	-0	-0	300	0	200	-0
123	-0	-0	-0	1506	0	-203	-0	-0	-0	-0	2109	0	-203	-0	-0	-0	-0	903	0	-403	-0	36.92	496.84	-5.09	231.05	0	-194.76	4009.93	-0	-0	-0	300	0	200	-0
124	-0	-0	-0	1506	0	-203	-0	-0	-0	-0	2109	0	-203	-0	-0	-0	-0	903	0	-403	-0	41.13	520.19	-3.6	231.41	0	-195.5	4458.28	-0	-0	-0	300	0	200	-0
125	-0	-0	-0	1506	0	-203	-0	-0	-0	-0	2109	0	-203	-0	-0	-0	-0	903	0	-403	-0	45.34	540.01	-2.65	231.88	0	-195.9	4592.32	-0	-0	-0	300	0	200	-0
126	-0	-0	-0	1506	0	-203	-0	-0	-0	-0	2109	0	-203	-0	-0	-0	-0	903	0	-403	-0	49.75	565.53	-2.04	232.08	0	-196.27	4973.51	-0	-0	-0	300	0	200	-0
127	-0	-0	-0	1506	0	-203	-0	-0	-0	-0	2109	0	-203	-0	-0	-0	-0	903	0	-403	-0	55.18	590.78	-1.83	232.88	0	-196.53	5246.56	0	0	0	300	0	200	0
128	-0	-0	-0	1506	0	-203	-0	-0	-0	-0	2109	0	-203	-0	0	0	0	903	0	-403	0	59.93	611.96	-1.97	233.04	0	-196.76	5398.37	0	0	0	300	0	200	0
129	-0	-0	-0	1506	0	-203	-0	-0	-0	-0	2109	0	-203	-0	-0	-0	-0	903	0	-403	-0	65.16	640.46	-2.24	233.67	0	-197.1	5623.76	-0	-0	-0	300	0	200	-0
130	-0	-0	-0	1506	0	-203	-0	-0	-0	-0	2109	0	-203	-0	-0	-0	-0	903	0	-403	-0	70.25	666.53	-2.99	234.18	0	-197.31	5885.77	-0	-0	-0	300	0	200	-0
131	-0	-0	-0	1506	0	-203	-0	-0	-0	-0	2109	0	-203	-0	-0	-0	-0	903	0	-403	-0	74.66	687.43	-3.6	234.73	0	-197.54	5814.58	-0	-0	-0	300	0	200	-0
132	-0	-0	-0	1506	0	-203	-0	-0	-0	-0	2109	0	-203	-0	-0	-0	-0	903	0	-403	-0	79.96	715.4	-4.75	235.32	0	-197.64	6016	-0	-0	-0	300	0	200	-0
133	-0	-0	-0	1506	0	-203	-0	-0	-0	-0	2109	0	-203	-0	-0	-0	-0	903	0	-403	-0	85.05	739.29	-6.38	235.56	0	-197.74	6209.52	-0	-0	-0	300	0	200	-0
134	-0	-0	-0	1506	0	-203	-0	-0	-0	-0	2109	0	-203	-0	-0	-0	-0	903	0	-403	-0	90.14	761.28	-7.6	236.19	0	-198.02	6109.42	0	0	0	300	0	200	0
135	-0	-0	-0	1506	0	-203	-0	-0	-0	-0	2109	0	-203	-0	-0	-0	-0	903	0	-403	-0	95.77	783	-9.3	236.43	0	-198.03	6300.9	-0	-0	-0	300	0	200	-0
136	-0	-0	-0	1506	0	-203	-0	-0	-0	-0	2109	0	-203	-0	-0	-0	-0	903	0	-403	-0	101.27	806.62	-11.27	237.13	0	-198.37	6316.01	-0	-0	-0	300	0	200	-0
137	-0	-0	-0	1506	0	-203	-0	-0	-0	-0	2109	0	-203	-0	-0	-0	-0	903	0	-403	-0	106.36	821.82	-12.96	237.52	0	-198.38	6230.52	-0	-0	-0	300	0	200	-0
138	-0	-0	-0	1506	0	-203	-0	-0	-0	-0	2109	0	-203	-0	-0	-0	-0	903	0	-403	-0	112.47	843.82	-14.53	238.07	0	-198.42	6318.63	-0	-0	-0	300	0	200	-0
139	-0	-0	-0	1506	0	-203	-0	-0	-0	-0	2109	0	-203	-0	-0	-0	-0	903	0	-403	-0	118.71	861.46	-16.56	238.44	0	-198.44	6237.5	-0	-0	-0	300	0	200	-0
140	-0	-0	-0	1506	0	-203	-0	-0	-0	-0	2109	0	-203	-0	-0	-0	-0	903	0	-403	-0	123.67	875.85	-17.78	239.23	0	-198.43	6096.28	-0	-0	-0	300	0	200	-0
141	-0	-0	-0	1506	0	-203	-0	-0	-0	-0	2109	0	-203	-0	-0	-0	-0	903	0	-403	-0	130.25	890.51	-19.48	239.81	0	-198.68	6205.49	-0	-0	-0	300	0	200	-0
142	-0	-0	-0	1506	0	-203	-0	-0	-0	-0	2109	0	-203	-0	-0	-0	-0	903	0	-403	-0	136.56	903.82	-20.77	240.3	0	-198.77	6134.4	-0	-0	-0	300	0	200	-0
143	-0	-0	-0	1506	0	-203	-0	-0	-0	-0	2109	0	-203	-0	-0	-0	-0	903	0	-403	-0	142.2	914.41	-21.79	240.83	0	-198.88	6028.92	-0	-0	-0	300	0	200	-0
144	-0	-0	-0	1506	0	-203	-0	-0	-0	-0	2109	0	-203	-0	-0	-0	-0	903	0	-403	-0	148.44	922.28	-22.87	241.38	0	-199.08	6055.22	-0	-0	-0	300	0	200	-0
145	-0	-0	-0	1506	0	-203	-0	-0	-0	-0	2109	0	-203	-0	-0	-0	-0	903	0	-403	-0	154.41	929.61	-24.03	242.12	0	-199.17	5923.12	-0	-0	-0	300	0	200	-0
146	-0	-0	-0	1506	0	-203	-0	-0	-0	-0	2109	0	-203	-0	-0	-0	-0	903	0	-403	-0	159.16	934.23	-23.69	242.88	0	-199.26	5814.85	-0	-0	-0	300	0	200	-0
147	-0	-0	-0	1506	0	-203	-0	-0	-0	-0	2109	0	-203	-0	-0	-0	-0	903	0	-403	-0	164.66	936.4	-24.03	243.38	0	-199.45	5716.69	-0	-0	-0	300	0	200	-0
148	-0	-0	-0	1506	0	-203	-0	-0	-0	-0	2109	0	-203	-0	-0	-0	-0	903	0	-403	-0	170.23	935.85	-24.3	243.94	0	-199.63	5533.73	-0	-0	-0	300	0	200	-0
149	-0	-0	-0	1506	0	-203	-0	-0	-0	-0	2109	0	-203	-0	-0	-0	-0	903	0	-403	-0	174.64	934.23	-23.96	244.76	0	-199.81	5519.61	-0	-0	-0	300	0	200	-0
150	-0	-0	-0	1506	0	-203	-0	-0	-0	-0	2109	0	-203	-0	-0	-0	-0	903	0	-403	-0	179.19	927.44	-23.96	245.5	0	-199.91	5351.07	-0	-0	-0	300	0	200	-0
151	-0	-0	-0	1506	0	-203	-0	-0	-0	-0	2109	0	-203	-0	-0	-0	-0	903	0	-403	-0	183.74	920.11	-23.08	246.17	0	-200.14	5143.23	0	0	0	300	0	200	0
152	-0	-0	-0	1506	0	-203	-0	-0	-0	-0	2109	0	-203	-0	-0	-0	-0	903	0	-403	-0	184.28	912.78	-22.81	246.87	0	-200.25	5049.15	-0	-0	-0	300	0	200	-0
153	-0	-0	-0	1506	0	-203	-0	-0	-0	-0	2109	0	-203	-0	-0	-0	-0	903	0	-403	-0	184.21	900.83	-22.6	247.32	0	-200.5	4823.66	-0	-0	-0	300	0	200	-0
154	-0	-0	-0	1506	0	-203	-0	-0	-0	-0	2109	0	-203	-0	-0	-0	-0	903	0	-403	-0	184.48	889.16	-22.13	248.04	0	-200.64	4648.86	0	0	0	300	0	200	0
155	-0	-0	-0	1506	0	-203	-0	-0	-0	-0	2109	0	-203	-0	-0	-0	-0	903	0	-403	-0	184.35	875.31	-20.97	248.57	0	-200.68	4546.04	-0	-0	-0	300	0	200	-0
156	-0	-0	-0	1506	0	-203	-0	-0	-0	-0	2109	0	-203	-0	-0	-0	-0	903	0	-403	-0	184.14	856.85	-20.43	249.14	0	-200.86	4182.47	-0	-0	-0	300	0	200	-0
157	-0	-0	-0	1506	0	-203	-0	-0	-0	-0	2109	0	-203	-0	-0	-0	-0	903	0	-403	-0	184.55	838.66	-19.48	250.01	0	-201.03	4023.08	-0	-0	-0	300	0	200	-0
158	-0	-0	-0	1506	0	-203	-0	-0	-0	-0	2109	0	-203	-0	-0	-0	-0	903	0	-403	-0	184.35	822.64	-18.87	250.54	0	-201.09	3865	-0	-0	-0	300	0	200	-0
159	-0	-0	-0	1506	0	-203	-0	-0	-0	-0	2109	0	-203	-0	-0	-0	-0	903	0	-403	-0	184.75	799.02	-18.39	251.15	0	-201.27	3522.39	-0	-0	-0	300	0	200	-0
160	-0	-0	-0	1506	0	-203	-0	-0	-0	-0	2109	0	-203	-0	-4.68	45.07	-3.12	910.65	0	-308.74	-84.12	184.62	774.58	-18.05	251.84	0	-201.22	3362.95	-0	-0	-0	300	0	200	-0
161	-0	-0	-0	1506	0	-203	-0	-0	-0	-0	2109	0	-203	-0	-20.5	273.94	-18.39	911.81	0	-309.86	59.43	184.69	751.78	-17.24	252.32	0	-201.37	3187.4	-0	-0	-0	300	0	200	-0
162	-0	-0	-0	1506	0	-203	-0	-0	-0	-0	2109	0	-203	-0	-34.21	484.62	-36.18	913.9	0	-310.71	-412.56	184.69	726.8	-16.02	253.11	0	-201.37	2777.03	0	0	0	300	0	200	0
163	-0	-0	-0	1506	0	-203	-0	-0	-0	-0	2109	0	-203	-0	-50.7	437.92	-54.1	917.24	0	-308.77	-266.02	184.69	696.94	-14.39	253.79	0	-201.34	2468.01	-0	-0	-0	300	0	200	-0
164	-0	-0	-0	1506	0	-203	-0	-0	-0	-0	2109	0	-203	-0	-59.73	402.36	-58.1	920	0	-309.83	-491.33	184.69	671.41	-13.91	254.31	0	-201.09	2242.97	-0	-0	-0	300	0	200	-0
165	-0	-0	-0	1506	0	-203	-0	-0	-0	-0	2109	0	-203	-0	-69.5	400.46	-58.58	922.18	0	-308.56	-357.63	184.75	638.84	-12.76	255.63	0	-201.19	1899.85	0	0	0	300	0	200	0
166	-0	-0	-0	1506	0	-203	-0	-0	-0	-0	2109	0	-203	-0	-79.41	450.68	-59.86	924.73	0	-309.66	-287.77	184.82	603.27	-10.86	257.06	0	-201.06	1660.38	-0	-0	-0	300	0	200	-0
167	-0	-0	-0	1506	0	-203	-0	-0	-0	-0	2109	0	-203	-0	-91.83	511.77	-69.16	929.87	0	-311.07	797.99	184.96	571.23	-9.5	258.11	0	-200.78	1357.75	-0	-0	-0	300	0	200	-0
168	-0	-0	-0	1506	0	-203	-0	-0	-0	-0	2109	0	-203	-0	-102.42	563.9	-57.63	935.04	0	-312.45	-11.29	184.62	531.32	-7.33	259.71	0	-200.59	961.57	-0	-0	-0	300	0	200	-0
169	-0	-0	-0	1506	0	-203	-0	-0	-0	-0	2109	0	-203	-0	-116	593.49	-37.87	938.16	0	-313.69	-262.6	179.59	492.77	-5.63	260.9	0	-200.43	792.18	-0	-0	-0	300	0	200	-0
170	-0	-0	-0	1506	0	-203	-0	-0	-0	-0	2109	0	-203	-0	-127.74	600.28	-26.54	940.96	0	-314.24	-313.18	174.03	457.47	-2.85	261.74	0	-200.2	560.67	0	0	0	300	0	200	0
171	-0	-0	-0	1506	0	-203	-0	-0	-0	-0	2109	0	-203	-0	-135.88	604.08	-25.86	943.8	0	-314.37	-441.09	164.32	414.58	0.2	262.71	0	-199.84	369.52	-0	-0	-0	300	0	200	-0
172	-0	-0	-0	1506	0	-203	-0	-0	-0	-0	2109	0	-203	-0	-137.58	598.65	-25.25	946.52	0	-315.59	-620	150.82	371.68	3.19	264.15	0	-199.99	396.02	-0	-0	-0	300	0	200	-0
173	-0	-0	-0	1506	0	-203	-0	-0	-0	-0	2109	0	-203	-0	-137.31	582.09	-19.21	948.4	0	-315.28	-1169.48	136.22	337.2	5.97	265.11	0	-199.61	265.25	0	0	0	300	0	200	0
174	-0	-0	-0	1506	0	-203	-0	-0	-0	-0	2109	0	-203	-0	-141.72	583.17	-8.21	951.7	0	-316.7	-2054.11	119.05	292.67	7.94	266.73	0	-199.75	365.81	-0	-0	-0	300	0	200	-0
175	-0	-0	-0	1506	0	-203	-0	-0	-0	-0	2109	0	-203	-0	-154.89	603.81	10.25	956.61	0	-317.62	-2777.22	98.01	247.06	10.86	269.69	0	-199.99	489.02	-0	-0	-0	300	0	200	-0
176	-0	-0	-0	1506	0	-203	-0	-0	-0	-0	2109	0	-203	-0	-171.52	642.63	27.69	960.28	0	-318.61	-3918.34	84.23	208.24	11.27	271.32	0	-200.55	446.21	-0	-0	-0	300	0	200	-0
177	-0	-0	-0	1506	0	-203	-0	-0	-0	-0	2109	0	-203	-0	-182.38	698.02	43.03	964.11	0	-319.36	-5487.5	68.01	160.46	9.98	274.73	0	-200.68	364.07	-0	-0	-0	300	0	200	-0
178	-0	-0	-0	1506	0	-203	-0	-0	-0	-0	2109	0	-203	-0	-182.58	749.06	49.68	967.35	0	-319.83	-7035.25	54.16	120.55	7.13	278.72	0	-200.48	201.6	-0	-0	-0	300	0	200	-0
179	-0	-0	-0	1506	0	-203	-0	-0	-0	-0	2109	0	-203	-0	-182.04	781.64	47.04	969.17	0	-320.01	-7662.62	48.12	93.94	5.7	280.18	0	-200.36	73.57	-0	-0	-0	300	0	200	-0
180	-0	-0	-0	1506	0	-203	-0	-0	-0	-0	2109	0	-203	-0	-182.38	819.92	41.34	970.86	0	-319.47	-7124.57	38.21	72.22	3.6	281.67	0	-200.33	28.41	-0	-0	-0	300	0	200	-0
181	-0	-0	-0	1506	0	-203	-0	-0	-0	-0	2109	0	-203	-0	-182.99	866.62	35.43	972.18	0	-319.13	-7015.7	25.93	54.57	2.51	288.63	0	-201.23	96.24	-0	-0	-0	300	0	200	-0
182	-0	-0	-0	1506	0	-203	-0	-0	-0	-0	2109	0	-203	-0	-182.51	904.63	31.49	973.41	0	-319.01	-6948.52	15.34	42.63	1.56	290.62	0	-200.09	16.53	-0	-0	-0	300	0	200	-0
183	-0	-0	-0	1506	0	-203	-0	-0	-0	-0	2109	0	-203	-0	-183.06	943.72	28.91	974.39	0	-318.73	-6507.19	6.79	31.22	-0.07	289.4	0	-202.56	68.4	-0	-0	-0	300	0	200	-0
184	-0	-0	-0	1506	0	-203	-0	-0	-0	-0	2109	0	-203	-0	-182.99	978.47	28.3	974.93	0	-318.91	-6766.19	-0	-0	-0	300	0	-203	-0	-0	-0	-0	300	0	200	-0
185	-0	-0	-0	1506	0	-203	-0	-0	-0	-0	2109	0	-203	-0	-182.92	1002.37	32.85	975.64	0	-318.89	-6683.71	-0	-0	-0	300	0	-203	-0	-0	-0	-0	300	0	200	-0
186	-0	-0	-0	1506	0	-203	-0	-0	-0	-0	2109	0	-203	-0	-182.92	1024.63	38.01	976.67	0	-318.8	-6619.89	-0	-0	-0	300	0	-203	-0	-0	-0	-0	300	0	200	-0
187	-0	-0	-0	1506	0	-203	-0	-0	-0	-0	2109	0	-203	-0	-183.53	1045.26	41.81	977.17	0	-318.99	-6166.94	-0	-0	-0	300	0	-203	-0	-0	-0	-0	300	0	200	-0
188	-0	-0	-0	1506	0	-203	-0	-0	-0	-0	2109	0	-203	-0	-183.19	1053.41	42.69	977.83	0	-319.02	-5378.98	-0	-0	-0	300	0	-203	-0	-0	-0	-0	300	0	200	-0
189	-0	-0	-0	1506	0	-203	-0	-0	-0	-0	2109	0	-203	-0	-183.06	1060.74	43.78	978.35	0	-318.98	-4600.7	-0	-0	-0	300	0	-203	-0	-0	-0	-0	300	0	200	-0
190	-0	-0	-0	1506	0	-203	-0	-0	-0	-0	2109	0	-203	-0	-183.4	1067.25	44.93	978.61	0	-319.35	-4119.04	-0	-0	-0	300	0	-203	-0	0	0	0	300	0	200	0
191	-0	-0	-0	1506	0	-203	-0	-0	-0	-0	2109	0	-203	-0	-183.06	1066.44	47.99	979.27	0	-319.38	-3576.29	-0	-0	-0	300	0	-203	-0	-0	-0	-0	300	0	200	-0
192	-0	-0	-0	1506	0	-203	-0	-0	-0	-0	2109	0	-203	-0	-179.66	1068.07	51.38	980.05	0	-319.45	-3657.18	-0	-0	-0	300	0	-203	-0	-0	-0	-0	300	0	200	-0
193	-0	-0	-0	1506	0	-203	-0	-0	-0	-0	2109	0	-203	-0	-174.44	1068.88	53.15	981	0	-319.54	-3647.25	-0	-0	-0	300	0	-203	-0	-0	-0	-0	300	0	200	-0
194	-0	-0	-0	1506	0	-203	-0	-0	-0	-0	2109	0	-203	-0	-169.89	1066.17	53.82	981.78	0	-319.37	-3269.63	-0	-0	-0	300	0	-203	-0	-0	-0	-0	300	0	200	-0
195	-0	-0	-0	1506	0	-203	-0	-0	-0	-0	2109	0	-203	-0	-163.31	1062.64	52.81	982.72	0	-319.48	-3258.95	-0	-0	-0	300	0	-203	-0	-0	-0	-0	300	0	200	-0
196	-0	-0	-0	1506	0	-203	-0	-0	-0	-0	2109	0	-203	-0	-156.86	1057.75	52.13	983.56	0	-319.48	-3115.74	-0	-0	-0	300	0	-203	-0	0	0	0	300	0	200	0
197	-0	-0	-0	1506	0	-203	-0	-0	-0	-0	2109	0	-203	-0	-150.82	1049.61	50.63	984.69	0	-319.59	-3355.08	-0	-0	-0	300	0	-203	-0	-0	-0	-0	300	0	200	-0
198	-0	-0	-0	1506	0	-203	-0	-0	-0	-0	2109	0	-203	-0	-144.37	1042	50.29	985.59	0	-319.53	-3419.56	-0	-0	-0	300	0	-203	-0	-0	-0	-0	300	0	200	-0
199	-0	-0	-0	1506	0	-203	-0	-0	-0	-0	2109	0	-203	-0	-136.63	1030.87	50.23	986.81	0	-319.47	-3365.97	-0	-0	-0	300	0	-203	-0	-0	-0	-0	300	0	200	-0
200	-0	-0	-0	1506	0	-203	-0	-0	-0	-0	2109	0	-203	-0	-130.73	1019.74	49.75	987.78	0	-319.47	-3453.57	0	0	0	300	0	-203	0	-0	-0	-0	300	0	200	-0
201	-0	-0	-0	1506	0	-203	-0	-0	-0	-0	2109	0	-203	-0	-124.35	1005.89	50.84	988.44	0	-319.54	-3397.32	-0	-0	-0	300	0	-203	-0	-0	-0	-0	300	0	200	-0
202	-0	-0	-0	1506	0	-203	-0	-0	-0	-0	2109	0	-203	-0	-117.02	989.06	51.31	989.62	0	-319.63	-3355.53	-0	-0	-0	300	0	-203	-0	-0	-0	-0	300	0	200	-0
203	-0	-0	-0	1506	0	-203	-0	-0	-0	-0	2109	0	-203	-0	-112.81	973.32	51.72	990.61	0	-319.52	-3394.62	-0	-0	-0	300	0	-203	-0	-0	-0	-0	300	0	200	-0
204	-0	-0	-0	1506	0	-203	-0	-0	-0	-0	2109	0	-203	-0	-106.09	952.95	52.74	991.73	0	-319.78	-3391.51	-0	-0	-0	300	0	-203	-0	-0	-0	-0	300	0	200	-0
205	-0	-0	-0	1506	0	-203	-0	-0	-0	-0	2109	0	-203	-0	-100.25	931.23	54.1	992.77	0	-320.06	-3272.24	-0	-0	-0	300	0	-203	-0	0	0	0	300	0	200	0
206	-0	-0	-0	1506	0	-203	-0	-0	-0	-0	2109	0	-203	-0	-95.23	907.34	54.64	994.45	0	-319.69	-3369.5	0	0	0	300	0	-203	0	-0	-0	-0	300	0	200	-0
207	-0	-0	-0	1506	0	-203	-0	-0	-0	-0	2109	0	-203	-0	-89.25	884.54	55.66	995.7	0	-320.16	-3308.62	-0	-0	-0	300	0	-203	-0	-0	-0	-0	300	0	200	-0
208	-0	-0	-0	1506	0	-203	-0	-0	-0	-0	2109	0	-203	-0	-83.55	858.2	56.27	997.05	0	-320.19	-3240.5	0	0	0	300	0	-203	0	-0	-0	-0	300	0	200	-0
209	-0	-0	-0	1506	0	-203	-0	-0	-0	-0	2109	0	-203	-0	-79.21	834.58	55.79	998.21	0	-320.22	-3279.75	-0	-0	-0	300	0	-203	-0	-0	-0	-0	300	0	200	-0
210	-0	-0	-0	1506	0	-203	-0	-0	-0	-0	2109	0	-203	-0	-74.46	807.97	54.64	999.94	0	-320.14	-3111.5	-0	-0	-0	300	0	-203	-0	-0	-0	-0	300	0	200	-0
211	-0	-0	-0	1506	0	-203	-0	-0	-0	-0	2109	0	-203	-0	-68.49	782.18	53.82	1001.27	0	-320.3	-3086.97	-0	-0	-0	300	0	-203	-0	-0	-0	-0	300	0	200	-0
212	-0	-0	-0	1506	0	-203	-0	-0	-0	-0	2109	0	-203	-0	-63.94	756.66	51.72	1002.43	0	-319.99	-3084.68	0	0	0	300	0	-203	0	-0	-0	-0	300	0	200	-0
213	-0	-0	-0	1506	0	-203	-0	-0	-0	-0	2109	0	-203	-0	-58.37	731.68	50.29	1003.75	0	-320.29	-3001.35	-0	-0	-0	300	0	-203	-0	-0	-0	-0	300	0	200	-0
214	-0	-0	-0	1506	0	-203	-0	-0	-0	-0	2109	0	-203	-0	-52.06	702.9	48.73	1005.44	0	-319.98	-3054.84	-0	-0	-0	300	0	-203	-0	-0	-0	-0	300	0	200	-0
215	-0	-0	-0	1506	0	-203	-0	-0	-0	-0	2109	0	-203	-0	-47.58	677.38	47.78	1006.64	0	-319.89	-2947.18	-0	-0	-0	300	0	-203	-0	0	0	0	300	0	200	0
216	-0	-0	-0	1506	0	-203	-0	-0	-0	-0	2109	0	-203	-0	-42.83	651.59	47.04	1007.95	0	-319.94	-2830.99	-0	-0	-0	300	0	-203	-0	-0	-0	-0	300	0	200	-0
217	-0	-0	-0	1506	0	-203	-0	-0	-0	-0	2109	0	-203	-0	-37.67	620.91	45.68	1009.87	0	-319.99	-2748.91	-0	-0	-0	300	0	-203	-0	-0	-0	-0	300	0	200	-0
218	-0	-0	-0	1506	0	-203	-0	-0	-0	-0	2109	0	-203	-0	-34.48	597.02	43.91	1010.79	0	-319.86	-2693.24	-0	-0	-0	300	0	-203	-0	-0	-0	-0	300	0	200	-0
219	-0	-0	-0	1506	0	-203	-0	-0	-0	-0	2109	0	-203	-0	-30	572.59	42.35	1012.24	0	-320.4	-2611.68	-0	-0	-0	300	0	-203	-0	-0	-0	-0	300	0	200	-0
220	-0	-0	-0	1506	0	-203	-0	-0	-0	-0	2109	0	-203	-0	-26.47	542.72	40.25	1014.11	0	-319.95	-2544.15	0	0	0	300	0	-203	0	-0	-0	-0	300	0	200	-0
221	-0	-0	-0	1506	0	-203	-0	-0	-0	-0	2109	0	-203	-0	-22.74	520.73	38.35	1015.88	0	-320.28	-2444.42	-0	-0	-0	300	0	-203	-0	-0	-0	-0	300	0	200	-0
222	-0	-0	-0	1506	0	-203	-0	-0	-0	-0	2109	0	-203	-0	-19.21	494.94	36.86	1017.81	0	-319.82	-2390.59	-0	-0	-0	300	0	-203	-0	-0	-0	-0	300	0	200	-0
223	-0	-0	-0	1506	0	-203	-0	-0	-0	-0	2109	0	-203	-0	-15.34	471.05	34.68	1018.92	0	-319.99	-2376.01	-0	-0	-0	300	0	-203	-0	-0	-0	-0	300	0	200	-0
224	-0	-0	-0	1506	0	-203	-0	-0	-0	-0	2109	0	-203	-0	-12.15	449.6	32.24	1020.74	0	-319.74	-2372.83	-0	-0	-0	300	0	-203	-0	0	0	0	300	0	200	0
225	-0	-0	-0	1506	0	-203	-0	-0	-0	-0	2109	0	-203	-0	-9.3	427.61	30.68	1022.86	0	-319.78	-2279.36	-0	-0	-0	300	0	-203	-0	0	0	0	300	0	200	0
226	-0	-0	-0	1506	0	-203	-0	-0	-0	-0	2109	0	-203	-0	-6.38	405.89	28.98	1024.51	0	-319.68	-2111.49	-0	-0	-0	300	0	-203	-0	-0	-0	-0	300	0	200	-0
227	-0	-0	-0	1506	0	-203	-0	-0	-0	-0	2109	0	-203	-0	-4.48	386.61	27.08	1027.11	0	-319.31	-2090.84	0	0	0	300	0	-203	0	-0	-0	-0	300	0	200	-0
228	-0	-0	-0	1506	0	-203	-0	-0	-0	-0	2109	0	-203	-0	-2.31	369.78	25.05	1028.77	0	-319.9	-2066.24	-0	-0	-0	300	0	-203	-0	0	0	0	300	0	200	0
229	-0	-0	-0	1506	0	-203	-0	-0	-0	-0	2109	0	-203	-0	-0.48	350.77	22.6	1030.98	0	-320.12	-2015.62	-0	-0	-0	300	0	-203	-0	-0	-0	-0	300	0	200	-0
230	-0	-0	-0	1506	0	-203	-0	-0	-0	-0	2109	0	-203	-0	0.75	334.76	20.7	1034.18	0	-318.91	-2077.58	-0	-0	-0	300	0	-203	-0	-0	-0	-0	300	0	200	-0
231	-0	-0	-0	1506	0	-203	-0	-0	-0	-0	2109	0	-203	-0	1.7	321.45	19.28	1036.65	0	-319.93	-1879.67	-0	-0	-0	300	0	-203	-0	-0	-0	-0	300	0	200	-0
232	-0	-0	-0	1506	0	-203	-0	-0	-0	-0	2109	0	-203	-0	1.63	304.35	16.83	1040.76	0	-319.39	-1751.28	-0	-0	-0	300	0	-203	-0	-0	-0	-0	300	0	200	-0
233	-0	-0	-0	1506	0	-203	-0	-0	-0	-0	2109	0	-203	-0	1.63	290.5	14.93	1044.15	0	-318.59	-1913.86	-0	-0	-0	300	0	-203	-0	-0	-0	-0	300	0	200	-0
234	-0	-0	-0	1506	0	-203	-0	-0	-0	-0	2109	0	-203	-0	1.56	280.73	12.9	1046.66	0	-318.89	-1864.5	-0	-0	-0	300	0	-203	-0	-0	-0	-0	300	0	200	-0
235	-0	-0	-0	1506	0	-203	-0	-0	-0	-0	2109	0	-203	-0	1.02	267.15	10.52	1052.25	0	-317.76	-1821.37	0	0	0	300	0	-203	0	-0	-0	-0	300	0	200	-0
236	-0	-0	-0	1506	0	-203	-0	-0	-0	-0	2109	0	-203	-0	-0.07	257.11	8.35	1057.28	0	-317.06	-1938.55	-0	-0	-0	300	0	-203	-0	-0	-0	-0	300	0	200	-0
237	-0	-0	-0	1506	0	-203	-0	-0	-0	-0	2109	0	-203	-0	0.14	252.76	6.65	1059.55	0	-318.42	-1914.66	-0	-0	-0	300	0	-203	-0	-0	-0	-0	300	0	200	-0
238	-0	-0	-0	1506	0	-203	-0	-0	-0	-0	2109	0	-203	-0	-0.14	245.98	4.95	1063.92	0	-317.72	-1911.45	-0	-0	-0	300	0	-203	-0	-0	-0	-0	300	0	200	-0
239	-0	-0	-0	1506	0	-203	-0	-0	-0	-0	2109	0	-203	-0	1.43	240	3.8	1068.79	0	-317.26	-2050.37	-0	-0	-0	300	0	-203	-0	-0	-0	-0	300	0	200	-0
240	-0	-0	-0	1506	0	-203	-0	-0	-0	-0	2109	0	-203	-0	2.92	238.65	3.26	1071.76	0	-317.93	-2024.08	-0	-0	-0	300	0	-203	-0	0	0	0	300	0	200	0
241	-0	-0	-0	1506	0	-203	-0	-0	-0	-0	2109	0	-203	-0	4.41	237.29	3.26	1075.34	0	-317.15	-1973.93	-0	-0	-0	300	0	-203	-0	-0	-0	-0	300	0	200	-0
242	-0	-0	-0	1506	0	-203	-0	-0	-0	-0	2109	0	-203	-0	6.86	236.47	3.53	1079.78	0	-317.15	-1979.89	-0	-0	-0	300	0	-203	-0	-0	-0	-0	300	0	200	-0
243	-0	-0	-0	1506	0	-203	-0	-0	-0	-0	2109	0	-203	-0	9.57	239.19	7.4	1081.93	0	-317.6	-1455.38	-0	-0	-0	300	0	-203	-0	-0	-0	-0	300	0	200	-0
244	-0	-0	-0	1506	0	-203	-0	-0	-0	-0	2109	0	-203	-0	11.47	241.63	12.9	1084.91	0	-317.95	-762.13	-0	-0	-0	300	0	-203	-0	0	0	0	300	0	200	0
245	-0	-0	-0	1506	0	-203	-0	-0	-0	-0	2109	0	-203	-0	12.83	244.62	14.93	1087.76	0	-317.36	-442.91	-0	-0	-0	300	0	-203	-0	-0	-0	-0	300	0	200	-0
246	-0	-0	-0	1506	0	-203	-0	-0	-0	-0	2109	0	-203	-0	12.76	253.31	14.86	1088.72	0	-317.73	-451.24	-0	-0	-0	300	0	-203	-0	-0	-0	-0	300	0	200	-0
247	-0	-0	-0	1506	0	-203	-0	-0	-0	-0	2109	0	-203	-0	12.15	264.44	14.05	1088.42	0	-317.25	-522.64	0	0	0	300	0	-203	0	-0	-0	-0	300	0	200	-0
248	-0	-0	-0	1506	0	-203	-0	-0	-0	-0	2109	0	-203	-0	12.22	273.13	12.49	1088.22	0	-317.46	-731.63	-0	-0	-0	300	0	-203	-0	-0	-0	-0	300	0	200	-0
249	-0	-0	-0	1506	0	-203	-0	-0	-0	-0	2109	0	-203	-0	12.01	283.71	11	1090.6	0	-316.86	-846.06	-0	-0	-0	300	0	-203	-0	0	0	0	300	0	200	0
250	-0	-0	-0	1506	0	-203	-0	-0	-0	-0	2109	0	-203	-0	12.49	298.65	9.98	1089.76	0	-316.5	-1009.77	-0	-0	-0	300	0	-203	-0	-0	-0	-0	300	0	200	-0
251	-0	-0	-0	1506	0	-203	-0	-0	-0	-0	2109	0	-203	-0	13.51	309.23	9.98	1091.13	0	-316.03	-1028.53	-0	-0	-0	300	0	-203	-0	-0	-0	-0	300	0	200	-0
252	-0	-0	-0	1506	0	-203	-0	-0	-0	-0	2109	0	-203	-0	15.27	325.52	10.11	1091.41	0	-315.85	-1089.09	-0	-0	-0	300	0	-203	-0	-0	-0	-0	300	0	200	-0
253	-0	-0	-0	1506	0	-203	-0	-0	-0	-0	2109	0	-203	-0	16.22	344.8	9.03	1091.04	0	-316	-1289.5	-0	-0	-0	300	0	-203	-0	-0	-0	-0	300	0	200	-0
254	-0	-0	-0	1506	0	-203	-0	-0	-0	-0	2109	0	-203	-0	19	357.02	8.42	1092.56	0	-314.57	-1434.94	-0	-0	-0	300	0	-203	-0	-0	-0	-0	300	0	200	-0
255	-0	-0	-0	1506	0	-203	-0	-0	-0	-0	2109	0	-203	-0	19.89	377.11	6.86	1092.49	0	-314.71	-1630.81	-0	-0	-0	300	0	-203	-0	-0	-0	-0	300	0	200	-0
256	-0	-0	-0	1506	0	-203	-0	-0	-0	-0	2109	0	-203	-0	21.86	397.74	4.55	1093.2	0	-314.02	-2100.3	-0	-0	-0	300	0	-203	-0	-0	-0	-0	300	0	200	-0
257	-0	-0	-0	1506	0	-203	-0	-0	-0	-0	2109	0	-203	-0	23.21	413.76	3.19	1093.97	0	-313.7	-2265.36	-0	-0	-0	300	0	-203	-0	0	0	0	300	0	200	0
258	-0	-0	-0	1506	0	-203	-0	-0	-0	-0	2109	0	-203	-0	24.77	434.67	1.83	1094.43	0	-313.36	-2512.92	-0	-0	-0	300	0	-203	-0	-0	-0	-0	300	0	200	-0
259	-0	-0	-0	1506	0	-203	-0	-0	-0	-0	2109	0	-203	-0	27.62	457.2	-0.75	1095.28	0	-312.98	-3025.03	-0	-0	-0	300	0	-203	-0	-0	-0	-0	300	0	200	-0
260	-0	-0	-0	1506	0	-203	-0	-0	-0	-0	2109	0	-203	-0	30.54	476.75	-1.49	1095.7	0	-313.03	-3278.84	-0	-0	-0	300	0	-203	-0	-0	-0	-0	300	0	200	-0
261	-0	-0	-0	1506	0	-203	-0	-0	-0	-0	2109	0	-203	-0	33.33	498.2	-2.24	1096.01	0	-312.5	-3469.01	-0	-0	-0	300	0	-203	-0	-0	-0	-0	300	0	200	-0
262	-0	-0	-0	1506	0	-203	-0	-0	-0	-0	2109	0	-203	-0	37.6	522.9	-3.6	1096.42	0	-312.11	-3894.58	0	0	0	300	0	-203	0	-0	-0	-0	300	0	200	-0
263	-0	-0	-0	1506	0	-203	-0	-0	-0	-0	2109	0	-203	-0	42.08	544.35	-3.53	1096.24	0	-312.65	-4056.66	-0	-0	-0	300	0	-203	-0	-0	-0	-0	300	0	200	-0
264	-0	-0	-0	1506	0	-203	-0	-0	-0	-0	2109	0	-203	-0	46.97	565.8	-3.87	1097.08	0	-312.2	-4439.95	-0	-0	-0	300	0	-203	-0	-0	-0	-0	300	0	200	-0
265	-0	-0	-0	1506	0	-203	-0	-0	-0	-0	2109	0	-203	-0	53.21	590.23	-3.19	1097.46	0	-312.24	-4739.64	-0	-0	-0	300	0	-203	-0	-0	-0	-0	300	0	200	-0
266	-0	-0	-0	1506	0	-203	-0	-0	-0	-0	2109	0	-203	-0	59.05	610.05	-2.24	1097.77	0	-312.23	-5037.81	-0	-0	-0	300	0	-203	-0	0	0	0	300	0	200	0
267	-0	-0	-0	1506	0	-203	-0	-0	-0	-0	2109	0	-203	-0	63.33	633.67	-0.41	1097.8	0	-312.35	-5018.42	-0	-0	-0	300	0	-203	-0	-0	-0	-0	300	0	200	-0
268	-0	-0	-0	1506	0	-203	-0	-0	-0	-0	2109	0	-203	-0	70.86	657.29	0.61	1098.06	0	-312.6	-5327.82	-0	-0	-0	300	0	-203	-0	-0	-0	-0	300	0	200	-0
269	-0	-0	-0	1506	0	-203	-0	-0	-0	-0	2109	0	-203	-0	76.15	676.03	2.17	1098.53	0	-312.48	-5455.36	-0	-0	-0	300	0	-203	-0	-0	-0	-0	300	0	200	-0
270	-0	-0	-0	1506	0	-203	-0	-0	-0	-0	2109	0	-203	-0	82.13	697.47	3.8	1098.43	0	-312.65	-5492.99	-0	-0	-0	300	0	-203	-0	-0	-0	-0	300	0	200	-0
271	-0	-0	-0	1506	0	-203	-0	-0	-0	-0	2109	0	-203	-0	89.59	718.92	5.7	1099.2	0	-312.56	-5616.75	-0	-0	-0	300	0	-203	-0	-0	-0	-0	300	0	200	-0
272	-0	-0	-0	1506	0	-203	-0	-0	-0	-0	2109	0	-203	-0	95.43	737.93	6.99	1099.12	0	-312.91	-5736.59	-0	-0	-0	300	0	-203	-0	-0	-0	-0	300	0	200	-0
273	-0	-0	-0	1506	0	-203	-0	-0	-0	-0	2109	0	-203	-0	101.61	757.48	9.3	1099.39	0	-312.98	-5641.44	-0	-0	-0	300	0	-203	-0	-0	-0	-0	300	0	200	-0
274	-0	-0	-0	1506	0	-203	-0	-0	-0	-0	2109	0	-203	-0	109.55	778.65	10.93	1099.56	0	-313.11	-5824.03	-0	-0	-0	300	0	-203	-0	-0	-0	-0	300	0	200	-0
275	-0	-0	-0	1506	0	-203	-0	-0	-0	-0	2109	0	-203	-0	115.18	797.66	13.44	1099.58	0	-313.62	-5647.77	0	0	0	300	0	-203	0	-0	-0	-0	300	0	200	-0
276	-0	-0	-0	1506	0	-203	-0	-0	-0	-0	2109	0	-203	-0	121.16	814.22	14.93	1100.31	0	-313.44	-5631.91	-0	-0	-0	300	0	-203	-0	-0	-0	-0	300	0	200	-0
277	-0	-0	-0	1506	0	-203	-0	-0	-0	-0	2109	0	-203	-0	128.28	835.94	16.49	1099.98	0	-313.67	-5593.03	-0	-0	-0	300	0	-203	-0	-0	-0	-0	300	0	200	-0
278	-0	-0	-0	1506	0	-203	-0	-0	-0	-0	2109	0	-203	-0	133.58	851.14	17.85	1100.53	0	-313.68	-5448.11	-0	-0	-0	300	0	-203	-0	0	0	0	300	0	200	0
279	-0	-0	-0	1506	0	-203	-0	-0	-0	-0	2109	0	-203	-0	138.67	867.16	18.39	1100.86	0	-313.69	-5375.86	-0	-0	-0	300	0	-203	-0	-0	-0	-0	300	0	200	-0
280	-0	-0	-0	1506	0	-203	-0	-0	-0	-0	2109	0	-203	-0	145.05	883.72	18.33	1101.13	0	-313.64	-5448.89	-0	-0	-0	300	0	-203	-0	0	0	0	300	0	200	0
281	-0	-0	-0	1506	0	-203	-0	-0	-0	-0	2109	0	-203	-0	150.07	894.85	19.07	1102.09	0	-313.45	-5238.39	-0	-0	-0	300	0	-203	-0	-0	-0	-0	300	0	200	-0
282	-0	-0	-0	1506	0	-203	-0	-0	-0	-0	2109	0	-203	-0	155.23	907.61	18.46	1102.19	0	-313.6	-5150.32	-0	-0	-0	300	0	-203	-0	-0	-0	-0	300	0	200	-0
283	-0	-0	-0	1506	0	-203	-0	-0	-0	-0	2109	0	-203	-0	161.61	919.02	17.58	1102.46	0	-313.57	-5193.32	-0	-0	-0	300	0	-203	-0	-0	-0	-0	300	0	200	-0
284	-0	-0	-0	1506	0	-203	-0	-0	-0	-0	2109	0	-203	-0	166.22	923.9	17.31	1103.6	0	-313.31	-5038.72	-0	-0	-0	300	0	-203	-0	-0	-0	-0	300	0	200	-0
285	-0	-0	-0	1506	0	-203	-0	-0	-0	-0	2109	0	-203	-0	170.43	931.78	16.56	1103.61	0	-313.37	-4784.6	-0	-0	-0	300	0	-203	-0	-0	-0	-0	300	0	200	-0
286	-0	-0	-0	1506	0	-203	-0	-0	-0	-0	2109	0	-203	-0	175.12	931.78	15.48	1104.96	0	-312.92	-4631.81	-0	-0	-0	300	0	-203	-0	-0	-0	-0	300	0	200	-0
287	-0	-0	-0	1506	0	-203	-0	-0	-0	-0	2109	0	-203	-0	175.25	935.85	15.34	1104.45	0	-313.28	-3914.11	-0	-0	-0	300	0	-203	-0	-0	-0	-0	300	0	200	-0
288	-0	-0	-0	1506	0	-203	-0	-0	-0	-0	2109	0	-203	-0	175.05	934.49	14.39	1104.75	0	-313.18	-3319.54	-0	-0	-0	300	0	-203	-0	0	0	0	300	0	200	0
289	-0	-0	-0	1506	0	-203	-0	-0	-0	-0	2109	0	-203	-0	175.52	927.7	13.98	1105.65	0	-312.94	-2562.17	-0	-0	-0	300	0	-203	-0	-0	-0	-0	300	0	200	-0
290	-0	-0	-0	1506	0	-203	-0	-0	-0	-0	2109	0	-203	-0	175.32	923.9	13.71	1105.56	0	-313.1	-1788.19	-0	-0	-0	300	0	-203	-0	-0	-0	-0	300	0	200	-0
291	-0	-0	-0	1506	0	-203	-0	-0	-0	-0	2109	0	-203	-0	174.91	914.13	12.96	1106.14	0	-313.15	-1076.33	-0	-0	-0	300	0	-203	-0	-0	-0	-0	300	0	200	-0
292	-0	-0	-0	1506	0	-203	-0	-0	-0	-0	2109	0	-203	-0	175.25	897.84	12.76	1107.05	0	-312.78	-446.48	-0	-0	-0	300	0	-203	-0	-0	-0	-0	300	0	200	-0
293	-0	-0	-0	1506	0	-203	-0	-0	-0	-0	2109	0	-203	-0	175.25	888.61	12.76	1106.96	0	-313.2	223.06	-0	-0	-0	300	0	-203	-0	-0	-0	-0	300	0	200	-0
294	-0	-0	-0	1506	0	-203	-0	-0	-0	-0	2109	0	-203	-0	175.05	869.88	12.29	1107.69	0	-313.15	832.99	-0	-0	-0	300	0	-203	-0	-0	-0	-0	300	0	200	-0
295	-0	-0	-0	1506	0	-203	-0	-0	-0	-0	2109	0	-203	-0	175.59	849.78	12.15	1108.17	0	-313.47	1452.18	-0	-0	-0	300	0	-203	-0	0	0	0	300	0	200	0
296	-0	-0	-0	1506	0	-203	-0	-0	-0	-0	2109	0	-203	-0	175.45	830.78	12.29	1108.96	0	-313.47	1947.36	-0	-0	-0	300	0	-203	-0	-0	-0	-0	300	0	200	-0
297	-0	-0	-0	1506	0	-203	-0	-0	-0	-0	2109	0	-203	-0	174.91	807.43	11.61	1109.93	0	-313.54	2375.43	-0	-0	-0	300	0	-203	-0	-0	-0	-0	300	0	200	-0
298	-22.86	165.93	27.86	1785.12	0	-219.79	2216.05	-0	-0	-0	2109	0	-203	-0	175.52	782.18	11.47	1110.31	0	-313.81	2811.44	-0	-0	-0	300	0	-203	-0	-0	-0	-0	300	0	200	-0
299	-36.36	395.05	30.06	1781.73	0	-217.85	162.06	-0	-0	-0	2109	0	-203	-0	175.39	756.93	10.86	1111.87	0	-313.79	2954.55	-0	-0	-0	300	0	-203	-0	-0	-0	-0	300	0	200	-0
300	-42.31	422.28	40.19	1781.22	0	-218.13	483.49	-0	-0	-0	2109	0	-203	-0	175.25	733.86	9.37	1111.56	0	-314.57	3070.32	0	0	0	300	0	-203	0	-0	-0	-0	300	0	200	-0
301	-43.76	380	52.72	1781.16	0	-220.53	458.14	-12.31	30.68	7.34	1897.93	0	-223.35	69.94	175.73	699.65	8.89	1113.26	0	-314.47	3231.04	-0	-0	-0	300	0	-203	-0	0	0	0	300	0	200	0
302	-47.14	349.62	55.61	1790.82	0	-221.99	874.11	-18.38	48.21	9.25	1838.8	0	-223.37	-507.66	175.66	672.77	7.81	1113.97	0	-314.68	3274.36	-0	-0	-0	300	0	-203	-0	-0	-0	-0	300	0	200	-0
303	-47.78	364.34	54.97	1784.54	0	-220.37	552.12	-25.09	78.57	12.28	1853.88	0	-225.59	-190.52	175.32	638.56	6.04	1115.14	0	-314.7	3170.27	0	0	0	300	0	-203	0	0	0	0	300	0	200	0
304	-49.07	379.37	51.75	1785.57	0	-220.68	-178.13	-39.8	137.1	24.58	1858.56	0	-214.65	-563.38	176.07	598.38	3.53	1116.18	0	-315	2778.74	-0	-0	-0	300	0	-203	-0	-0	-0	-0	300	0	200	-0
305	-51.31	384.38	47.74	1787.52	0	-220.36	591.37	-50.51	188.44	22.82	1867.58	0	-215.91	-284.41	176.07	563.9	2.31	1116.94	0	-314.88	2469.18	-0	-0	-0	300	0	-203	-0	-0	-0	-0	300	0	200	-0
306	-53.88	376.88	39.56	1788.14	0	-217.36	747.53	-58.98	220.36	14.04	1868.89	0	-212.2	418.98	176	526.16	0.07	1117.45	0	-315.45	1872.82	-0	-0	-0	300	0	-203	-0	0	0	0	300	0	200	0
307	-61.91	368.12	29.1	1790.75	0	-217.23	-85.47	-69.54	245.08	3.66	1862.69	0	-209.47	956.74	176	474.03	-2.1	1120.87	0	-314.64	932.89	-0	-0	-0	300	0	-203	-0	-0	-0	-0	300	0	200	-0
308	-69.46	358.42	24.78	1790.63	0	-216.63	157.74	-80.09	278.26	-1.76	1866.39	0	-208.83	903.45	176.27	436.84	-4.14	1121.07	0	-315.17	255.69	-0	-0	-0	300	0	-203	-0	-0	-0	-0	300	0	200	-0
309	-72.04	345.9	21.89	1791.16	0	-215.79	-206.71	-85.84	305.8	-8.63	1873.41	0	-207.91	1770.13	166.9	389.33	-7.13	1122.67	0	-315.07	-263.25	-0	-0	-0	300	0	-203	-0	-0	-0	-0	300	0	200	-0
310	-71.55	327.43	21.57	1788.36	0	-215.99	-35.32	-86.8	317.69	-13.1	1874.99	0	-204.85	2130.94	151.56	334.21	-8.48	1124.98	0	-314.65	-303.8	-0	-0	-0	300	0	-203	-0	-0	-0	-0	300	0	200	-0
311	-70.43	305.83	18.36	1796.83	0	-216.08	307.86	-85.69	331.46	-21.4	1875.05	0	-204.62	2531.31	136.83	290.77	-9.1	1126.03	0	-314.97	-165.93	-0	-0	-0	300	0	-203	-0	-0	-0	-0	300	0	200	-0
312	-70.59	298.32	14.82	1793.61	0	-215.97	101.69	-89.69	354.31	-29.86	1879.17	0	-203.86	3033.26	118.58	239.19	-9.64	1130.36	0	-314.03	-547.96	-0	-0	-0	300	0	-203	-0	-0	-0	-0	300	0	200	-0
313	-72.19	291.43	11.13	1797.14	0	-216.89	-141.99	-98.32	387.17	-37.05	1881.27	0	-201.48	3524.95	78.12	188.42	-8.69	1134.75	0	-313.7	-535.86	-0	-0	-0	300	0	-203	-0	-0	-0	-0	300	0	200	-0
314	-73.48	300.2	9.04	1797.62	0	-215.31	-10.35	-113.03	430.36	-40.72	1883.58	0	-201.87	3651.73	64.14	148.51	-9.3	1137.59	0	-312.17	-863.19	-0	-0	-0	300	0	-203	-0	-0	-0	-0	300	0	200	-0
315	-78.14	300.2	10.18	1800.21	0	-214.88	376.98	-125.98	474.49	-40.72	1885.69	0	-202.84	3770.52	46.63	106.7	-8.42	1142.14	0	-312.26	-901.47	-0	-0	-0	300	0	-203	-0	-0	-0	-0	300	0	200	-0
316	-76.69	313.97	14.36	1792.71	0	-216.34	603.28	-138.13	518	-36.41	1887	0	-203.54	3397.82	34.07	72.22	-6.58	1156.43	0	-309.04	-1232.55	-0	-0	-0	300	0	-203	-0	-0	-0	-0	300	0	200	-0
317	-77.82	312.71	14.03	1800.11	0	-216.93	170.46	-144.04	559	-31.94	1889	0	-204.53	3518.28	22.26	59.46	-3.67	1157.47	0	-311.61	-148.71	-0	-0	-0	300	0	-203	-0	-0	-0	-0	300	0	200	-0
318	-74.93	322.73	14.83	1794.5	0	-216.14	-86.84	-150.11	600.94	-28.11	1891.58	0	-205.37	3220.72	9.23	47.24	-2.04	1163.72	0	-312.79	36.2	0	0	0	300	0	-203	0	-0	-0	-0	300	0	200	-0
319	-72.19	335.26	15.79	1790.84	0	-216.62	245.28	-154.43	635.37	-30.51	1890.42	0	-204.36	3245.2	-0.34	34.75	-0	1176.85	0	-312.91	273.65	-0	-0	-0	300	0	-203	-0	0	0	0	300	0	200	0
320	-70.59	337.44	15.16	1790.89	0	-217.63	364.4	-158.27	675.43	-36.57	1894.03	0	-204.71	3242.28	-0	-0	-0	903	0	-403	-0	-0	-0	-0	300	0	-203	-0	-0	-0	-0	300	0	200	-0
321	-67.37	330.86	12.41	1801.01	0	-216.84	-60.6	-158.59	695.15	-44.08	1893.53	0	-204.48	4157.08	-0	-0	-0	903	0	-403	-0	0	0	0	300	0	-203	0	-0	-0	-0	300	0	200	-0
322	-64.48	334.94	12.9	1794.65	0	-218.06	-108.85	-161.47	716.74	-47.43	1894.33	0	-203.77	4012.89	-0	-0	-0	903	0	-403	-0	-0	-0	-0	300	0	-203	-0	-0	-0	-0	300	0	200	-0
323	-64.16	327.12	10.48	1795.28	0	-216.14	-151.03	-161.63	733.96	-48.39	1895.17	0	-204.07	3738.87	-0	-0	-0	903	0	-403	-0	-0	-0	-0	300	0	-203	-0	-0	-0	-0	300	0	200	-0
324	-62.87	324.3	9.35	1793.93	0	-217.47	-409.94	-161.95	753.67	-47.75	1897.51	0	-203.75	3836.16	-0	-0	-0	903	0	-403	-0	-0	-0	-0	300	0	-203	-0	-0	-0	-0	300	0	200	-0
325	-59.66	325.25	10.01	1790.28	0	-216.05	-61.64	-162.27	769.32	-47.27	1897.88	0	-203.31	3563.32	-0	-0	-0	903	0	-403	-0	-0	-0	-0	300	0	-203	-0	0	0	0	300	0	200	0
326	-57.89	319.29	6.78	1794.09	0	-217.61	-799.55	-160.67	784.04	-48.39	1898.19	0	-203.81	3226.21	-0	-0	-0	903	0	-403	-0	0	0	0	300	0	-203	0	-0	-0	-0	300	0	200	-0
327	-57.41	315.86	5.82	1791.93	0	-215.89	-357.44	-159.23	795.3	-49.67	1900.16	0	-203.4	3470.52	-0	-0	-0	903	0	-403	-0	-0	-0	-0	300	0	-203	-0	0	0	0	300	0	200	0
328	-53.87	309.59	5.83	1796.66	0	-216.89	-181.11	-158.27	805	-53.18	1900.17	0	-203.19	3369.97	-0	-0	-0	903	0	-403	-0	-0	-0	-0	300	0	-203	-0	-0	-0	-0	300	0	200	-0
329	-52.9	309.6	3.89	1792.34	0	-215.73	-222.95	-153.32	806.56	-55.25	1900.48	0	-203.26	3482.63	-0	-0	-0	903	0	-403	-0	-0	-0	-0	300	0	-203	-0	-0	-0	-0	300	0	200	-0
330	-51.3	302.72	2.28	1790	0	-215.53	-946	-148.68	809.07	-56.37	1902.17	0	-203.14	3384.09	-0	-0	-0	903	0	-403	-0	-0	-0	-0	300	0	-203	-0	-0	-0	-0	300	0	200	-0
331	-45.51	296.77	4.22	1793.9	0	-215.86	213.2	-141.97	809.69	-56.37	1900.72	0	-202.77	3097.76	-0	-0	-0	903	0	-403	-0	-0	-0	-0	300	0	-203	-0	-0	-0	-0	300	0	200	-0
332	-46.64	289.88	2.45	1796.23	0	-215.42	-315.97	-135.58	808.13	-54.3	1902.17	0	-203.53	2859.46	-0	-0	-0	903	0	-403	-0	-0	-0	-0	300	0	-203	-0	-0	-0	-0	300	0	200	-0
333	-45.35	283.31	2.44	1797.65	0	-214.25	-723.06	-129.34	804.69	-53.66	1902.2	0	-203.26	3256.84	-0	-0	-0	903	0	-403	-0	-0	-0	-0	300	0	-203	-0	-0	-0	-0	300	0	200	-0
334	-40.85	284.87	4.54	1793.06	0	-216.61	-24.56	-123.91	804.06	-51.75	1903.76	0	-203.34	2899.66	-0	-0	-0	903	0	-403	-0	-0	-0	-0	300	0	-203	-0	0	0	0	300	0	200	0
335	-41.33	269.85	2.76	1796.42	0	-213.24	-163.57	-117.03	792.17	-50.15	1903.63	0	-203.62	2860.61	-0	-0	-0	903	0	-403	-0	-0	-0	-0	300	0	-203	-0	-0	-0	-0	300	0	200	-0
336	-39.25	266.41	3.57	1793.74	0	-216.19	-457.82	-112.56	785.9	-49.83	1904.18	0	-202.94	3103.88	-0	-0	-0	903	0	-403	-0	-0	-0	-0	300	0	-203	-0	0	0	0	300	0	200	0
337	-39.08	258.58	3.9	1794.48	0	-216.39	104.97	-105.52	774.33	-50.79	1906	0	-203.53	2748.65	-0	-0	-0	903	0	-403	-0	-0	-0	-0	300	0	-203	-0	-0	-0	-0	300	0	200	-0
338	-37.64	254.21	3.41	1789.86	0	-213.17	35.68	-98.65	758.36	-49.51	1905.71	0	-203.12	2734.13	-0	-0	-0	903	0	-403	-0	-0	-0	-0	300	0	-203	-0	-0	-0	-0	300	0	200	-0
339	-37.48	246.07	4.85	1787.05	0	-213.23	-134.56	-92.41	743.65	-49.83	1907.22	0	-202.89	2880.31	-0	-0	-0	903	0	-403	-0	-0	-0	-0	300	0	-203	-0	-0	-0	-0	300	0	200	-0
340	-33.94	228.53	4.22	1800.06	0	-215.15	475.54	-85.06	727.69	-48.71	1907.84	0	-203.58	2173.69	-0	-0	-0	903	0	-403	-0	-0	-0	-0	300	0	-203	-0	-0	-0	-0	300	0	200	-0
341	-35.71	222.29	2.28	1788.77	0	-212.87	-380.1	-78.67	706.09	-48.88	1907.89	0	-203.45	2737.21	-0	-0	-0	903	0	-403	-0	-0	-0	-0	300	0	-203	-0	-0	-0	-0	300	0	200	-0
342	-31.21	207.88	3.72	1800.38	0	-213.23	-3.21	-71.15	688.87	-48.72	1910.2	0	-203.07	2687.64	-0	-0	-0	903	0	-403	-0	-0	-0	-0	300	0	-203	-0	-0	-0	-0	300	0	200	-0
343	-31.21	199.43	3.4	1795.56	0	-212.06	76.07	-65.24	669.16	-49.04	1909.54	0	-202.93	2646.58	-0	-0	-0	903	0	-403	-0	-0	-0	-0	300	0	-203	-0	-0	-0	-0	300	0	200	-0
344	-32.49	195.37	2.43	1784.91	0	-211.14	-97.58	-60.6	650.06	-46.8	1913.75	0	-202.82	2104.67	-0	-0	-0	903	0	-403	-0	-0	-0	-0	300	0	-203	-0	-0	-0	-0	300	0	200	-0
345	-32.01	173.46	3.56	1797.18	0	-207.98	212.15	-53.89	624.08	-48.08	1912.05	0	-202.49	2248.89	-0	-0	-0	903	0	-403	-0	-0	-0	-0	300	0	-203	-0	-0	-0	-0	300	0	200	-0
346	-31.69	168.76	3.23	1789.4	0	-211.12	-86.81	-49.89	603.74	-47.6	1914.13	0	-202.5	2219.75	-0	-0	-0	903	0	-403	-0	-0	-0	-0	300	0	-203	-0	-0	-0	-0	300	0	200	-0
347	-0	-0	-0	1506	0	-203	-0	-44.3	579.95	-47.92	1916.32	0	-202.12	2377.72	-0	-0	-0	903	0	-403	-0	-0	-0	-0	300	0	-203	-0	-0	-0	-0	300	0	200	-0
348	-28.47	144.97	2.1	1795.49	0	-209.74	129.23	-42.38	557.73	-47.6	1917	0	-201.45	1938.97	-0	-0	-0	903	0	-403	-0	-0	-0	-0	300	0	-203	-0	-0	-0	-0	300	0	200	-0
349	-27.19	133.38	1.62	1801.85	0	-211.36	369.71	-35.02	534.57	-46.64	1918.47	0	-202.28	1978.48	-0	-0	-0	903	0	-403	-0	-0	-0	-0	300	0	-203	-0	-0	-0	-0	300	0	200	-0
350	-28.47	125.89	1.46	1792.11	0	-204.77	119.25	-31.03	511.71	-45.85	1920.25	0	-201.66	1812.81	-0	-0	-0	903	0	-403	-0	-0	-0	-0	300	0	-203	-0	-0	-0	-0	300	0	200	-0
351	-26.06	114.92	0.97	1803.52	0	-207.45	11.63	-27.51	490.43	-46.32	1920.57	0	-200.73	1902.98	-0	-0	-0	903	0	-403	-0	-0	-0	-0	300	0	-203	-0	-0	-0	-0	300	0	200	-0
352	-0	-0	-0	1506	0	-203	-0	-23.04	467.9	-44.89	1923.46	0	-201.92	1803.96	-0	-0	-0	903	0	-403	-0	-0	-0	-0	300	0	-203	-0	-0	-0	-0	300	0	200	-0
353	-0	-0	-0	1506	0	-203	-0	-19.04	445.36	-44.41	1923.22	0	-200.97	1560.27	-0	-0	-0	903	0	-403	-0	-0	-0	-0	300	0	-203	-0	-0	-0	-0	300	0	200	-0
354	-24.29	89.25	2.42	1797.37	0	-208.84	839.66	-16	429.08	-42.65	1927.6	0	-201.22	1240.65	-0	-0	-0	903	0	-403	-0	-0	-0	-0	300	0	-203	-0	-0	-0	-0	300	0	200	-0
355	-23.65	77.99	0.46	1804.49	0	-197.41	-282.94	-12.32	409.99	-41.21	1928.9	0	-201.42	1108.95	-0	-0	-0	903	0	-403	-0	-0	-0	-0	300	0	-203	-0	-0	-0	-0	300	0	200	-0
356	-0	-0	-0	1506	0	-203	-0	-9.61	388.4	-41.06	1927.76	0	-200.45	1567.35	0	0	0	903	0	-403	0	-0	-0	-0	300	0	-203	-0	-0	-0	-0	300	0	200	-0
357	-0	-0	-0	1506	0	-203	-0	-4.97	368.05	-40.58	1929.06	0	-200.75	1324.63	-0	-0	-0	903	0	-403	-0	-0	-0	-0	300	0	-203	-0	-0	-0	-0	300	0	200	-0
358	-0	-0	-0	1506	0	-203	-0	-3.53	356.78	-38.34	1934.45	0	-201.22	639.41	-0	-0	-0	903	0	-403	-0	-0	-0	-0	300	0	-203	-0	-0	-0	-0	300	0	200	-0
359	-17.05	49.17	1.22	1797.06	0	-210.26	-800.66	0.47	336.44	-38.02	1932.84	0	-200.74	1271.37	-0	-0	-0	903	0	-403	-0	-0	-0	-0	300	0	-203	-0	-0	-0	-0	300	0	200	-0
360	-0	-0	-0	1506	0	-203	-0	0.62	325.48	-35.63	1937.13	0	-200.42	618.16	-0	-0	-0	903	0	-403	-0	-0	-0	-0	300	0	-203	-0	-0	-0	-0	300	0	200	-0
361	-0	-0	-0	1506	0	-203	-0	3.82	309.21	-35.47	1939.92	0	-200.51	836.01	-0	-0	-0	903	0	-403	-0	-0	-0	-0	300	0	-203	-0	-0	-0	-0	300	0	200	-0
362	-0	-0	-0	1506	0	-203	-0	4.3	297.94	-34.19	1944.1	0	-199.2	744.85	-0	-0	-0	903	0	-403	-0	-0	-0	-0	300	0	-203	-0	-0	-0	-0	300	0	200	-0
363	-0	-0	-0	1506	0	-203	-0	4.94	284.17	-33.55	1941.95	0	-199.96	367.07	-0	-0	-0	903	0	-403	-0	-0	-0	-0	300	0	-203	-0	-0	-0	-0	300	0	200	-0
364	-0	-0	-0	1506	0	-203	-0	6.38	277.91	-31.96	1949.24	0	-200.43	524.26	-0	-0	-0	903	0	-403	-0	-0	-0	-0	300	0	-203	-0	-0	-0	-0	300	0	200	-0
365	-0	-0	-0	1506	0	-203	-0	6.06	265.07	-31	1947.83	0	-200.56	454.5	-0	-0	-0	903	0	-403	-0	-0	-0	-0	300	0	-203	-0	-0	-0	-0	300	0	200	-0
366	-0	-0	-0	1506	0	-203	-0	5.26	259.44	-29.24	1951.9	0	-199.31	418.04	-0	-0	-0	903	0	-403	-0	-0	-0	-0	300	0	-203	-0	-0	-0	-0	300	0	200	-0
367	-0	-0	-0	1506	0	-203	-0	5.42	250.06	-28.13	1954.05	0	-201.36	627.03	-0	-0	-0	903	0	-403	-0	-0	-0	-0	300	0	-203	-0	-0	-0	-0	300	0	200	-0
368	-0	-0	-0	1506	0	-203	-0	2.55	244.11	-26.85	1956.63	0	-200.3	450.32	-0	-0	-0	903	0	-403	-0	-0	-0	-0	300	0	-203	-0	-0	-0	-0	300	0	200	-0
369	-0	-0	-0	1506	0	-203	-0	2.23	242.23	-24.14	1960.04	0	-200.99	525.2	-0	-0	-0	903	0	-403	-0	-0	-0	-0	300	0	-203	-0	-0	-0	-0	300	0	200	-0
370	-0	-0	-0	1506	0	-203	-0	0.15	235.97	-21.74	1962.03	0	-201.08	818.81	-0	-0	-0	903	0	-403	-0	-0	-0	-0	300	0	-203	-0	-0	-0	-0	300	0	200	-0
371	-0	-0	-0	1506	0	-203	-0	-0.97	232.21	-21.11	1962.12	0	-200.27	1282.49	-0	-0	-0	903	0	-403	-0	-0	-0	-0	300	0	-203	-0	-0	-0	-0	300	0	200	-0
372	-0	-0	-0	1506	0	-203	-0	-0.81	230.96	-17.75	1965.7	0	-201.84	1004.5	-0	-0	-0	903	0	-403	-0	-0	-0	-0	300	0	-203	-0	0	0	0	300	0	200	0
373	-0	-0	-0	1506	0	-203	-0	0.31	226.89	-17.12	1965.3	0	-200.19	1474.94	-0	-0	-0	903	0	-403	-0	-0	-0	-0	300	0	-203	-0	-0	-0	-0	300	0	200	-0
374	-0	-0	-0	1506	0	-203	-0	3.83	229.71	-20.78	1966.43	0	-199.2	642.65	-0	-0	-0	903	0	-403	-0	-0	-0	-0	300	0	-203	-0	-0	-0	-0	300	0	200	-0
375	-0	-0	-0	1506	0	-203	-0	8.3	228.77	-22.22	1968.15	0	-199.32	199.59	-0	-0	-0	903	0	-403	-0	-0	-0	-0	300	0	-203	-0	-0	-0	-0	300	0	200	-0
376	-0	-0	-0	1506	0	-203	-0	8.62	229.39	-23.02	1971.33	0	-199.17	409.4	-0	-0	-0	903	0	-403	-0	-0	-0	-0	300	0	-203	-0	-0	-0	-0	300	0	200	-0
377	-0	-0	-0	1506	0	-203	-0	7.66	231.9	-23.49	1968.29	0	-197.37	222.87	-0	-0	-0	903	0	-403	-0	-0	-0	-0	300	0	-203	-0	-0	-0	-0	300	0	200	-0
378	-0	-0	-0	1506	0	-203	-0	7.18	240.35	-22.7	1970.28	0	-200.06	151.09	-0	-0	-0	903	0	-403	-0	-0	-0	-0	300	0	-203	-0	-0	-0	-0	300	0	200	-0
379	-0	-0	-0	1506	0	-203	-0	6.22	248.17	-20.94	1973.71	0	-199.67	289.36	-0	-0	-0	903	0	-403	-0	-0	-0	-0	300	0	-203	-0	-0	-0	-0	300	0	200	-0
380	-0	-0	-0	1506	0	-203	-0	5.26	253.49	-20.3	1970.69	0	-198.87	237.44	-0	-0	-0	903	0	-403	-0	-0	-0	-0	300	0	-203	-0	-0	-0	-0	300	0	200	-0
381	-0	-0	-0	1506	0	-203	-0	5.26	263.51	-20.63	1972.62	0	-201.94	693.62	-0	-0	-0	903	0	-403	-0	-0	-0	-0	300	0	-203	-0	-0	-0	-0	300	0	200	-0
382	-0	-0	-0	1506	0	-203	-0	5.1	271.02	-18.87	1973.6	0	-200.83	633.84	0	0	0	903	0	-403	0	-0	-0	-0	300	0	-203	-0	-0	-0	-0	300	0	200	-0
383	-0	-0	-0	1506	0	-203	-0	6.22	283.23	-17.91	1972.33	0	-201.69	536.04	-0	-0	-0	903	0	-403	-0	-0	-0	-0	300	0	-203	-0	-0	-0	-0	300	0	200	-0
384	-0	-0	-0	1506	0	-203	-0	6.38	300.44	-16	1977.89	0	-202.84	530.58	-0	-0	-0	903	0	-403	-0	-0	-0	-0	300	0	-203	-0	-0	-0	-0	300	0	200	-0
385	-0	-0	-0	1506	0	-203	-0	6.86	309.2	-16	1974.39	0	-203.09	927.81	0	0	0	903	0	-403	0	-0	-0	-0	300	0	-203	-0	-0	-0	-0	300	0	200	-0
386	-0	-0	-0	1506	0	-203	-0	7.98	325.16	-15.53	1977.12	0	-202.21	1057.19	-0	-0	-0	903	0	-403	-0	-0	-0	-0	300	0	-203	-0	-0	-0	-0	300	0	200	-0
387	-0	-0	-0	1506	0	-203	-0	9.58	337.37	-14.57	1975.63	0	-205.77	1177.09	-0	-0	-0	903	0	-403	-0	-0	-0	-0	300	0	-203	-0	-0	-0	-0	300	0	200	-0
388	-0	-0	-0	1506	0	-203	-0	11.02	354.58	-13.46	1976.46	0	-204.32	1350.21	0	0	0	903	0	-403	0	-0	-0	-0	300	0	-203	-0	-0	-0	-0	300	0	200	-0
389	-0	-0	-0	1506	0	-203	-0	12.78	373.99	-11.7	1975.87	0	-205.84	1580.55	-0	-0	-0	903	0	-403	-0	-0	-0	-0	300	0	-203	-0	-0	-0	-0	300	0	200	-0
390	-0	-0	-0	1506	0	-203	-0	13.09	391.51	-8.99	1976.75	0	-206.92	1321.02	-0	-0	-0	903	0	-403	-0	-0	-0	-0	300	0	-203	-0	-0	-0	-0	300	0	200	-0
391	-0	-0	-0	1506	0	-203	-0	15.17	407.47	-9.47	1974.95	0	-206.91	2152.51	-0	-0	-0	903	0	-403	-0	-0	-0	-0	300	0	-203	-0	-0	-0	-0	300	0	200	-0
392	-0	-0	-0	1506	0	-203	-0	16.29	427.19	-8.36	1976.14	0	-207.93	2205.63	-0	-0	-0	903	0	-403	-0	-0	-0	-0	300	0	-203	-0	-0	-0	-0	300	0	200	-0
393	-0	-0	-0	1506	0	-203	-0	19.33	449.1	-6.6	1976.81	0	-208.84	2396.61	-0	-0	-0	903	0	-403	-0	-0	-0	-0	300	0	-203	-0	0	0	0	300	0	200	0
394	-0	-0	-0	1506	0	-203	-0	20.77	471.63	-4.69	1977.16	0	-208.37	2747.72	-0	-0	-0	903	0	-403	-0	0	0	0	300	0	-203	0	0	0	0	300	0	200	0
395	-0	-0	-0	1506	0	-203	-0	23.96	491.98	-4.06	1976.69	0	-209.84	3038.14	-0	-0	-0	903	0	-403	-0	-0	-0	-0	300	0	-203	-0	-0	-0	-0	300	0	200	-0
396	-0	-0	-0	1506	0	-203	-0	27.8	516.08	-3.58	1977.28	0	-209.84	3338.38	-0	-0	-0	903	0	-403	-0	0	0	0	300	0	-203	0	-0	-0	-0	300	0	200	-0
397	-0	-0	-0	1506	0	-203	-0	31.96	534.85	-3.91	1977.83	0	-210.19	3521.09	0	0	0	903	0	-403	0	-0	-0	-0	300	0	-203	-0	0	0	0	300	0	200	0
398	-0	-0	-0	1506	0	-203	-0	36.43	558.33	-3.11	1976.89	0	-210.03	3541.49	-0	-0	-0	903	0	-403	-0	-0	-0	-0	300	0	-203	-0	-0	-0	-0	300	0	200	-0
399	-0	-0	-0	1506	0	-203	-0	42.34	578.36	-4.23	1977.19	0	-211.31	3964.14	-0	-0	-0	903	0	-403	-0	-0	-0	-0	300	0	-203	-0	-0	-0	-0	300	0	200	-0
400	-0	-0	-0	1506	0	-203	-0	47.3	602.76	-3.76	1977.52	0	-210.43	4233.02	-0	-0	-0	903	0	-403	-0	-0	-0	-0	300	0	-203	-0	-0	-0	-0	300	0	200	-0
401	-0	-0	-0	1506	0	-203	-0	54.01	623.73	-5.84	1977.74	0	-210.41	4394.8	-0	-0	-0	903	0	-403	-0	-0	-0	-0	300	0	-203	-0	0	0	0	300	0	200	0
402	-0	-0	-0	1506	0	-203	-0	59.77	644.39	-6.16	1977.72	0	-211.36	4716.68	-0	-0	-0	903	0	-403	-0	-0	-0	-0	300	0	-203	-0	-0	-0	-0	300	0	200	-0
403	-0	-0	-0	1506	0	-203	-0	65.04	667.86	-7.28	1978.12	0	-211.32	4851.54	-0	-0	-0	903	0	-403	-0	-0	-0	-0	300	0	-203	-0	-0	-0	-0	300	0	200	-0
404	-0	-0	-0	1506	0	-203	-0	70.48	690.39	-8.88	1979.14	0	-210.4	4751.79	-0	-0	-0	903	0	-403	-0	-0	-0	-0	300	0	-203	-0	-0	-0	-0	300	0	200	-0
405	-0	-0	-0	1506	0	-203	-0	75.91	711.05	-9.36	1978.35	0	-211.16	4799.36	-0	-0	-0	903	0	-403	-0	-0	-0	-0	300	0	-203	-0	-0	-0	-0	300	0	200	-0
406	-0	-0	-0	1506	0	-203	-0	81.5	728.26	-10.81	1978.79	0	-210.5	5385.03	-0	-0	-0	903	0	-403	-0	-0	-0	-0	300	0	-203	-0	-0	-0	-0	300	0	200	-0
407	-0	-0	-0	1506	0	-203	-0	87.26	747.66	-13.52	1978.85	0	-210.28	5104.32	0	0	0	903	0	-403	0	-0	-0	-0	300	0	-203	-0	-0	-0	-0	300	0	200	-0
408	-0	-0	-0	1506	0	-203	-0	93.01	770.51	-14.32	1978.93	0	-211.14	5029.13	-0	-0	-0	903	0	-403	-0	-0	-0	-0	300	0	-203	-0	-0	-0	-0	300	0	200	-0
409	-0	-0	-0	1506	0	-203	-0	99.88	787.1	-17.2	1980.58	0	-211.38	5566.17	-0	-0	-0	903	0	-403	-0	-0	-0	-0	300	0	-203	-0	-0	-0	-0	300	0	200	-0
410	-0	-0	-0	1506	0	-203	-0	104.84	808.07	-18	1980.56	0	-210.79	5163.44	-0	-0	-0	903	0	-403	-0	-0	-0	-0	300	0	-203	-0	-0	-0	-0	300	0	200	-0
411	-0	-0	-0	1506	0	-203	-0	111.55	823.4	-20.23	1981.14	0	-211.19	5319.6	-0	-0	-0	903	0	-403	-0	0	0	0	300	0	-203	0	-0	-0	-0	300	0	200	-0
412	-0	-0	-0	1506	0	-203	-0	117.63	837.8	-22.47	1981.74	0	-211.54	5594.71	-0	-0	-0	903	0	-403	-0	-0	-0	-0	300	0	-203	-0	-0	-0	-0	300	0	200	-0
413	-0	-0	-0	1506	0	-203	-0	124.02	851.25	-23.43	1981.1	0	-211.06	5100.86	-0	-0	-0	903	0	-403	-0	-0	-0	-0	300	0	-203	-0	0	0	0	300	0	200	0
414	-0	-0	-0	1506	0	-203	-0	129.13	864.09	-23.91	1981.47	0	-211.36	4984.36	-0	-0	-0	903	0	-403	-0	-0	-0	-0	300	0	-203	-0	-0	-0	-0	300	0	200	-0
415	-0	-0	-0	1506	0	-203	-0	135.69	873.79	-25.03	1982.31	0	-211.8	5362.75	-0	-0	-0	903	0	-403	-0	-0	-0	-0	300	0	-203	-0	-0	-0	-0	300	0	200	-0
416	-0	-0	-0	1506	0	-203	-0	141.44	880.67	-25.19	1982.2	0	-211.23	5337.13	0	0	0	903	0	-403	0	-0	-0	-0	300	0	-203	-0	-0	-0	-0	300	0	200	-0
417	-0	-0	-0	1506	0	-203	-0	146.88	887.87	-26.63	1982.6	0	-211.79	5221.15	-0	-0	-0	903	0	-403	-0	-0	-0	-0	300	0	-203	-0	-0	-0	-0	300	0	200	-0
418	-0	-0	-0	1506	0	-203	-0	153.11	893.5	-25.51	1983.31	0	-211.76	5175.73	-0	-0	-0	903	0	-403	-0	0	0	0	300	0	-203	0	-0	-0	-0	300	0	200	-0
419	-0	-0	-0	1506	0	-203	-0	158.38	897.26	-26.15	1984.4	0	-212.18	5193.52	-0	-0	-0	903	0	-403	-0	0	0	0	300	0	-203	0	-0	-0	-0	300	0	200	-0
420	-0	-0	-0	1506	0	-203	-0	163.02	895.38	-24.56	1984.11	0	-212.19	4963.51	-0	-0	-0	903	0	-403	-0	-0	-0	-0	300	0	-203	-0	-0	-0	-0	300	0	200	-0
421	-0	-0	-0	1506	0	-203	-0	169.89	896.32	-23.6	1985.51	0	-212.51	4959.66	-0	-0	-0	903	0	-403	-0	-0	-0	-0	300	0	-203	-0	-0	-0	-0	300	0	200	-0
422	-0	-0	-0	1506	0	-203	-0	173.73	889.74	-24.56	1985.3	0	-212.51	5145.29	-0	-0	-0	903	0	-403	-0	-0	-0	-0	300	0	-203	-0	-0	-0	-0	300	0	200	-0
423	-0	-0	-0	1506	0	-203	-0	178.2	880.04	-23.92	1984.54	0	-212.53	4939.84	-0	-0	-0	903	0	-403	-0	-0	-0	-0	300	0	-203	-0	-0	-0	-0	300	0	200	-0
424	-0	-0	-0	1506	0	-203	-0	182.36	880.99	-21.84	1987.38	0	-213.22	4841.07	-0	-0	-0	903	0	-403	-0	-0	-0	-0	300	0	-203	-0	-0	-0	-0	300	0	200	-0
425	-0	-0	-0	1506	0	-203	-0	186.52	866.59	-21.2	1986.75	0	-213.01	4664.11	-0	-0	-0	903	0	-403	-0	-0	-0	-0	300	0	-203	-0	-0	-0	-0	300	0	200	-0
426	-0	-0	-0	1506	0	-203	-0	189.55	857.51	-20.24	1987.45	0	-213.1	4254.62	-0	-0	-0	903	0	-403	-0	0	0	0	300	0	-203	0	-0	-0	-0	300	0	200	-0
427	-0	-0	-0	1506	0	-203	-0	193.23	841.55	-19.92	1987.81	0	-214.03	4496.26	-0	-0	-0	903	0	-403	-0	-0	-0	-0	300	0	-203	-0	-0	-0	-0	300	0	200	-0
428	-0	-0	-0	1506	0	-203	-0	194.99	826.53	-18.64	1988.13	0	-213.25	4348.58	-0	-0	-0	903	0	-403	-0	-0	-0	-0	300	0	-203	-0	-0	-0	-0	300	0	200	-0
429	-0	-0	-0	1506	0	-203	-0	198.51	811.82	-17.68	1989.01	0	-213.98	4014.08	-0	-0	-0	903	0	-403	-0	-0	-0	-0	300	0	-203	-0	-0	-0	-0	300	0	200	-0
430	-0	-0	-0	1506	0	-203	-0	199.95	792.42	-16.24	1988.84	0	-213.97	3716.62	-0	-0	-0	903	0	-403	-0	-0	-0	-0	300	0	-203	-0	-0	-0	-0	300	0	200	-0
431	-0	-0	-0	1506	0	-203	-0	201.71	773.01	-16.56	1990.15	0	-213.97	3913.4	-0	-0	-0	903	0	-403	-0	-0	-0	-0	300	0	-203	-0	-0	-0	-0	300	0	200	-0
432	-0	-0	-0	1506	0	-203	-0	201.55	750.79	-15.91	1990.54	0	-214.11	3503.61	-0	-0	-0	903	0	-403	-0	-0	-0	-0	300	0	-203	-0	-0	-0	-0	300	0	200	-0
433	-0	-0	-0	1506	0	-203	-0	202.98	728.57	-14.47	1990.54	0	-214.09	3140.54	-0	-0	-0	903	0	-403	-0	-0	-0	-0	300	0	-203	-0	-0	-0	-0	300	0	200	-0
434	-0	-0	-0	1506	0	-203	-0	202.19	706.35	-12.72	1992.7	0	-213.95	3147.65	-0	-0	-0	903	0	-403	-0	-0	-0	-0	300	0	-203	-0	-0	-0	-0	300	0	200	-0
435	-0	-0	-0	1506	0	-203	-0	200.11	680.37	-11.27	1992.81	0	-213.77	2279.09	-0	-0	-0	903	0	-403	-0	-0	-0	-0	300	0	-203	-0	-0	-0	-0	300	0	200	-0
436	-0	-0	-0	1506	0	-203	-0	199.15	655.34	-9.67	1993.65	0	-214.17	2065.62	-0	-0	-0	903	0	-403	-0	-0	-0	-0	300	0	-203	-0	0	0	0	300	0	200	0
437	-0	-0	-0	1506	0	-203	-0	196.75	622.79	-10.63	1994.27	0	-214.35	2669.64	-0	-0	-0	903	0	-403	-0	-0	-0	-0	300	0	-203	-0	-0	-0	-0	300	0	200	-0
438	-0	-0	-0	1506	0	-203	-0	194.36	598.38	-9.66	1995.05	0	-213.35	2080.57	-0	-0	-0	903	0	-403	-0	-0	-0	-0	300	0	-203	-0	-0	-0	-0	300	0	200	-0
439	-0	-0	-0	1506	0	-203	-0	188.28	563.01	-7.11	1994.38	0	-213.31	1786.19	-0	-0	-0	903	0	-403	-0	-0	-0	-0	300	0	-203	-0	-0	-0	-0	300	0	200	-0
440	-0	-0	-0	1506	0	-203	-0	183.65	532.66	-5.34	1996.48	0	-212.96	1613.85	-0	-0	-0	903	0	-403	-0	-0	-0	-0	300	0	-203	-0	-0	-0	-0	300	0	200	-0
441	-0	-0	-0	1506	0	-203	-0	176.46	496.35	-4.38	1997.65	0	-212.69	1155.42	-0	-0	-0	903	0	-403	-0	-0	-0	-0	300	0	-203	-0	-0	-0	-0	300	0	200	-0
442	-0	-0	-0	1506	0	-203	-0	167.51	462.87	-2.94	1996.1	0	-212.67	850.34	-0	-0	-0	903	0	-403	-0	-0	-0	-0	300	0	-203	-0	-0	-0	-0	300	0	200	-0
443	-0	-0	-0	1506	0	-203	-0	160.79	428.13	-1.33	1998.91	0	-212.31	515.87	-0	-0	-0	903	0	-403	-0	-0	-0	-0	300	0	-203	-0	0	0	0	300	0	200	0
444	-0	-0	-0	1506	0	-203	-0	149.29	390.88	0.91	2000.95	0	-211.67	642.56	-0	-0	-0	903	0	-403	-0	-0	-0	-0	300	0	-203	-0	-0	-0	-0	300	0	200	-0
445	-0	-0	-0	1506	0	-203	-0	129.31	353.64	3.79	2000.49	0	-212.08	149.22	-0	-0	-0	903	0	-403	-0	-0	-0	-0	300	0	-203	-0	-0	-0	-0	300	0	200	-0
446	-0	-0	-0	1506	0	-203	-0	114.76	314.53	8.58	2004.08	0	-213.79	482.03	-0	-0	-0	903	0	-403	-0	-0	-0	-0	300	0	-203	-0	-0	-0	-0	300	0	200	-0
447	-0	-0	-0	1506	0	-203	-0	102.93	272.28	8.42	2006.19	0	-214.24	875.97	-0	-0	-0	903	0	-403	-0	-0	-0	-0	300	0	-203	-0	-0	-0	-0	300	0	200	-0
448	-0	-0	-0	1506	0	-203	-0	87.75	227.21	9.71	2008.49	0	-214.21	418.34	-0	-0	-0	903	0	-403	-0	-0	-0	-0	300	0	-203	-0	-0	-0	-0	300	0	200	-0
449	-0	-0	-0	1506	0	-203	-0	72.56	182.77	9.55	2012.27	0	-216.56	623.12	-0	-0	-0	903	0	-403	-0	-0	-0	-0	300	0	-203	-0	-0	-0	-0	300	0	200	-0
450	-0	-0	-0	1506	0	-203	-0	62.33	145.21	8.28	2016.63	0	-213.75	366.32	-0	-0	-0	903	0	-403	-0	-0	-0	-0	300	0	-203	-0	-0	-0	-0	300	0	200	-0
451	-0	-0	-0	1506	0	-203	-0	54.82	111.73	6.37	2019.9	0	-218.12	12.83	-0	-0	-0	903	0	-403	-0	-0	-0	-0	300	0	-203	-0	-0	-0	-0	300	0	200	-0
452	-0	-0	-0	1506	0	-203	-0	45.71	92.95	5.25	2025.5	0	-219.32	365.97	-0	-0	-0	903	0	-403	-0	-0	-0	-0	300	0	-203	-0	-0	-0	-0	300	0	200	-0
453	-0	-0	-0	1506	0	-203	-0	33.08	71.35	2.22	2038.21	0	-214.2	131.48	-0	-0	-0	903	0	-403	-0	-0	-0	-0	300	0	-203	-0	-0	-0	-0	300	0	200	-0
454	-0	-0	-0	1506	0	-203	-0	20.13	61.02	0.94	2049.92	0	-217.71	279.87	-0	-0	-0	903	0	-403	-0	-0	-0	-0	300	0	-203	-0	-0	-0	-0	300	0	200	-0
455	-0	-0	-0	1506	0	-203	-0	12.14	44.43	0.3	2054.44	0	-221.33	-138.65	-0	-0	-0	903	0	-403	-0	-0	-0	-0	300	0	-203	-0	-0	-0	-0	300	0	200	-0
456	-0	-0	-0	1506	0	-203	-0	4.79	33.79	-0.02	2089.8	0	-216.44	-75.7	-0	-0	-0	903	0	-403	-0	-0	-0	-0	300	0	-203	-0	-0	-0	-0	300	0	200	-0
457	-0	-0	-0	1506	0	-203	-0	-0	-0	-0	2109	0	-203	-0	-0	-0	-0	903	0	-403	-0	-0	-0	-0	300	0	-203	-0	-0	-0	-0	300	0	200	-0
458	-0	-0	-0	1506	0	-203	-0	-0	-0	-0	2109	0	-203	-0	-0	-0	-0	903	0	-403	-0	-0	-0	-0	300	0	-203	-0	0	0	0	300	0	200	0
459	-0	-0	-0	1506	0	-203	-0	-0	-0	-0	2109	0	-203	-0	-0	-0	-0	903	0	-403	-0	-0	-0	-0	300	0	-203	-0	-0	-0	-0	300	0	200	-0
460	-0	-0	-0	1506	0	-203	-0	-0	-0	-0	2109	0	-203	-0	-0	-0	-0	903	0	-403	-0	-0	-0	-0	300	0	-203	-0	-0	-0	-0	300	0	200	-0
461	-0	-0	-0	1506	0	-203	-0	-0	-0	-0	2109	0	-203	-0	-0	-0	-0	903	0	-403	-0	-0	-0	-0	300	0	-203	-0	-0	-0	-0	300	0	200	-0
462	-0	-0	-0	1506	0	-203	-0	-0	-0	-0	2109	0	-203	-0	-0	-0	-0	903	0	-403	-0	-0	-0	-0	300	0	-203	-0	-0	-0	-0	300	0	200	-0
463	-0	-0	-0	1506	0	-203	-0	-0	-0	-0	2109	0	-203	-0	-0	-0	-0	903	0	-403	-0	-0	-0	-0	300	0	-203	-0	-0	-0	-0	300	0	200	-0
464	-0	-0	-0	1506	0	-203	-0	-0	-0	-0	2109	0	-203	-0	-0	-0	-0	903	0	-403	-0	-0	-0	-0	300	0	-203	-0	0	0	0	300	0	200	0
465	-0	-0	-0	1506	0	-203	-0	-0	-0	-0	2109	0	-203	-0	-0	-0	-0	903	0	-403	-0	-0	-0	-0	300	0	-203	-0	-0	-0	-0	300	0	200	-0
466	-0	-0	-0	1506	0	-203	-0	-0	-0	-0	2109	0	-203	-0	-0	-0	-0	903	0	-403	-0	-0	-0	-0	300	0	-203	-0	-0	-0	-0	300	0	200	-0
467	-0	-0	-0	1506	0	-203	-0	-0	-0	-0	2109	0	-203	-0	-0	-0	-0	903	0	-403	-0	-0	-0	-0	300	0	-203	-0	-0	-0	-0	300	0	200	-0
468	-0	-0	-0	1506	0	-203	-0	-0	-0	-0	2109	0	-203	-0	-0	-0	-0	903	0	-403	-0	-0	-0	-0	300	0	-203	-0	-0	-0	-0	300	0	200	-0
469	-0	-0	-0	1506	0	-203	-0	-0	-0	-0	2109	0	-203	-0	-0	-0	-0	903	0	-403	-0	-0	-0	-0	300	0	-203	-0	-0	-0	-0	300	0	200	-0
470	-0	-0	-0	1506	0	-203	-0	-0	-0	-0	2109	0	-203	-0	-0	-0	-0	903	0	-403	-0	-0	-0	-0	300	0	-203	-0	-0	-0	-0	300	0	200	-0
471	-0	-0	-0	1506	0	-203	-0	-0	-0	-0	2109	0	-203	-0	-0	-0	-0	903	0	-403	-0	-0	-0	-0	300	0	-203	-0	-0	-0	-0	300	0	200	-0
472	-0	-0	-0	1506	0	-203	-0	-0	-0	-0	2109	0	-203	-0	-0	-0	-0	903	0	-403	-0	-0	-0	-0	300	0	-203	-0	-0	-0	-0	300	0	200	-0
473	-0	-0	-0	1506	0	-203	-0	-0	-0	-0	2109	0	-203	-0	-0	-0	-0	903	0	-403	-0	-0	-0	-0	300	0	-203	-0	-0	-0	-0	300	0	200	-0
474	-0	-0	-0	1506	0	-203	-0	-0	-0	-0	2109	0	-203	-0	-0	-0	-0	903	0	-403	-0	-0	-0	-0	300	0	-203	-0	-0	-0	-0	300	0	200	-0
475	-0	-0	-0	1506	0	-203	-0	-0	-0	-0	2109	0	-203	-0	-0	-0	-0	903	0	-403	-0	-0	-0	-0	300	0	-203	-0	-0	-0	-0	300	0	200	-0
476	-0	-0	-0	1506	0	-203	-0	-0	-0	-0	2109	0	-203	-0	-0	-0	-0	903	0	-403	-0	-0	-0	-0	300	0	-203	-0	0	0	0	300	0	200	0
477	-0	-0	-0	1506	0	-203	-0	-0	-0	-0	2109	0	-203	-0	-0	-0	-0	903	0	-403	-0	-0	-0	-0	300	0	-203	-0	-0	-0	-0	300	0	200	-0
478	-0	-0	-0	1506	0	-203	-0	-0	-0	-0	2109	0	-203	-0	-0	-0	-0	903	0	-403	-0	-0	-0	-0	300	0	-203	-0	-0	-0	-0	300	0	200	-0
479	-0	-0	-0	1506	0	-203	-0	-0	-0	-0	2109	0	-203	-0	-0	-0	-0	903	0	-403	-0	-0	-0	-0	300	0	-203	-0	-0	-0	-0	300	0	200	-0
480	-0	-0	-0	1506	0	-203	-0	-0	-0	-0	2109	0	-203	-0	-0	-0	-0	903	0	-403	-0	-0	-0	-0	300	0	-203	-0	-0	-0	-0	300	0	200	-0
481	-0	-0	-0	1506	0	-203	-0	-0	-0	-0	2109	0	-203	-0	-0	-0	-0	903	0	-403	-0	-0	-0	-0	300	0	-203	-0	-0	-0	-0	300	0	200	-0
482	-0	-0	-0	1506	0	-203	-0	-0	-0	-0	2109	0	-203	-0	-0	-0	-0	903	0	-403	-0	-0	-0	-0	300	0	-203	-0	0	0	0	300	0	200	0
483	-0	-0	-0	1506	0	-203	-0	-0	-0	-0	2109	0	-203	-0	-0	-0	-0	903	0	-403	-0	-0	-0	-0	300	0	-203	-0	-0	-0	-0	300	0	200	-0
484	-0	-0	-0	1506	0	-203	-0	-0	-0	-0	2109	0	-203	-0	-0	-0	-0	903	0	-403	-0	-0	-0	-0	300	0	-203	-0	-0	-0	-0	300	0	200	-0
485	-0	-0	-0	1506	0	-203	-0	-0	-0	-0	2109	0	-203	-0	-0	-0	-0	903	0	-403	-0	-0	-0	-0	300	0	-203	-0	-0	-0	-0	300	0	200	-0
486	-0	-0	-0	1506	0	-203	-0	-0	-0	-0	2109	0	-203	-0	-0	-0	-0	903	0	-403	-0	-0	-0	-0	300	0	-203	-0	-0	-0	-0	300	0	200	-0
487	-0	-0	-0	1506	0	-203	-0	-0	-0	-0	2109	0	-203	-0	-0	-0	-0	903	0	-403	-0	-0	-0	-0	300	0	-203	-0	0	0	0	300	0	200	0
488	-0	-0	-0	1506	0	-203	-0	-0	-0	-0	2109	0	-203	-0	-0	-0	-0	903	0	-403	-0	-0	-0	-0	300	0	-203	-0	0	0	0	300	0	200	0
489	-0	-0	-0	1506	0	-203	-0	-0	-0	-0	2109	0	-203	-0	-0	-0	-0	903	0	-403	-0	-0	-0	-0	300	0	-203	-0	-0	-0	-0	300	0	200	-0
490	-0	-0	-0	1506	0	-203	-0	-0	-0	-0	2109	0	-203	-0	-0	-0	-0	903	0	-403	-0	-0	-0	-0	300	0	-203	-0	-0	-0	-0	300	0	200	-0
491	-0	-0	-0	1506	0	-203	-0	-0	-0	-0	2109	0	-203	-0	-0	-0	-0	903	0	-403	-0	-0	-0	-0	300	0	-203	-0	-0	-0	-0	300	0	200	-0
492	-0	-0	-0	1506	0	-203	-0	-0	-0	-0	2109	0	-203	-0	-0	-0	-0	903	0	-403	-0	-0	-0	-0	300	0	-203	-0	-0	-0	-0	300	0	200	-0
493	-0	-0	-0	1506	0	-203	-0	-0	-0	-0	2109	0	-203	-0	-0	-0	-0	903	0	-403	-0	-0	-0	-0	300	0	-203	-0	-0	-0	-0	300	0	200	-0
494	-0	-0	-0	1506	0	-203	-0	-0	-0	-0	2109	0	-203	-0	-0	-0	-0	903	0	-403	-0	-0	-0	-0	300	0	-203	-0	-0	-0	-0	300	0	200	-0
495	-0	-0	-0	1506	0	-203	-0	-0	-0	-0	2109	0	-203	-0	-0	-0	-0	903	0	-403	-0	-0	-0	-0	300	0	-203	-0	0	0	0	300	0	200	0
496	-0	-0	-0	1506	0	-203	-0	-0	-0	-0	2109	0	-203	-0	-0	-0	-0	903	0	-403	-0	-0	-0	-0	300	0	-203	-0	-0	-0	-0	300	0	200	-0
497	-0	-0	-0	1506	0	-203	-0	-0	-0	-0	2109	0	-203	-0	-0	-0	-0	903	0	-403	-0	-0	-0	-0	300	0	-203	-0	-0	-0	-0	300	0	200	-0
498	-0	-0	-0	1506	0	-203	-0	-0	-0	-0	2109	0	-203	-0	0	0	0	903	0	-403	0	0	0	0	300	0	-203	0	-0	-0	-0	300	0	200	-0
499	-0	-0	-0	1506	0	-203	-0	-0	-0	-0	2109	0	-203	-0	-0	-0	-0	903	0	-403	-0	-0	-0	-0	300	0	-203	-0	0	0	0	300	0	200	0
500	-0	-0	-0	1506	0	-203	-0	-0	-0	-0	2109	0	-203	-0	-0	-0	-0	903	0	-403	-0	-0	-0	-0	300	0	-203	-0	-0	-0	-0	300	0	200	-0
501	-0	-0	-0	1506	0	-203	-0	-0	-0	-0	2109	0	-203	-0	-0	-0	-0	903	0	-403	-0	-0	-0	-0	300	0	-203	-0	-0	-0	-0	300	0	200	-0
502	-0	-0	-0	1506	0	-203	-0	-0	-0	-0	2109	0	-203	-0	-0	-0	-0	903	0	-403	-0	-0	-0	-0	300	0	-203	-0	-0	-0	-0	300	0	200	-0
503	-0	-0	-0	1506	0	-203	-0	-0	-0	-0	2109	0	-203	-0	-0	-0	-0	903	0	-403	-0	-0	-0	-0	300	0	-203	-0	-0	-0	-0	300	0	200	-0
504	-0	-0	-0	1506	0	-203	-0	-0	-0	-0	2109	0	-203	-0	-0	-0	-0	903	0	-403	-0	-0	-0	-0	300	0	-203	-0	-0	-0	-0	300	0	200	-0
505	-0	-0	-0	1506	0	-203	-0	-0	-0	-0	2109	0	-203	-0	-0	-0	-0	903	0	-403	-0	-0	-0	-0	300	0	-203	-0	-0	-0	-0	300	0	200	-0
506	-0	-0	-0	1506	0	-203	-0	-0	-0	-0	2109	0	-203	-0	-0	-0	-0	903	0	-403	-0	-0	-0	-0	300	0	-203	-0	-0	-0	-0	300	0	200	-0
507	-0	-0	-0	1506	0	-203	-0	-0	-0	-0	2109	0	-203	-0	-0	-0	-0	903	0	-403	-0	-0	-0	-0	300	0	-203	-0	-0	-0	-0	300	0	200	-0
508	-0	-0	-0	1506	0	-203	-0	-0	-0	-0	2109	0	-203	-0	0	0	0	903	0	-403	0	-0	-0	-0	300	0	-203	-0	-0	-0	-0	300	0	200	-0
509	-0	-0	-0	1506	0	-203	-0	-0	-0	-0	2109	0	-203	-0	-0	-0	-0	903	0	-403	-0	-0	-0	-0	300	0	-203	-0	0	0	0	300	0	200	0
510	-0	-0	-0	1506	0	-203	-0	-0	-0	-0	2109	0	-203	-0	-0	-0	-0	903	0	-403	-0	-0	-0	-0	300	0	-203	-0	-0	-0	-0	300	0	200	-0
511	-0	-0	-0	1506	0	-203	-0	-0	-0	-0	2109	0	-203	-0	-0	-0	-0	903	0	-403	-0	-0	-0	-0	300	0	-203	-0	-0	-0	-0	300	0	200	-0
512	-0	-0	-0	1506	0	-203	-0	-0	-0	-0	2109	0	-203	-0	-0	-0	-0	903	0	-403	-0	-0	-0	-0	300	0	-203	-0	0	0	0	300	0	200	0
513	-0	-0	-0	1506	0	-203	-0	-0	-0	-0	2109	0	-203	-0	-0	-0	-0	903	0	-403	-0	-0	-0	-0	300	0	-203	-0	-0	-0	-0	300	0	200	-0
514	-0	-0	-0	1506	0	-203	-0	-0	-0	-0	2109	0	-203	-0	-0	-0	-0	903	0	-403	-0	-0	-0	-0	300	0	-203	-0	-0	-0	-0	300	0	200	-0
515	-0	-0	-0	1506	0	-203	-0	-0	-0	-0	2109	0	-203	-0	-0	-0	-0	903	0	-403	-0	-0	-0	-0	300	0	-203	-0	-0	-0	-0	300	0	200	-0
516	-0	-0	-0	1506	0	-203	-0	-0	-0	-0	2109	0	-203	-0	-0	-0	-0	903	0	-403	-0	-0	-0	-0	300	0	-203	-0	-0	-0	-0	300	0	200	-0
517	-0	-0	-0	1506	0	-203	-0	-0	-0	-0	2109	0	-203	-0	-0	-0	-0	903	0	-403	-0	-0	-0	-0	300	0	-203	-0	-0	-0	-0	300	0	200	-0
518	-0	-0	-0	1506	0	-203	-0	-0	-0	-0	2109	0	-203	-0	-0	-0	-0	903	0	-403	-0	-0	-0	-0	300	0	-203	-0	-0	-0	-0	300	0	200	-0
519	-0	-0	-0	1506	0	-203	-0	-0	-0	-0	2109	0	-203	-0	-0	-0	-0	903	0	-403	-0	-0	-0	-0	300	0	-203	-0	-0	-0	-0	300	0	200	-0
520	-0	-0	-0	1506	0	-203	-0	-0	-0	-0	2109	0	-203	-0	-0	-0	-0	903	0	-403	-0	-0	-0	-0	300	0	-203	-0	-0	-0	-0	300	0	200	-0
521	-0	-0	-0	1506	0	-203	-0	-0	-0	-0	2109	0	-203	-0	-0	-0	-0	903	0	-403	-0	-0	-0	-0	300	0	-203	-0	-0	-0	-0	300	0	200	-0
522	-0	-0	-0	1506	0	-203	-0	-0	-0	-0	2109	0	-203	-0	-0	-0	-0	903	0	-403	-0	-0	-0	-0	300	0	-203	-0	-0	-0	-0	300	0	200	-0
523	-0	-0	-0	1506	0	-203	-0	-0	-0	-0	2109	0	-203	-0	-0	-0	-0	903	0	-403	-0	-0	-0	-0	300	0	-203	-0	-0	-0	-0	300	0	200	-0
524	-0	-0	-0	1506	0	-203	-0	-0	-0	-0	2109	0	-203	-0	-0	-0	-0	903	0	-403	-0	-0	-0	-0	300	0	-203	-0	-0	-0	-0	300	0	200	-0
525	-0	-0	-0	1506	0	-203	-0	-0	-0	-0	2109	0	-203	-0	-0	-0	-0	903	0	-403	-0	-0	-0	-0	300	0	-203	-0	-0	-0	-0	300	0	200	-0
526	-0	-0	-0	1506	0	-203	-0	-0	-0	-0	2109	0	-203	-0	-0	-0	-0	903	0	-403	-0	-0	-0	-0	300	0	-203	-0	0	0	0	300	0	200	0
527	-0	-0	-0	1506	0	-203	-0	-0	-0	-0	2109	0	-203	-0	-0	-0	-0	903	0	-403	-0	-0	-0	-0	300	0	-203	-0	-0	-0	-0	300	0	200	-0
528	-0	-0	-0	1506	0	-203	-0	-0	-0	-0	2109	0	-203	-0	-0	-0	-0	903	0	-403	-0	-0	-0	-0	300	0	-203	-0	-0	-0	-0	300	0	200	-0
529	-0	-0	-0	1506	0	-203	-0	-0	-0	-0	2109	0	-203	-0	-0	-0	-0	903	0	-403	-0	-0	-0	-0	300	0	-203	-0	-0	-0	-0	300	0	200	-0
530	-0	-0	-0	1506	0	-203	-0	-0	-0	-0	2109	0	-203	-0	-0	-0	-0	903	0	-403	-0	0	0	0	300	0	-203	0	-0	-0	-0	300	0	200	-0
531	-0	-0	-0	1506	0	-203	-0	-0	-0	-0	2109	0	-203	-0	-0	-0	-0	903	0	-403	-0	-0	-0	-0	300	0	-203	-0	-0	-0	-0	300	0	200	-0
532	-0	-0	-0	1506	0	-203	-0	-0	-0	-0	2109	0	-203	-0	-0	-0	-0	903	0	-403	-0	-0	-0	-0	300	0	-203	-0	-0	-0	-0	300	0	200	-0
533	-0	-0	-0	1506	0	-203	-0	-0	-0	-0	2109	0	-203	-0	-0	-0	-0	903	0	-403	-0	-0	-0	-0	300	0	-203	-0	-0	-0	-0	300	0	200	-0
534	-0	-0	-0	1506	0	-203	-0	-0	-0	-0	2109	0	-203	-0	-0	-0	-0	903	0	-403	-0	-0	-0	-0	300	0	-203	-0	-0	-0	-0	300	0	200	-0
535	-0	-0	-0	1506	0	-203	-0	-0	-0	-0	2109	0	-203	-0	-0	-0	-0	903	0	-403	-0	-0	-0	-0	300	0	-203	-0	-0	-0	-0	300	0	200	-0
536	-0	-0	-0	1506	0	-203	-0	-0	-0	-0	2109	0	-203	-0	-0	-0	-0	903	0	-403	-0	-0	-0	-0	300	0	-203	-0	-0	-0	-0	300	0	200	-0
537	-0	-0	-0	1506	0	-203	-0	-0	-0	-0	2109	0	-203	-0	-0	-0	-0	903	0	-403	-0	-0	-0	-0	300	0	-203	-0	-0	-0	-0	300	0	200	-0
538	-0	-0	-0	1506	0	-203	-0	-0	-0	-0	2109	0	-203	-0	-0	-0	-0	903	0	-403	-0	-0	-0	-0	300	0	-203	-0	-0	-0	-0	300	0	200	-0
539	-0	-0	-0	1506	0	-203	-0	-0	-0	-0	2109	0	-203	-0	-0	-0	-0	903	0	-403	-0	-0	-0	-0	300	0	-203	-0	-0	-0	-0	300	0	200	-0
540	-0	-0	-0	1506	0	-203	-0	-0	-0	-0	2109	0	-203	-0	-0	-0	-0	903	0	-403	-0	-0	-0	-0	300	0	-203	-0	-0	-0	-0	300	0	200	-0
541	-0	-0	-0	1506	0	-203	-0	-0	-0	-0	2109	0	-203	-0	-0	-0	-0	903	0	-403	-0	-0	-0	-0	300	0	-203	-0	-0	-0	-0	300	0	200	-0
542	-0	-0	-0	1506	0	-203	-0	-0	-0	-0	2109	0	-203	-0	-0	-0	-0	903	0	-403	-0	-0	-0	-0	300	0	-203	-0	0	0	0	300	0	200	0
543	-0	-0	-0	1506	0	-203	-0	-0	-0	-0	2109	0	-203	-0	-0	-0	-0	903	0	-403	-0	-0	-0	-0	300	0	-203	-0	-0	-0	-0	300	0	200	-0
544	-0	-0	-0	1506	0	-203	-0	-0	-0	-0	2109	0	-203	-0	-0	-0	-0	903	0	-403	-0	-0	-0	-0	300	0	-203	-0	-0	-0	-0	300	0	200	-0
545	-0	-0	-0	1506	0	-203	-0	-0	-0	-0	2109	0	-203	-0	-0	-0	-0	903	0	-403	-0	0	0	0	300	0	-203	0	-0	-0	-0	300	0	200	-0
546	-0	-0	-0	1506	0	-203	-0	-0	-0	-0	2109	0	-203	-0	-0	-0	-0	903	0	-403	-0	-0	-0	-0	300	0	-203	-0	-0	-0	-0	300	0	200	-0
547	-0	-0	-0	1506	0	-203	-0	-0	-0	-0	2109	0	-203	-0	-0	-0	-0	903	0	-403	-0	-0	-0	-0	300	0	-203	-0	-0	-0	-0	300	0	200	-0
548	-0	-0	-0	1506	0	-203	-0	-0	-0	-0	2109	0	-203	-0	-0	-0	-0	903	0	-403	-0	0	0	0	300	0	-203	0	-0	-0	-0	300	0	200	-0
549	-0	-0	-0	1506	0	-203	-0	-0	-0	-0	2109	0	-203	-0	-0	-0	-0	903	0	-403	-0	-0	-0	-0	300	0	-203	-0	-0	-0	-0	300	0	200	-0
550	-0	-0	-0	1506	0	-203	-0	-0	-0	-0	2109	0	-203	-0	-0	-0	-0	903	0	-403	-0	-0	-0	-0	300	0	-203	-0	-0	-0	-0	300	0	200	-0
551	-0	-0	-0	1506	0	-203	-0	-0	-0	-0	2109	0	-203	-0	-0	-0	-0	903	0	-403	-0	0	0	0	300	0	-203	0	-0	-0	-0	300	0	200	-0
552	-0	-0	-0	1506	0	-203	-0	-0	-0	-0	2109	0	-203	-0	-0	-0	-0	903	0	-403	-0	-0	-0	-0	300	0	-203	-0	-0	-0	-0	300	0	200	-0
553	-0	-0	-0	1506	0	-203	-0	-0	-0	-0	2109	0	-203	-0	0	0	0	903	0	-403	0	-0	-0	-0	300	0	-203	-0	-0	-0	-0	300	0	200	-0
554	-0	-0	-0	1506	0	-203	-0	-0	-0	-0	2109	0	-203	-0	-0	-0	-0	903	0	-403	-0	-0	-0	-0	300	0	-203	-0	-0	-0	-0	300	0	200	-0
555	-0	-0	-0	1506	0	-203	-0	-0	-0	-0	2109	0	-203	-0	-0	-0	-0	903	0	-403	-0	-0	-0	-0	300	0	-203	-0	-0	-0	-0	300	0	200	-0
556	-0	-0	-0	1506	0	-203	-0	-0	-0	-0	2109	0	-203	-0	-0	-0	-0	903	0	-403	-0	-0	-0	-0	300	0	-203	-0	-0	-0	-0	300	0	200	-0
557	-0	-0	-0	1506	0	-203	-0	-0	-0	-0	2109	0	-203	-0	-0	-0	-0	903	0	-403	-0	0	0	0	300	0	-203	0	-0	-0	-0	300	0	200	-0
558	-0	-0	-0	1506	0	-203	-0	-0	-0	-0	2109	0	-203	-0	-0	-0	-0	903	0	-403	-0	-0	-0	-0	300	0	-203	-0	-0	-0	-0	300	0	200	-0
559	-0	-0	-0	1506	0	-203	-0	-0	-0	-0	2109	0	-203	-0	-0	-0	-0	903	0	-403	-0	-0	-0	-0	300	0	-203	-0	0	0	0	300	0	200	0
560	-0	-0	-0	1506	0	-203	-0	-0	-0	-0	2109	0	-203	-0	0	0	0	903	0	-403	0	-0	-0	-0	300	0	-203	-0	-0	-0	-0	300	0	200	-0
561	-0	-0	-0	1506	0	-203	-0	-0	-0	-0	2109	0	-203	-0	-0	-0	-0	903	0	-403	-0	-0	-0	-0	300	0	-203	-0	-0	-0	-0	300	0	200	-0
562	-0	-0	-0	1506	0	-203	-0	-0	-0	-0	2109	0	-203	-0	-0	-0	-0	903	0	-403	-0	-0	-0	-0	300	0	-203	-0	-0	-0	-0	300	0	200	-0
563	-0	-0	-0	1506	0	-203	-0	-0	-0	-0	2109	0	-203	-0	-0	-0	-0	903	0	-403	-0	-0	-0	-0	300	0	-203	-0	-0	-0	-0	300	0	200	-0
564	-0	-0	-0	1506	0	-203	-0	-0	-0	-0	2109	0	-203	-0	-0	-0	-0	903	0	-403	-0	0	0	0	300	0	-203	0	-0	-0	-0	300	0	200	-0
565	-0	-0	-0	1506	0	-203	-0	-0	-0	-0	2109	0	-203	-0	-0	-0	-0	903	0	-403	-0	-0	-0	-0	300	0	-203	-0	0	0	0	300	0	200	0
566	-0	-0	-0	1506	0	-203	-0	-0	-0	-0	2109	0	-203	-0	-0	-0	-0	903	0	-403	-0	-0	-0	-0	300	0	-203	-0	0	0	0	300	0	200	0
567	-0	-0	-0	1506	0	-203	-0	-0	-0	-0	2109	0	-203	-0	-0	-0	-0	903	0	-403	-0	-0	-0	-0	300	0	-203	-0	0	0	0	300	0	200	0
568	-0	-0	-0	1506	0	-203	-0	-0	-0	-0	2109	0	-203	-0	-0	-0	-0	903	0	-403	-0	-0	-0	-0	300	0	-203	-0	0	0	0	300	0	200	0
569	-0	-0	-0	1506	0	-203	-0	-0	-0	-0	2109	0	-203	-0	-0	-0	-0	903	0	-403	-0	-0	-0	-0	300	0	-203	-0	-0	-0	-0	300	0	200	-0
570	-0	-0	-0	1506	0	-203	-0	-0	-0	-0	2109	0	-203	-0	-0	-0	-0	903	0	-403	-0	-0	-0	-0	300	0	-203	-0	-0	-0	-0	300	0	200	-0
571	-0	-0	-0	1506	0	-203	-0	-0	-0	-0	2109	0	-203	-0	-0	-0	-0	903	0	-403	-0	-0	-0	-0	300	0	-203	-0	-0	-0	-0	300	0	200	-0
572	-0	-0	-0	1506	0	-203	-0	-0	-0	-0	2109	0	-203	-0	-0	-0	-0	903	0	-403	-0	-0	-0	-0	300	0	-203	-0	-0	-0	-0	300	0	200	-0
573	-0	-0	-0	1506	0	-203	-0	-0	-0	-0	2109	0	-203	-0	-0	-0	-0	903	0	-403	-0	-0	-0	-0	300	0	-203	-0	-0	-0	-0	300	0	200	-0
574	-0	-0	-0	1506	0	-203	-0	-0	-0	-0	2109	0	-203	-0	-0	-0	-0	903	0	-403	-0	0	0	0	300	0	-203	0	-0	-0	-0	300	0	200	-0
575	-0	-0	-0	1506	0	-203	-0	-0	-0	-0	2109	0	-203	-0	-0	-0	-0	903	0	-403	-0	-0	-0	-0	300	0	-203	-0	-0	-0	-0	300	0	200	-0
576	-0	-0	-0	1506	0	-203	-0	-0	-0	-0	2109	0	-203	-0	-0	-0	-0	903	0	-403	-0	-0	-0	-0	300	0	-203	-0	-0	-0	-0	300	0	200	-0
577	-0	-0	-0	1506	0	-203	-0	-0	-0	-0	2109	0	-203	-0	-0	-0	-0	903	0	-403	-0	-0	-0	-0	300	0	-203	-0	-0	-0	-0	300	0	200	-0
578	-0	-0	-0	1506	0	-203	-0	-0	-0	-0	2109	0	-203	-0	-0	-0	-0	903	0	-403	-0	-0	-0	-0	300	0	-203	-0	-0	-0	-0	300	0	200	-0
579	-0	-0	-0	1506	0	-203	-0	-0	-0	-0	2109	0	-203	-0	-0	-0	-0	903	0	-403	-0	-0	-0	-0	300	0	-203	-0	-0	-0	-0	300	0	200	-0
580	-0	-0	-0	1506	0	-203	-0	-0	-0	-0	2109	0	-203	-0	-0	-0	-0	903	0	-403	-0	-0	-0	-0	300	0	-203	-0	0	0	0	300	0	200	0
581	-0	-0	-0	1506	0	-203	-0	-0	-0	-0	2109	0	-203	-0	-0	-0	-0	903	0	-403	-0	-0	-0	-0	300	0	-203	-0	-0	-0	-0	300	0	200	-0
582	-0	-0	-0	1506	0	-203	-0	-0	-0	-0	2109	0	-203	-0	-0	-0	-0	903	0	-403	-0	-0	-0	-0	300	0	-203	-0	-0	-0	-0	300	0	200	-0
583	-0	-0	-0	1506	0	-203	-0	-0	-0	-0	2109	0	-203	-0	-0	-0	-0	903	0	-403	-0	-0	-0	-0	300	0	-203	-0	-0	-0	-0	300	0	200	-0
584	-0	-0	-0	1506	0	-203	-0	-0	-0	-0	2109	0	-203	-0	-0	-0	-0	903	0	-403	-0	-0	-0	-0	300	0	-203	-0	-0	-0	-0	300	0	200	-0
585	-0	-0	-0	1506	0	-203	-0	-0	-0	-0	2109	0	-203	-0	-0	-0	-0	903	0	-403	-0	-0	-0	-0	300	0	-203	-0	-0	-0	-0	300	0	200	-0
586	-0	-0	-0	1506	0	-203	-0	-0	-0	-0	2109	0	-203	-0	-0	-0	-0	903	0	-403	-0	-0	-0	-0	300	0	-203	-0	-0	-0	-0	300	0	200	-0
587	-0	-0	-0	1506	0	-203	-0	-0	-0	-0	2109	0	-203	-0	-0	-0	-0	903	0	-403	-0	-0	-0	-0	300	0	-203	-0	-0	-0	-0	300	0	200	-0
588	-0	-0	-0	1506	0	-203	-0	-0	-0	-0	2109	0	-203	-0	-0	-0	-0	903	0	-403	-0	-0	-0	-0	300	0	-203	-0	-0	-0	-0	300	0	200	-0
589	-0	-0	-0	1506	0	-203	-0	-0	-0	-0	2109	0	-203	-0	-0	-0	-0	903	0	-403	-0	-0	-0	-0	300	0	-203	-0	0	0	0	300	0	200	0
590	-0	-0	-0	1506	0	-203	-0	-0	-0	-0	2109	0	-203	-0	-0	-0	-0	903	0	-403	-0	-0	-0	-0	300	0	-203	-0	-0	-0	-0	300	0	200	-0
591	-0	-0	-0	1506	0	-203	-0	-0	-0	-0	2109	0	-203	-0	-0	-0	-0	903	0	-403	-0	-0	-0	-0	300	0	-203	-0	-0	-0	-0	300	0	200	-0
592	-0	-0	-0	1506	0	-203	-0	-0	-0	-0	2109	0	-203	-0	-0	-0	-0	903	0	-403	-0	0	0	0	300	0	-203	0	-0	-0	-0	300	0	200	-0
593	-0	-0	-0	1506	0	-203	-0	-0	-0	-0	2109	0	-203	-0	-0	-0	-0	903	0	-403	-0	-0	-0	-0	300	0	-203	-0	-0	-0	-0	300	0	200	-0
594	-0	-0	-0	1506	0	-203	-0	-0	-0	-0	2109	0	-203	-0	0	0	0	903	0	-403	0	-0	-0	-0	300	0	-203	-0	-0	-0	-0	300	0	200	-0
595	-0	-0	-0	1506	0	-203	-0	-0	-0	-0	2109	0	-203	-0	-0	-0	-0	903	0	-403	-0	-0	-0	-0	300	0	-203	-0	0	0	0	300	0	200	0
596	-0	-0	-0	1506	0	-203	-0	-0	-0	-0	2109	0	-203	-0	-0	-0	-0	903	0	-403	-0	-0	-0	-0	300	0	-203	-0	-0	-0	-0	300	0	200	-0
597	-0	-0	-0	1506	0	-203	-0	-0	-0	-0	2109	0	-203	-0	-0	-0	-0	903	0	-403	-0	-0	-0	-0	300	0	-203	-0	-0	-0	-0	300	0	200	-0
598	-0	-0	-0	1506	0	-203	-0	-0	-0	-0	2109	0	-203	-0	0	0	0	903	0	-403	0	-0	-0	-0	300	0	-203	-0	-0	-0	-0	300	0	200	-0
599	-0	-0	-0	1506	0	-203	-0	-0	-0	-0	2109	0	-203	-0	-0	-0	-0	903	0	-403	-0	-0	-0	-0	300	0	-203	-0	-0	-0	-0	300	0	200	-0
600	-0	-0	-0	1506	0	-203	-0	-0	-0	-0	2109	0	-203	-0	-0	-0	-0	903	0	-403	-0	-0	-0	-0	300	0	-203	-0	-0	-0	-0	300	0	200	-0
601	-0	-0	-0	1506	0	-203	-0	-0	-0	-0	2109	0	-203	-0	-0	-0	-0	903	0	-403	-0	-0	-0	-0	300	0	-203	-0	-0	-0	-0	300	0	200	-0
602	-0	-0	-0	1506	0	-203	-0	-0	-0	-0	2109	0	-203	-0	-0	-0	-0	903	0	-403	-0	-0	-0	-0	300	0	-203	-0	-0	-0	-0	300	0	200	-0
603	-0	-0	-0	1506	0	-203	-0	-0	-0	-0	2109	0	-203	-0	-0	-0	-0	903	0	-403	-0	-0	-0	-0	300	0	-203	-0	-0	-0	-0	300	0	200	-0
604	-0	-0	-0	1506	0	-203	-0	-0	-0	-0	2109	0	-203	-0	-0	-0	-0	903	0	-403	-0	-0	-0	-0	300	0	-203	-0	-0	-0	-0	300	0	200	-0
