Time	Fx1	Fy1	Fz1	COPx1	COPy1	COPz1	Ty1	Fx2	Fy2	Fz2	COPx2	COPy2	COPz2	Ty2	Fx3	Fy3	Fz3	COPx3	COPy3	COPz3	Ty3	Fx4	Fy4	Fz4	COPx4	COPy4	COPz4	Ty4	Fx5	Fy5	Fz5	COPx5	COPy5	COPz5	Ty5
1	0	0	0	1506	0	-203	0	0	0	0	2109	0	-203	0	0	0	0	903	0	-403	0	0	0	0	300	0	-203	0	0	0	0	300	0	200	0
2	-0	-0	-0	1506	0	-203	-0	-0	-0	-0	2109	0	-203	-0	-0	-0	-0	903	0	-403	-0	-0	-0	-0	300	0	-203	-0	0	0	0	300	0	200	0
3	-0	-0	-0	1506	0	-203	-0	-0	-0	-0	2109	0	-203	-0	-0	-0	-0	903	0	-403	-0	-0	-0	-0	300	0	-203	-0	-0	-0	-0	300	0	200	-0
4	-0	-0	-0	1506	0	-203	-0	-0	-0	-0	2109	0	-203	-0	-0	-0	-0	903	0	-403	-0	-0	-0	-0	300	0	-203	-0	-0	-0	-0	300	0	200	-0
5	-0	-0	-0	1506	0	-203	-0	-0	-0	-0	2109	0	-203	-0	-0	-0	-0	903	0	-403	-0	-0	-0	-0	300	0	-203	-0	-0	-0	-0	300	0	200	-0
6	-0	-0	-0	1506	0	-203	-0	-0	-0	-0	2109	0	-203	-0	-0	-0	-0	903	0	-403	-0	-0	-0	-0	300	0	-203	-0	0	0	0	300	0	200	0
7	-0	-0	-0	1506	0	-203	-0	0	0	0	2109	0	-203	0	-0	-0	-0	903	0	-403	-0	-0	-0	-0	300	0	-203	-0	0	0	0	300	0	200	0
8	-0	-0	-0	1506	0	-203	-0	-0	-0	-0	2109	0	-203	-0	-0	-0	-0	903	0	-403	-0	0	0	0	300	0	-203	0	-0	-0	-0	300	0	200	-0
9	-0	-0	-0	1506	0	-203	-0	-0	-0	-0	2109	0	-203	-0	-0	-0	-0	903	0	-403	-0	0	0	0	300	0	-203	0	-0	-0	-0	300	0	200	-0
10	-0	-0	-0	1506	0	-203	-0	-0	-0	-0	2109	0	-203	-0	-0	-0	-0	903	0	-403	-0	-0	-0	-0	300	0	-203	-0	-0	-0	-0	300	0	200	-0
11	-0	-0	-0	1506	0	-203	-0	-0	-0	-0	2109	0	-203	-0	-0	-0	-0	903	0	-403	-0	-0	-0	-0	300	0	-203	-0	-0	-0	-0	300	0	200	-0
12	-0	-0	-0	1506	0	-203	-0	-0	-0	-0	2109	0	-203	-0	-0	-0	-0	903	0	-403	-0	0	0	0	300	0	-203	0	-0	-0	-0	300	0	200	-0
13	-0	-0	-0	1506	0	-203	-0	-0	-0	-0	2109	0	-203	-0	-0	-0	-0	903	0	-403	-0	0	0	0	300	0	-203	0	-0	-0	-0	300	0	200	-0
14	-0	-0	-0	1506	0	-203	-0	-0	-0	-0	2109	0	-203	-0	-0	-0	-0	903	0	-403	-0	0	0	0	300	0	-203	0	-0	-0	-0	300	0	200	-0
15	-0	-0	-0	1506	0	-203	-0	-0	-0	-0	2109	0	-203	-0	-0	-0	-0	903	0	-403	-0	-0	-0	-0	300	0	-203	-0	-0	-0	-0	300	0	200	-0
16	-0	-0	-0	1506	0	-203	-0	-0	-0	-0	2109	0	-203	-0	-0	-0	-0	903	0	-403	-0	-0	-0	-0	300	0	-203	-0	0	0	0	300	0	200	0
17	-0	-0	-0	1506	0	-203	-0	-0	-0	-0	2109	0	-203	-0	-0	-0	-0	903	0	-403	-0	-0	-0	-0	300	0	-203	-0	-0	-0	-0	300	0	200	-0
18	-0	-0	-0	1506	0	-203	-0	-0	-0	-0	2109	0	-203	-0	-0	-0	-0	903	0	-403	-0	0	0	0	300	0	-203	0	-0	-0	-0	300	0	200	-0
19	-0	-0	-0	1506	0	-203	-0	-0	-0	-0	2109	0	-203	-0	-0	-0	-0	903	0	-403	-0	-0	-0	-0	300	0	-203	-0	0	0	0	300	0	200	0
20	-0	-0	-0	1506	0	-203	-0	-0	-0	-0	2109	0	-203	-0	-0	-0	-0	903	0	-403	-0	-0	-0	-0	300	0	-203	-0	0	0	0	300	0	200	0
21	-0	-0	-0	1506	0	-203	-0	-0	-0	-0	2109	0	-203	-0	0	0	0	903	0	-403	0	-0	-0	-0	300	0	-203	-0	-0	-0	-0	300	0	200	-0
22	-0	-0	-0	1506	0	-203	-0	-0	-0	-0	2109	0	-203	-0	-0	-0	-0	903	0	-403	-0	-0	-0	-0	300	0	-203	-0	0	0	0	300	0	200	0
23	-0	-0	-0	1506	0	-203	-0	-0	-0	-0	2109	0	-203	-0	-0	-0	-0	903	0	-403	-0	-0	-0	-0	300	0	-203	-0	-0	-0	-0	300	0	200	-0
24	-0	-0	-0	1506	0	-203	-0	-0	-0	-0	2109	0	-203	-0	-0	-0	-0	903	0	-403	-0	0	0	0	300	0	-203	0	-0	-0	-0	300	0	200	-0
25	-0	-0	-0	1506	0	-203	-0	-0	-0	-0	2109	0	-203	-0	-0	-0	-0	903	0	-403	-0	0	0	0	300	0	-203	0	-0	-0	-0	300	0	200	-0
26	-0	-0	-0	1506	0	-203	-0	-0	-0	-0	2109	0	-203	-0	-0	-0	-0	903	0	-403	-0	-0	-0	-0	300	0	-203	-0	-0	-0	-0	300	0	200	-0
27	-0	-0	-0	1506	0	-203	-0	-0	-0	-0	2109	0	-203	-0	-0	-0	-0	903	0	-403	-0	-0	-0	-0	300	0	-203	-0	-0	-0	-0	300	0	200	-0
28	-0	-0	-0	1506	0	-203	-0	-0	-0	-0	2109	0	-203	-0	-0	-0	-0	903	0	-403	-0	-0	-0	-0	300	0	-203	-0	-0	-0	-0	300	0	200	-0
29	-0	-0	-0	1506	0	-203	-0	-0	-0	-0	2109	0	-203	-0	-0	-0	-0	903	0	-403	-0	-0	-0	-0	300	0	-203	-0	0	0	0	300	0	200	0
30	-0	-0	-0	1506	0	-203	-0	-0	-0	-0	2109	0	-203	-0	-0	-0	-0	903	0	-403	-0	0	0	0	300	0	-203	0	0	0	0	300	0	200	0
31	-0	-0	-0	1506	0	-203	-0	-0	-0	-0	2109	0	-203	-0	-0	-0	-0	903	0	-403	-0	-0	-0	-0	300	0	-203	-0	-0	-0	-0	300	0	200	-0
32	-0	-0	-0	1506	0	-203	-0	-0	-0	-0	2109	0	-203	-0	-0	-0	-0	903	0	-403	-0	-0	-0	-0	300	0	-203	-0	0	0	0	300	0	200	0
33	-0	-0	-0	1506	0	-203	-0	-0	-0	-0	2109	0	-203	-0	-0	-0	-0	903	0	-403	-0	0	0	0	300	0	-203	0	-0	-0	-0	300	0	200	-0
34	-0	-0	-0	1506	0	-203	-0	-0	-0	-0	2109	0	-203	-0	-0	-0	-0	903	0	-403	-0	-0	-0	-0	300	0	-203	-0	-0	-0	-0	300	0	200	-0
35	-0	-0	-0	1506	0	-203	-0	-0	-0	-0	2109	0	-203	-0	-0	-0	-0	903	0	-403	-0	-0	-0	-0	300	0	-203	-0	-0	-0	-0	300	0	200	-0
36	-0	-0	-0	1506	0	-203	-0	-0	-0	-0	2109	0	-203	-0	-0	-0	-0	903	0	-403	-0	-0	-0	-0	300	0	-203	-0	-0	-0	-0	300	0	200	-0
37	-0	-0	-0	1506	0	-203	-0	-0	-0	-0	2109	0	-203	-0	-0	-0	-0	903	0	-403	-0	-0	-0	-0	300	0	-203	-0	-0	-0	-0	300	0	200	-0
38	-0	-0	-0	1506	0	-203	-0	-0	-0	-0	2109	0	-203	-0	-0	-0	-0	903	0	-403	-0	-0	-0	-0	300	0	-203	-0	0	0	0	300	0	200	0
39	-0	-0	-0	1506	0	-203	-0	-0	-0	-0	2109	0	-203	-0	-0	-0	-0	903	0	-403	-0	-0	-0	-0	300	0	-203	-0	-0	-0	-0	300	0	200	-0
40	-0	-0	-0	1506	0	-203	-0	-0	-0	-0	2109	0	-203	-0	-0	-0	-0	903	0	-403	-0	0	0	0	300	0	-203	0	-0	-0	-0	300	0	200	-0
41	-0	-0	-0	1506	0	-203	-0	-0	-0	-0	2109	0	-203	-0	-0	-0	-0	903	0	-403	-0	-0	-0	-0	300	0	-203	-0	-0	-0	-0	300	0	200	-0
42	-0	-0	-0	1506	0	-203	-0	-0	-0	-0	2109	0	-203	-0	-0	-0	-0	903	0	-403	-0	-0	-0	-0	300	0	-203	-0	-0	-0	-0	300	0	200	-0
43	-0	-0	-0	1506	0	-203	-0	-0	-0	-0	2109	0	-203	-0	-0	-0	-0	903	0	-403	-0	0	0	0	300	0	-203	0	0	0	0	300	0	200	0
44	-0	-0	-0	1506	0	-203	-0	-0	-0	-0	2109	0	-203	-0	-0	-0	-0	903	0	-403	-0	-0	-0	-0	300	0	-203	-0	-0	-0	-0	300	0	200	-0
45	-0	-0	-0	1506	0	-203	-0	-0	-0	-0	2109	0	-203	-0	-0	-0	-0	903	0	-403	-0	-0	-0	-0	300	0	-203	-0	-0	-0	-0	300	0	200	-0
46	-0	-0	-0	1506	0	-203	-0	-0	-0	-0	2109	0	-203	-0	-0	-0	-0	903	0	-403	-0	-0	-0	-0	300	0	-203	-0	-0	-0	-0	300	0	200	-0
47	-0	-0	-0	1506	0	-203	-0	-0	-0	-0	2109	0	-203	-0	-0	-0	-0	903	0	-403	-0	-0	-0	-0	300	0	-203	-0	-0	-0	-0	300	0	200	-0
48	-0	-0	-0	1506	0	-203	-0	-0	-0	-0	2109	0	-203	-0	-0	-0	-0	903	0	-403	-0	-0	-0	-0	300	0	-203	-0	-0	-0	-0	300	0	200	-0
49	-0	-0	-0	1506	0	-203	-0	-0	-0	-0	2109	0	-203	-0	-0	-0	-0	903	0	-403	-0	-0	-0	-0	300	0	-203	-0	-0	-0	-0	300	0	200	-0
50	-0	-0	-0	1506	0	-203	-0	-0	-0	-0	2109	0	-203	-0	-0	-0	-0	903	0	-403	-0	-22.4	87.69	-5.7	244.8	0	-122.47	-231.35	-0	-0	-0	300	0	200	-0
51	-0	-0	-0	1506	0	-203	-0	-0	-0	-0	2109	0	-203	-0	-0	-0	-0	903	0	-403	-0	-59.93	330.96	-20.63	249.87	0	-131.61	-88.25	-0	-0	-0	300	0	200	-0
52	-0	-0	-0	1506	0	-203	-0	-0	-0	-0	2109	0	-203	-0	-0	-0	-0	903	0	-403	-0	-63.73	396.39	-10.32	251.22	0	-132.75	-37.79	-0	-0	-0	300	0	200	-0
53	-0	-0	-0	1506	0	-203	-0	-0	-0	-0	2109	0	-203	-0	-0	-0	-0	903	0	-403	-0	-67.81	386.88	8.48	252.87	0	-133.66	-47.82	-0	-0	-0	300	0	200	-0
54	-0	-0	-0	1506	0	-203	-0	-0	-0	-0	2109	0	-203	-0	-0	-0	-0	903	0	-403	-0	-72.76	380.1	22.47	254.57	0	-134.46	-120.78	0	0	0	300	0	200	0
55	-0	-0	-0	1506	0	-203	-0	-0	-0	-0	2109	0	-203	-0	-0	-0	-0	903	0	-403	-0	-76.22	403.72	31.7	255.66	0	-135.19	-165.52	-0	-0	-0	300	0	200	-0
56	-0	-0	-0	1506	0	-203	-0	-0	-0	-0	2109	0	-203	-0	-0	-0	-0	903	0	-403	-0	-79.96	459.37	34.89	256.44	0	-135.3	-102.66	-0	-0	-0	300	0	200	-0
57	-0	-0	-0	1506	0	-203	-0	-0	-0	-0	2109	0	-203	-0	-0	-0	-0	903	0	-403	-0	-83.35	517.48	32.24	257.38	0	-135.09	-120.04	-0	-0	-0	300	0	200	-0
58	-0	-0	-0	1506	0	-203	-0	-0	-0	-0	2109	0	-203	-0	-0	-0	-0	903	0	-403	-0	-87.15	547.07	25.25	257.67	0	-134.96	-5.36	0	0	0	300	0	200	0
59	-0	-0	-0	1506	0	-203	-0	-0	-0	-0	2109	0	-203	-0	-0	-0	-0	903	0	-403	-0	-89.93	557.39	18.67	258.75	0	-134.95	-8.25	-0	-0	-0	300	0	200	-0
60	-0	-0	-0	1506	0	-203	-0	-0	-0	-0	2109	0	-203	-0	0	0	0	903	0	-403	0	-90.07	544.35	13.1	259.23	0	-134.84	44.98	-0	-0	-0	300	0	200	-0
61	-0	-0	-0	1506	0	-203	-0	-0	-0	-0	2109	0	-203	-0	-0	-0	-0	903	0	-403	-0	-87.35	530.24	10.05	260.18	0	-134.56	132.17	-0	-0	-0	300	0	200	-0
62	-0	-0	-0	1506	0	-203	-0	-0	-0	-0	2109	0	-203	-0	0	0	0	903	0	-403	0	-82.94	511.77	6.38	260.73	0	-134.36	65.73	-0	-0	-0	300	0	200	-0
63	-0	-0	-0	1506	0	-203	-0	-0	-0	-0	2109	0	-203	-0	-0	-0	-0	903	0	-403	-0	-79.55	499.01	1.43	261.14	0	-133.9	43.52	-0	-0	-0	300	0	200	-0
64	-0	-0	-0	1506	0	-203	-0	-0	-0	-0	2109	0	-203	-0	-0	-0	-0	903	0	-403	-0	-78.94	492.5	-2.1	261.91	0	-134.08	60.72	-0	-0	-0	300	0	200	-0
65	-0	-0	-0	1506	0	-203	-0	-0	-0	-0	2109	0	-203	-0	-0	-0	-0	903	0	-403	-0	-80.77	485.71	-6.58	262.46	0	-133.37	-40.49	0	0	0	300	0	200	0
66	-0	-0	-0	1506	0	-203	-0	-0	-0	-0	2109	0	-203	-0	-0	-0	-0	903	0	-403	-0	-84.84	485.98	-9.91	263.16	0	-133.36	-97.82	-0	-0	-0	300	0	200	-0
67	-0	-0	-0	1506	0	-203	-0	-0	-0	-0	2109	0	-203	-0	-0	-0	-0	903	0	-403	-0	-88.98	492.5	-13.3	263.79	0	-133.13	-20.86	-0	-0	-0	300	0	200	-0
68	-0	-0	-0	1506	0	-203	-0	-0	-0	-0	2109	0	-203	-0	-0	-0	-0	903	0	-403	-0	-94.96	504.44	-14.86	264.51	0	-132.68	-94.17	-0	-0	-0	300	0	200	-0
69	-0	-0	-0	1506	0	-203	-0	-0	-0	-0	2109	0	-203	-0	0	0	0	903	0	-403	0	-100.59	521.55	-16.22	265.57	0	-133	-170.11	-0	-0	-0	300	0	200	-0
70	-0	-0	-0	1506	0	-203	-0	-0	-0	-0	2109	0	-203	-0	-0	-0	-0	903	0	-403	-0	-104.59	536.48	-15.34	266.32	0	-133.05	-177.88	-0	-0	-0	300	0	200	-0
71	-0	-0	-0	1506	0	-203	-0	-0	-0	-0	2109	0	-203	-0	-0	-0	-0	903	0	-403	-0	-108.53	555.49	-14.53	267.35	0	-132.71	-273.66	-0	-0	-0	300	0	200	-0
72	-0	-0	-0	1506	0	-203	-0	-0	-0	-0	2109	0	-203	-0	-0	-0	-0	903	0	-403	-0	-111.11	578.83	-13.1	268.91	0	-132.11	-374.08	-0	-0	-0	300	0	200	-0
73	-0	-0	-0	1506	0	-203	-0	-0	-0	-0	2109	0	-203	-0	-0	-0	-0	903	0	-403	-0	-111.72	609.51	-14.66	271.6	0	-131.56	-194.78	-0	-0	-0	300	0	200	-0
74	-0	-0	-0	1506	0	-203	-0	-0	-0	-0	2109	0	-203	-0	-0	-0	-0	903	0	-403	-0	-113.08	656.75	-19.28	275.58	0	-130.36	-50.34	-0	-0	-0	300	0	200	-0
75	-0	-0	-0	1506	0	-203	-0	-0	-0	-0	2109	0	-203	-0	-0	-0	-0	903	0	-403	-0	-113.62	718.66	-25.45	279.96	0	-130.55	135.72	-0	-0	-0	300	0	200	-0
76	-0	-0	-0	1506	0	-203	-0	-0	-0	-0	2109	0	-203	-0	-0	-0	-0	903	0	-403	-0	-116.13	762.91	-29.66	282.21	0	-130.23	453.18	-0	-0	-0	300	0	200	-0
77	-0	-0	-0	1506	0	-203	-0	-0	-0	-0	2109	0	-203	-0	0	0	0	903	0	-403	0	-120.21	798.2	-28.1	284.6	0	-130	427.98	-0	-0	-0	300	0	200	-0
78	-0	-0	-0	1506	0	-203	-0	-0	-0	-0	2109	0	-203	-0	-0	-0	-0	903	0	-403	-0	-124.55	812.59	-26.81	287.73	0	-129.63	554.91	-0	-0	-0	300	0	200	-0
79	-0	-0	-0	1506	0	-203	-0	-0	-0	-0	2109	0	-203	-0	-0	-0	-0	903	0	-403	-0	-125.3	818.3	-26.61	290.49	0	-129.5	425.69	-0	-0	-0	300	0	200	-0
80	-0	-0	-0	1506	0	-203	-0	-0	-0	-0	2109	0	-203	-0	-0	-0	-0	903	0	-403	-0	-126.52	831.6	-27.69	294.15	0	-129.11	185.27	0	0	0	300	0	200	0
81	-0	-0	-0	1506	0	-203	-0	-0	-0	-0	2109	0	-203	-0	-0	-0	-0	903	0	-403	-0	-128.21	850.6	-29.19	296.84	0	-128.72	-131.28	-0	-0	-0	300	0	200	-0
82	-0	-0	-0	1506	0	-203	-0	-0	-0	-0	2109	0	-203	-0	-0	-0	-0	903	0	-403	-0	-128.83	862.82	-30	299.49	0	-128.35	-573.63	-0	-0	-0	300	0	200	-0
83	-0	-0	-0	1506	0	-203	-0	-0	-0	-0	2109	0	-203	-0	0	0	0	903	0	-403	0	-128.76	871.51	-31.09	302.42	0	-127.99	-939.7	-0	-0	-0	300	0	200	-0
84	-0	-0	-0	1506	0	-203	-0	-0	-0	-0	2109	0	-203	-0	-0	-0	-0	903	0	-403	-0	-128.15	873.14	-31.9	304.99	0	-127.73	-1083.37	-0	-0	-0	300	0	200	-0
85	-0	-0	-0	1506	0	-203	-0	-0	-0	-0	2109	0	-203	-0	-0	-0	-0	903	0	-403	-0	-127.4	871.24	-33.46	307.14	0	-127.54	-1278.75	0	0	0	300	0	200	0
86	-0	-0	-0	1506	0	-203	-0	-0	-0	-0	2109	0	-203	-0	-0	-0	-0	903	0	-403	-0	-127.26	866.89	-35.63	310.15	0	-126.81	-1115.7	-0	-0	-0	300	0	200	-0
87	-0	-0	-0	1506	0	-203	-0	-0	-0	-0	2109	0	-203	-0	-0	-0	-0	903	0	-403	-0	-126.59	866.35	-38.62	313.31	0	-126.38	-1075.67	-0	-0	-0	300	0	200	-0
88	-0	-0	-0	1506	0	-203	-0	-0	-0	-0	2109	0	-203	-0	-0	-0	-0	903	0	-403	-0	-126.79	867.71	-40.52	315.47	0	-126.13	-1081.26	-0	-0	-0	300	0	200	-0
89	-0	-0	-0	1506	0	-203	-0	-0	-0	-0	2109	0	-203	-0	-0	-0	-0	903	0	-403	-0	-125.77	866.62	-42.08	318.17	0	-125.77	-1044.65	-0	-0	-0	300	0	200	-0
90	-0	-0	-0	1506	0	-203	-0	-0	-0	-0	2109	0	-203	-0	-0	-0	-0	903	0	-403	-0	-123.06	864.18	-42.96	320.75	0	-125.36	-1254.63	-0	-0	-0	300	0	200	-0
91	-0	-0	-0	1506	0	-203	-0	-0	-0	-0	2109	0	-203	-0	-0	-0	-0	903	0	-403	-0	-120.61	862.01	-44.32	323.09	0	-125.13	-1493.62	-0	-0	-0	300	0	200	-0
92	-0	-0	-0	1506	0	-203	-0	-0	-0	-0	2109	0	-203	-0	-0	-0	-0	903	0	-403	-0	-118.24	859.56	-45.34	325.59	0	-124.65	-1517.79	-0	-0	-0	300	0	200	-0
93	-0	-0	-0	1506	0	-203	-0	-0	-0	-0	2109	0	-203	-0	-0	-0	-0	903	0	-403	-0	-115.66	858.21	-47.17	328.28	0	-124.25	-1470.3	-0	-0	-0	300	0	200	-0
94	-0	-0	-0	1506	0	-203	-0	-0	-0	-0	2109	0	-203	-0	-0	-0	-0	903	0	-403	-0	-113.55	855.76	-48.73	330.22	0	-124.04	-1461.08	0	0	0	300	0	200	0
95	-0	-0	-0	1506	0	-203	-0	-0	-0	-0	2109	0	-203	-0	-0	-0	-0	903	0	-403	-0	-111.45	851.69	-49.55	332.84	0	-123.83	-1233.64	0	0	0	300	0	200	0
96	-0	-0	-0	1506	0	-203	-0	-0	-0	-0	2109	0	-203	-0	-0	-0	-0	903	0	-403	-0	-109.55	845.17	-50.5	335.35	0	-123.53	-1140	0	0	0	300	0	200	0
97	-0	-0	-0	1506	0	-203	-0	-0	-0	-0	2109	0	-203	-0	-0	-0	-0	903	0	-403	-0	-108.19	838.11	-49.82	337.44	0	-123.01	-1023.44	-0	-0	-0	300	0	200	-0
98	-0	-0	-0	1506	0	-203	-0	-0	-0	-0	2109	0	-203	-0	-0	-0	-0	903	0	-403	-0	-106.29	828.61	-49.68	340.26	0	-122.74	-899.58	-0	-0	-0	300	0	200	-0
99	-0	-0	-0	1506	0	-203	-0	-0	-0	-0	2109	0	-203	-0	-0	-0	-0	903	0	-403	-0	-104.05	817.48	-49.21	343.07	0	-122.27	-770.42	-0	-0	-0	300	0	200	-0
100	-0	-0	-0	1506	0	-203	-0	-0	-0	-0	2109	0	-203	-0	-0	-0	-0	903	0	-403	-0	-101.74	810.42	-49.48	345.92	0	-121.98	-751.55	-0	-0	-0	300	0	200	-0
101	-0	-0	-0	1506	0	-203	-0	-0	-0	-0	2109	0	-203	-0	0	0	0	903	0	-403	0	-99.16	802.01	-49.75	348.91	0	-121.57	-623.33	-0	-0	-0	300	0	200	-0
102	-0	-0	-0	1506	0	-203	-0	-0	-0	-0	2109	0	-203	-0	0	0	0	903	0	-403	0	-96.92	792.77	-50.29	352.02	0	-121.23	-614.45	-0	-0	-0	300	0	200	-0
103	-0	-0	-0	1506	0	-203	-0	-0	-0	-0	2109	0	-203	-0	-0	-0	-0	903	0	-403	-0	-95.09	784.63	-51.11	355.02	0	-120.58	-585.68	-0	-0	-0	300	0	200	-0
104	-0	-0	-0	1506	0	-203	-0	-0	-0	-0	2109	0	-203	-0	-0	-0	-0	903	0	-403	-0	-92.92	776.76	-51.86	358.29	0	-120.19	-603.02	-0	-0	-0	300	0	200	-0
105	-0	-0	-0	1506	0	-203	-0	-0	-0	-0	2109	0	-203	-0	0	0	0	903	0	-403	0	-90.88	765.08	-52.94	361.83	0	-119.44	-689.52	-0	-0	-0	300	0	200	-0
106	-0	-0	-0	1506	0	-203	-0	-0	-0	-0	2109	0	-203	-0	-0	-0	-0	903	0	-403	-0	-89.8	758.29	-53.21	364.95	0	-119.13	-717.79	-0	-0	-0	300	0	200	-0
107	-0	-0	-0	1506	0	-203	-0	-0	-0	-0	2109	0	-203	-0	-0	-0	-0	903	0	-403	-0	-89.32	748.25	-54.91	368.55	0	-118.82	-827.07	-0	-0	-0	300	0	200	-0
108	-0	-0	-0	1506	0	-203	-0	-0	-0	-0	2109	0	-203	-0	0	0	0	903	0	-403	0	-88.51	737.66	-56	372.4	0	-117.97	-921.95	-0	-0	-0	300	0	200	-0
109	-0	-0	-0	1506	0	-203	-0	-0	-0	-0	2109	0	-203	-0	-0	-0	-0	903	0	-403	-0	-87.76	730.06	-57.63	375.47	0	-117.85	-1084.8	-0	-0	-0	300	0	200	-0
110	-0	-0	-0	1506	0	-203	-0	-0	-0	-0	2109	0	-203	-0	-0	-0	-0	903	0	-403	-0	-87.01	719.2	-58.51	379.2	0	-116.97	-1133.89	-0	-0	-0	300	0	200	-0
111	-0	-0	-0	1506	0	-203	-0	-0	-0	-0	2109	0	-203	-0	-0	-0	-0	903	0	-403	-0	-85.86	711.05	-59.25	382.8	0	-116.76	-1298.18	0	0	0	300	0	200	0
112	-0	-0	-0	1506	0	-203	-0	-0	-0	-0	2109	0	-203	-0	-0	-0	-0	903	0	-403	-0	-84.91	705.35	-59.66	385.82	0	-116.38	-1297.38	-0	-0	-0	300	0	200	-0
113	-0	-0	-0	1506	0	-203	-0	-0	-0	-0	2109	0	-203	-0	-0	-0	-0	903	0	-403	-0	-84.3	697.48	-59.53	389.18	0	-115.74	-1320.87	-0	-0	-0	300	0	200	-0
114	-0	-0	-0	1506	0	-203	-0	-0	-0	-0	2109	0	-203	-0	-0	-0	-0	903	0	-403	-0	-82.81	691.51	-59.25	392.39	0	-115.38	-1220.21	-0	-0	-0	300	0	200	-0
115	-0	-0	-0	1506	0	-203	-0	-0	-0	-0	2109	0	-203	-0	0	0	0	903	0	-403	0	-81.38	684.99	-58.58	395.34	0	-114.83	-1272.54	-0	-0	-0	300	0	200	-0
116	-0	-0	-0	1506	0	-203	-0	-0	-0	-0	2109	0	-203	-0	-0	-0	-0	903	0	-403	-0	-79.75	679.83	-58.3	398.29	0	-114.61	-1243.13	-0	-0	-0	300	0	200	-0
117	-0	-0	-0	1506	0	-203	-0	-0	-0	-0	2109	0	-203	-0	-0	-0	-0	903	0	-403	-0	-77.72	672.77	-57.49	401.44	0	-114.17	-1208.9	-0	-0	-0	300	0	200	-0
118	-0	-0	-0	1506	0	-203	-0	-0	-0	-0	2109	0	-203	-0	-0	-0	-0	903	0	-403	-0	-75.75	668.43	-56.81	404.03	0	-113.99	-1136.47	-0	-0	-0	300	0	200	-0
119	-0	-0	-0	1506	0	-203	-0	-0	-0	-0	2109	0	-203	-0	-0	-0	-0	903	0	-403	-0	-72.9	662.46	-55.72	406.85	0	-113.62	-1072.85	-0	-0	-0	300	0	200	-0
120	-0	-0	-0	1506	0	-203	-0	-0	-0	-0	2109	0	-203	-0	-0	-0	-0	903	0	-403	-0	-70.39	657.57	-54.1	409.76	0	-113.63	-952.03	-0	-0	-0	300	0	200	-0
121	-0	-0	-0	1506	0	-203	-0	-0	-0	-0	2109	0	-203	-0	0	0	0	903	0	-403	0	-68.55	652.41	-52.53	412.17	0	-113.22	-851.62	-0	-0	-0	300	0	200	-0
122	-0	-0	-0	1506	0	-203	-0	-0	-0	-0	2109	0	-203	-0	0	0	0	903	0	-403	0	-66.65	646.17	-50.84	414.92	0	-112.99	-675.51	-0	-0	-0	300	0	200	-0
123	-0	-0	-0	1506	0	-203	-0	-0	-0	-0	2109	0	-203	-0	-0	-0	-0	903	0	-403	-0	-64.75	639.92	-49.21	417.72	0	-112.63	-525.65	0	0	0	300	0	200	0
124	-0	-0	-0	1506	0	-203	-0	-0	-0	-0	2109	0	-203	-0	0	0	0	903	0	-403	0	-63.26	634.49	-47.51	420.08	0	-112.44	-419.58	-0	-0	-0	300	0	200	-0
125	-0	-0	-0	1506	0	-203	-0	-0	-0	-0	2109	0	-203	-0	-0	-0	-0	903	0	-403	-0	-61.77	628.52	-46.29	422.86	0	-112.5	-335.73	0	0	0	300	0	200	0
126	-0	-0	-0	1506	0	-203	-0	-0	-0	-0	2109	0	-203	-0	-0	-0	-0	903	0	-403	-0	-60.2	619.83	-44.86	425.94	0	-111.97	-216.52	-0	-0	-0	300	0	200	-0
127	-0	-0	-0	1506	0	-203	-0	-0	-0	-0	2109	0	-203	-0	-0	-0	-0	903	0	-403	-0	-58.71	614.94	-43.64	428	0	-111.74	-190.29	-0	-0	-0	300	0	200	-0
128	-0	-0	-0	1506	0	-203	-0	-0	-0	-0	2109	0	-203	-0	-0	-0	-0	903	0	-403	-0	-57.56	609.78	-42.76	430.39	0	-111.74	-64.21	-0	-0	-0	300	0	200	-0
129	-0	-0	-0	1506	0	-203	-0	-0	-0	-0	2109	0	-203	-0	-0	-0	-0	903	0	-403	-0	-55.93	602.45	-42.56	432.94	0	-111.38	-97.35	0	0	0	300	0	200	0
130	-0	-0	-0	1506	0	-203	-0	-0	-0	-0	2109	0	-203	-0	-0	-0	-0	903	0	-403	-0	-54.44	598.11	-41.81	435.38	0	-111.15	-53.93	-0	-0	-0	300	0	200	-0
131	-0	-0	-0	1506	0	-203	-0	-0	-0	-0	2109	0	-203	-0	-0	-0	-0	903	0	-403	-0	-52.81	593.77	-41.47	437.65	0	-111.16	-32.8	-0	-0	-0	300	0	200	-0
132	-0	-0	-0	1506	0	-203	-0	-0	-0	-0	2109	0	-203	-0	-0	-0	-0	903	0	-403	-0	-51.18	590.24	-40.79	440.18	0	-110.49	-39.11	-0	-0	-0	300	0	200	-0
133	-0	-0	-0	1506	0	-203	-0	-0	-0	-0	2109	0	-203	-0	-0	-0	-0	903	0	-403	-0	-49.96	587.79	-40.39	442.26	0	-110.39	-5.14	-0	-0	-0	300	0	200	-0
134	-0	-0	-0	1506	0	-203	-0	-0	-0	-0	2109	0	-203	-0	-0	-0	-0	903	0	-403	-0	-48.39	587.79	-40.32	443.65	0	-110.39	11	-0	-0	-0	300	0	200	-0
135	-0	-0	-0	1506	0	-203	-0	-0	-0	-0	2109	0	-203	-0	-0	-0	-0	903	0	-403	-0	-46.77	586.98	-40.45	445.3	0	-110.19	-94.66	-0	-0	-0	300	0	200	-0
136	-0	-0	-0	1506	0	-203	-0	-0	-0	-0	2109	0	-203	-0	0	0	0	903	0	-403	0	-45.61	587.52	-40.25	446.58	0	-110.06	-43.61	-0	-0	-0	300	0	200	-0
137	-0	-0	-0	1506	0	-203	-0	-0	-0	-0	2109	0	-203	-0	-0	-0	-0	903	0	-403	-0	-43.71	588.34	-40.05	448.2	0	-110	3.96	-0	-0	-0	300	0	200	-0
138	-0	-0	-0	1506	0	-203	-0	-0	-0	-0	2109	0	-203	-0	-0	-0	-0	903	0	-403	-0	-41.27	589.42	-39.71	449.78	0	-109.99	39.22	-0	-0	-0	300	0	200	-0
139	-0	-0	-0	1506	0	-203	-0	-0	-0	-0	2109	0	-203	-0	-0	-0	-0	903	0	-403	-0	-38.01	591.32	-39.57	450.88	0	-109.94	-5.98	0	0	0	300	0	200	0
140	-0	-0	-0	1506	0	-203	-0	-0	-0	-0	2109	0	-203	-0	-0	-0	-0	903	0	-403	-0	-36.99	594.85	-39.16	451.38	0	-109.93	174.19	-0	-0	-0	300	0	200	-0
141	-0	-0	-0	1506	0	-203	-0	-0	-0	-0	2109	0	-203	-0	-0	-0	-0	903	0	-403	-0	-35.5	598.65	-39.3	452.08	0	-110.09	190.41	-0	-0	-0	300	0	200	-0
142	-0	-0	-0	1506	0	-203	-0	-0	-0	-0	2109	0	-203	-0	-0	-0	-0	903	0	-403	-0	-34.55	600.28	-39.1	453.04	0	-109.72	332.16	0	0	0	300	0	200	0
143	-0	-0	-0	1506	0	-203	-0	-0	-0	-0	2109	0	-203	-0	0	0	0	903	0	-403	0	-32.44	604.9	-38.96	453.29	0	-109.97	419.78	0	0	0	300	0	200	0
144	-0	-0	-0	1506	0	-203	-0	-0	-0	-0	2109	0	-203	-0	-0	-0	-0	903	0	-403	-0	-29.59	608.97	-38.28	453.62	0	-110.26	577.12	-0	-0	-0	300	0	200	-0
145	-0	-0	-0	1506	0	-203	-0	-0	-0	-0	2109	0	-203	-0	-0	-0	-0	903	0	-403	-0	-27.29	611.41	-37.81	454.23	0	-110.2	690.65	0	0	0	300	0	200	0
146	-0	-0	-0	1506	0	-203	-0	-0	-0	-0	2109	0	-203	-0	-0	-0	-0	903	0	-403	-0	-24.37	614.94	-37.53	454.93	0	-110.26	745.65	-0	-0	-0	300	0	200	-0
147	-0	-0	-0	1506	0	-203	-0	-0	-0	-0	2109	0	-203	-0	-0	-0	-0	903	0	-403	-0	-21.24	618.74	-36.79	455.39	0	-110.49	912.15	-0	-0	-0	300	0	200	-0
148	-0	-0	-0	1506	0	-203	-0	-0	-0	-0	2109	0	-203	-0	-0	-0	-0	903	0	-403	-0	-18.53	622.55	-35.97	455.44	0	-110.75	1110.38	-0	-0	-0	300	0	200	-0
149	-0	-0	-0	1506	0	-203	-0	-0	-0	-0	2109	0	-203	-0	-0	-0	-0	903	0	-403	-0	-15.61	626.89	-35.57	455.9	0	-110.88	1218.61	-0	-0	-0	300	0	200	-0
150	-0	-0	-0	1506	0	-203	-0	-0	-0	-0	2109	0	-203	-0	-0	-0	-0	903	0	-403	-0	-12.69	630.69	-35.02	456.29	0	-110.96	1338.59	0	0	0	300	0	200	0
151	-0	-0	-0	1506	0	-203	-0	-0	-0	-0	2109	0	-203	-0	-0	-0	-0	903	0	-403	-0	-11.06	635.85	-34.55	456.48	0	-111.27	1599.55	-0	-0	-0	300	0	200	-0
152	-0	-0	-0	1506	0	-203	-0	-0	-0	-0	2109	0	-203	-0	-0	-0	-0	903	0	-403	-0	-8.69	640.46	-34.14	456.94	0	-111.28	1727.57	-0	-0	-0	300	0	200	-0
153	-0	-0	-0	1506	0	-203	-0	-0	-0	-0	2109	0	-203	-0	-0	-0	-0	903	0	-403	-0	-6.58	645.08	-34	457.75	0	-111.47	1925.65	-0	-0	-0	300	0	200	-0
154	-0	-0	-0	1506	0	-203	-0	-0	-0	-0	2109	0	-203	-0	-0	-0	-0	903	0	-403	-0	-3.87	649.42	-34.14	458.01	0	-111.7	1914.85	0	0	0	300	0	200	0
155	-0	-0	-0	1506	0	-203	-0	-0	-0	-0	2109	0	-203	-0	-0	-0	-0	903	0	-403	-0	-1.56	654.04	-33.94	458.43	0	-111.63	2087.52	0	0	0	300	0	200	0
156	-0	-0	-0	1506	0	-203	-0	-0	-0	-0	2109	0	-203	-0	-0	-0	-0	903	0	-403	-0	1.09	660.28	-33.87	458.65	0	-111.76	2231.99	-0	-0	-0	300	0	200	-0
157	-0	-0	-0	1506	0	-203	-0	-0	-0	-0	2109	0	-203	-0	-0	-0	-0	903	0	-403	-0	3.19	664.08	-34.21	459.19	0	-111.85	2353.94	-0	-0	-0	300	0	200	-0
158	-0	-0	-0	1506	0	-203	-0	-0	-0	-0	2109	0	-203	-0	-0	-0	-0	903	0	-403	-0	5.7	669.79	-34.34	459.73	0	-112	2521.95	0	0	0	300	0	200	0
159	-0	-0	-0	1506	0	-203	-0	-0	-0	-0	2109	0	-203	-0	-0	-0	-0	903	0	-403	-0	8.96	676.57	-34.82	459.86	0	-112.31	2601.16	-0	-0	-0	300	0	200	-0
160	-0	-0	-0	1506	0	-203	-0	-0	-0	-0	2109	0	-203	-0	-0	-0	-0	903	0	-403	-0	11.06	680.37	-35.29	460.73	0	-112.33	2691.76	-0	-0	-0	300	0	200	-0
161	-0	-0	-0	1506	0	-203	-0	-0	-0	-0	2109	0	-203	-0	-0	-0	-0	903	0	-403	-0	13.98	686.89	-35.97	460.97	0	-112.44	2821.24	-0	-0	-0	300	0	200	-0
162	-0	-0	-0	1506	0	-203	-0	-0	-0	-0	2109	0	-203	-0	-0	-0	-0	903	0	-403	-0	16.7	694.49	-36.58	461.26	0	-112.7	2901.94	-0	-0	-0	300	0	200	-0
163	-0	-0	-0	1506	0	-203	-0	-0	-0	-0	2109	0	-203	-0	0	0	0	903	0	-403	0	19.21	701.01	-36.99	461.57	0	-112.89	3067.1	-0	-0	-0	300	0	200	-0
164	-0	-0	-0	1506	0	-203	-0	-0	-0	-0	2109	0	-203	-0	-0	-0	-0	903	0	-403	-0	21.86	707.52	-37.74	462.11	0	-112.9	3146.4	-0	-0	-0	300	0	200	-0
165	-0	-0	-0	1506	0	-203	-0	-0	-0	-0	2109	0	-203	-0	-0	-0	-0	903	0	-403	-0	24.84	715.4	-38.62	462.31	0	-112.79	3247.9	0	0	0	300	0	200	0
166	-0	-0	-0	1506	0	-203	-0	-0	-0	-0	2109	0	-203	-0	-0	-0	-0	903	0	-403	-0	27.56	722.73	-39.16	462.48	0	-113.33	3298.85	-0	-0	-0	300	0	200	-0
167	-0	-0	-0	1506	0	-203	-0	-0	-0	-0	2109	0	-203	-0	-0	-0	-0	903	0	-403	-0	30.61	729.52	-39.77	463.38	0	-113.29	3478.09	-0	-0	-0	300	0	200	-0
168	-0	-0	-0	1506	0	-203	-0	-0	-0	-0	2109	0	-203	-0	-0	-0	-0	903	0	-403	-0	34.07	737.93	-40.32	463.73	0	-113.4	3625.54	-0	-0	-0	300	0	200	-0
169	-0	-0	-0	1506	0	-203	-0	-0	-0	-0	2109	0	-203	-0	-0	-0	-0	903	0	-403	-0	36.65	745.26	-41.4	464.02	0	-113.47	3613.7	-0	-0	-0	300	0	200	-0
170	-0	-0	-0	1506	0	-203	-0	-0	-0	-0	2109	0	-203	-0	-0	-0	-0	903	0	-403	-0	39.57	753.95	-42.29	464.31	0	-113.66	3777.13	-0	-0	-0	300	0	200	-0
171	-0	-0	-0	1506	0	-203	-0	-0	-0	-0	2109	0	-203	-0	-0	-0	-0	903	0	-403	-0	43.17	762.1	-43.3	464.98	0	-113.89	3765.94	-0	-0	-0	300	0	200	-0
172	-0	-0	-0	1506	0	-203	-0	-0	-0	-0	2109	0	-203	-0	-0	-0	-0	903	0	-403	-0	46.02	768.88	-43.85	465.28	0	-113.97	3918.22	-0	-0	-0	300	0	200	-0
173	-0	-0	-0	1506	0	-203	-0	-0	-0	-0	2109	0	-203	-0	-0	-0	-0	903	0	-403	-0	48.94	777.3	-44.86	465.74	0	-114.1	3953.2	-0	-0	-0	300	0	200	-0
174	-0	-0	-0	1506	0	-203	-0	-0	-0	-0	2109	0	-203	-0	-0	-0	-0	903	0	-403	-0	51.79	786.8	-45.61	466.27	0	-114.46	4130.87	-0	-0	-0	300	0	200	-0
175	-0	-0	-0	1506	0	-203	-0	-0	-0	-0	2109	0	-203	-0	-0	-0	-0	903	0	-403	-0	54.44	794.13	-46.56	466.47	0	-114.7	4092.35	-0	-0	-0	300	0	200	-0
176	-0	-0	-0	1506	0	-203	-0	-0	-0	-0	2109	0	-203	-0	-0	-0	-0	903	0	-403	-0	56.88	802.55	-47.51	466.75	0	-115.01	4225.88	-0	-0	-0	300	0	200	-0
177	-0	-0	-0	1506	0	-203	-0	-0	-0	-0	2109	0	-203	-0	-0	-0	-0	903	0	-403	-0	60.07	808.25	-48.33	467.57	0	-114.9	4231.85	-0	-0	-0	300	0	200	-0
178	-0	-0	-0	1506	0	-203	-0	-0	-0	-0	2109	0	-203	-0	-0	-0	-0	903	0	-403	-0	62.44	814.49	-49.07	468.17	0	-115.3	4181.41	0	0	0	300	0	200	0
179	-0	-0	-0	1506	0	-203	-0	-0	-0	-0	2109	0	-203	-0	-0	-0	-0	903	0	-403	-0	66.25	821.82	-49.89	468.18	0	-115.7	4250.56	0	0	0	300	0	200	0
180	-0	-0	-0	1506	0	-203	-0	-0	-0	-0	2109	0	-203	-0	-0	-0	-0	903	0	-403	-0	71.06	827.25	-50.57	468.52	0	-115.79	4182.07	-0	-0	-0	300	0	200	-0
181	-0	-0	-0	1506	0	-203	-0	-0	-0	-0	2109	0	-203	-0	-0	-0	-0	903	0	-403	-0	75.07	830.78	-50.97	468.98	0	-116.06	4174.69	-0	-0	-0	300	0	200	-0
182	-0	-0	-0	1506	0	-203	-0	-0	-0	-0	2109	0	-203	-0	-0	-0	-0	903	0	-403	-0	78.94	834.04	-51.99	469.45	0	-116.18	4189.85	0	0	0	300	0	200	0
183	-0	-0	-0	1506	0	-203	-0	-0	-0	-0	2109	0	-203	-0	0	0	0	903	0	-403	0	83.82	836.21	-52.47	470.28	0	-116.28	4125.18	-0	-0	-0	300	0	200	-0
184	-0	-0	-0	1506	0	-203	-0	-0	-0	-0	2109	0	-203	-0	-0	-0	-0	903	0	-403	-0	87.35	839.2	-52.94	470.53	0	-116.55	4161.14	-0	-0	-0	300	0	200	-0
185	-0	-0	-0	1506	0	-203	-0	-0	-0	-0	2109	0	-203	-0	-0	-0	-0	903	0	-403	-0	91.43	841.92	-52.87	470.85	0	-116.93	4214.12	-0	-0	-0	300	0	200	-0
186	-0	-0	-0	1506	0	-203	-0	-0	-0	-0	2109	0	-203	-0	-0	-0	-0	903	0	-403	-0	96.58	843	-52.47	471.39	0	-117.17	4210.09	-0	-0	-0	300	0	200	-0
187	-0	-0	-0	1506	0	-203	-0	-0	-0	-0	2109	0	-203	-0	-0	-0	-0	903	0	-403	-0	100.25	844.09	-52.2	471.47	0	-117.54	4206.48	-0	-0	-0	300	0	200	-0
188	-0	-0	-0	1506	0	-203	-0	-0	-0	-0	2109	0	-203	-0	-0	-0	-0	903	0	-403	-0	104.39	842.46	-51.86	471.9	0	-117.72	4226.14	0	0	0	300	0	200	0
189	-0	-0	-0	1506	0	-203	-0	-0	-0	-0	2109	0	-203	-0	0	0	0	903	0	-403	0	109.48	840.56	-51.58	472.2	0	-118.27	4092.93	0	0	0	300	0	200	0
190	-0	-0	-0	1506	0	-203	-0	-0	-0	-0	2109	0	-203	-0	-0	-0	-0	903	0	-403	-0	113.62	835.94	-51.31	473.02	0	-118.53	4064.07	-0	-0	-0	300	0	200	-0
191	-0	-0	-0	1506	0	-203	-0	-0	-0	-0	2109	0	-203	-0	-0	-0	-0	903	0	-403	-0	118.03	832.41	-50.91	472.8	0	-118.88	4061.76	-0	-0	-0	300	0	200	-0
192	-0	-0	-0	1506	0	-203	-0	-0	-0	-0	2109	0	-203	-0	-0	-0	-0	903	0	-403	-0	122.65	825.9	-50.09	473.16	0	-119.1	3938.82	-0	-0	-0	300	0	200	-0
193	-0	-0	-0	1506	0	-203	-0	-0	-0	-0	2109	0	-203	-0	-0	-0	-0	903	0	-403	-0	126.52	820.2	-49.28	473.5	0	-119.34	3956.58	-0	-0	-0	300	0	200	-0
194	-0	-0	-0	1506	0	-203	-0	-0	-0	-0	2109	0	-203	-0	0	0	0	903	0	-403	0	130.11	811.78	-48.8	473.89	0	-119.82	3901.56	-0	-0	-0	300	0	200	-0
195	-0	-0	-0	1506	0	-203	-0	-0	-0	-0	2109	0	-203	-0	0	0	0	903	0	-403	0	134.53	803.91	-47.58	474.02	0	-120.31	3877.58	-0	-0	-0	300	0	200	-0
196	-0	-0	-0	1506	0	-203	-0	-0	-0	-0	2109	0	-203	-0	-0	-0	-0	903	0	-403	-0	137.58	793.32	-46.56	474.65	0	-120.49	3811.49	-0	-0	-0	300	0	200	-0
197	-0	-0	-0	1506	0	-203	-0	-0	-0	-0	2109	0	-203	-0	-0	-0	-0	903	0	-403	-0	140.97	783.27	-45.41	474.92	0	-120.87	3764.87	-0	-0	-0	300	0	200	-0
198	-0	-0	-0	1506	0	-203	-0	-0	-0	-0	2109	0	-203	-0	-0	-0	-0	903	0	-403	-0	144.37	769.97	-44.46	475.54	0	-121.3	3555.21	-0	-0	-0	300	0	200	-0
199	-0	-0	-0	1506	0	-203	-0	-0	-0	-0	2109	0	-203	-0	-0	-0	-0	903	0	-403	-0	146.47	759.38	-43.37	475.41	0	-121.63	3585.17	0	0	0	300	0	200	0
200	-0	-0	-0	1506	0	-203	-0	-0	-0	-0	2109	0	-203	-0	-0	-0	-0	903	0	-403	-0	148.58	745.26	-42.29	475.88	0	-121.94	3545.94	-0	-0	-0	300	0	200	-0
201	-0	-0	-0	1506	0	-203	-0	-0	-0	-0	2109	0	-203	-0	-0	-0	-0	903	0	-403	-0	151.29	730.33	-41.06	475.76	0	-122.31	3400.85	-0	-0	-0	300	0	200	-0
202	-0	-0	-0	1506	0	-203	-0	-0	-0	-0	2109	0	-203	-0	-0	-0	-0	903	0	-403	-0	152.78	715.13	-39.98	476.45	0	-122.21	3232.53	-0	-0	-0	300	0	200	-0
203	-0	-0	-0	1506	0	-203	-0	-0	-0	-0	2109	0	-203	-0	-3.26	39.37	0.95	1093.24	0	-274.07	-128.41	155.36	698.56	-38.42	476.74	0	-122.53	3135.67	0	0	0	300	0	200	0
204	-0	-0	-0	1506	0	-203	-0	-0	-0	-0	2109	0	-203	-0	-9.16	277.2	4.89	1091.08	0	-273.79	-529.34	158.35	680.37	-37.2	476.62	0	-122.99	2954.64	-0	-0	-0	300	0	200	-0
205	-0	-0	-0	1506	0	-203	-0	-0	-0	-0	2109	0	-203	-0	-6.45	500.91	-8.08	1087.09	0	-280.31	-857.85	159.37	663	-35.09	476.99	0	-122.87	3036.96	-0	-0	-0	300	0	200	-0
206	-0	-0	-0	1506	0	-203	-0	-0	-0	-0	2109	0	-203	-0	-20.77	463.99	-22.74	1089.91	0	-278.9	-105.37	160.45	644.54	-33.53	476.52	0	-123.46	3063.21	0	0	0	300	0	200	0
207	-0	-0	-0	1506	0	-203	-0	-0	-0	-0	2109	0	-203	-0	-39.16	404.26	-30	1092.28	0	-277.86	180.95	159.44	620.64	-29.46	477	0	-123.29	3067.85	-0	-0	-0	300	0	200	-0
208	-0	-0	-0	1506	0	-203	-0	-0	-0	-0	2109	0	-203	-0	-57.9	398.01	-35.77	1095.01	0	-276.45	570.81	160.39	600.28	-27.08	476.85	0	-123.39	2772.38	-0	-0	-0	300	0	200	-0
209	-0	-0	-0	1506	0	-203	-0	-0	-0	-0	2109	0	-203	-0	-72.83	423.26	-33.94	1096.17	0	-277.25	802.72	161.54	575.3	-24.57	476.66	0	-123.79	2458.21	-0	-0	-0	300	0	200	-0
210	-0	-0	-0	1506	0	-203	-0	-0	-0	-0	2109	0	-203	-0	-89.73	469.42	-29.59	1098.68	0	-276.6	-182.9	161.61	542.72	-20.09	476.67	0	-123.64	2301.85	-0	-0	-0	300	0	200	-0
211	-0	-0	-0	1506	0	-203	-0	-0	-0	-0	2109	0	-203	-0	-107.92	518.56	-20.91	1099.63	0	-277.75	125.88	158.89	515.03	-16.09	476.98	0	-123.87	2284.25	0	0	0	300	0	200	0
212	-0	-0	-0	1506	0	-203	-0	-0	-0	-0	2109	0	-203	-0	-115.18	542.72	-15.88	1100.38	0	-278.04	-523.69	154.69	482.72	-11.27	476.31	0	-123.83	2202.82	-0	-0	-0	300	0	200	-0
213	-0	-0	-0	1506	0	-203	-0	-0	-0	-0	2109	0	-203	-0	-117.15	551.14	-10.18	1101.85	0	-278.38	-499.1	147.35	444.44	-6.52	476.61	0	-123.28	2063.86	-0	-0	-0	300	0	200	-0
214	-0	-0	-0	1506	0	-203	-0	-0	-0	-0	2109	0	-203	-0	-105.95	549.51	-8.42	1102.31	0	-279.14	-552.56	140.16	411.86	-2.51	476.61	0	-123.27	2103.64	0	0	0	300	0	200	0
215	-0	-0	-0	1506	0	-203	-0	-0	-0	-0	2109	0	-203	-0	-94.21	544.89	-6.04	1102.96	0	-279.5	-20.6	131.54	371.95	-0.07	477.54	0	-123.28	1746.35	0	0	0	300	0	200	0
216	-0	-0	-0	1506	0	-203	-0	-0	-0	-0	2109	0	-203	-0	-78.73	542.99	-2.99	1103.53	0	-279.89	285.09	117.63	324.17	3.12	479.76	0	-122.29	1706.08	-0	-0	-0	300	0	200	-0
217	-0	-0	-0	1506	0	-203	-0	-0	-0	-0	2109	0	-203	-0	-68.35	541.09	1.43	1103.93	0	-280.42	406.88	105.48	285.07	2.78	481.48	0	-121.87	1349.56	0	0	0	300	0	200	0
218	-0	-0	-0	1506	0	-203	-0	-0	-0	-0	2109	0	-203	-0	-64.75	539.19	5.29	1103.92	0	-281.19	143.45	88.37	240.82	1.9	485.16	0	-121.5	1124.7	-0	-0	-0	300	0	200	-0
219	-0	-0	-0	1506	0	-203	-0	-0	-0	-0	2109	0	-203	-0	-65.91	536.48	8.42	1104.61	0	-281.45	-211.85	63.39	196.84	-1.09	491.99	0	-120.88	974.41	-0	-0	-0	300	0	200	-0
220	-1.77	16.6	3.39	1278.2	0	-335.86	-553.58	-0	-0	-0	2109	0	-203	-0	-70.86	534.31	12.15	1106.25	0	-281.68	-184.06	41.67	173.22	-4	495.87	0	-121.07	1009.09	0	0	0	300	0	200	0
221	-2.73	30.7	2.92	1289.45	0	-335.61	20.42	-0	-0	-0	2109	0	-203	-0	-76.9	538.92	15.14	1107.1	0	-281.8	-555.77	30.07	152.31	-3.33	498.76	0	-121.14	1009.85	-0	-0	-0	300	0	200	-0
222	-3.37	44.17	4.38	1296.62	0	-342.11	601.74	-0	-0	-0	2109	0	-203	-0	-86.54	554.67	21.18	1107.52	0	-282.68	-350.93	17.72	136.29	-4.28	502.69	0	-121.34	793.1	-0	-0	-0	300	0	200	-0
223	-5.14	52.94	7.13	1268.17	0	-352.1	275.64	-0	-0	-0	2109	0	-203	-0	-96.86	572.04	26.74	1107.67	0	-283.36	-257.83	9.64	124.07	-3.67	505.2	0	-119.96	859.37	-0	-0	-0	300	0	200	-0
224	-8.03	69.86	8.92	1280.73	0	-340.59	148.4	-0	-0	-0	2109	0	-203	-0	-105.2	585.08	30.88	1108.23	0	-283.34	2.94	2.78	109.96	-4.62	507.09	0	-122.35	607.47	-0	-0	-0	300	0	200	-0
225	-8.51	80.82	10.21	1274.56	0	-343.96	41.5	-0	-0	-0	2109	0	-203	-0	-109.96	597.02	32.65	1109.55	0	-282.96	65.02	-1.76	94.21	-4.41	508.03	0	-122.19	564.31	-0	-0	-0	300	0	200	-0
226	-8.35	92.73	11.51	1277.33	0	-343.03	146.84	-0	-0	-0	2109	0	-203	-0	-112.74	607.61	34.28	1110.17	0	-283.04	128.18	-2.99	81.18	-5.91	513.9	0	-120.43	124.73	-0	-0	-0	300	0	200	-0
227	-8.02	100.56	13.78	1272.23	0	-347.88	339.38	-0	-0	-0	2109	0	-203	-0	-111.72	612.5	34.75	1110.73	0	-282.98	-266.51	-3.26	68.15	-5.57	514.33	0	-120.63	165	-0	-0	-0	300	0	200	-0
228	-9.31	114.65	14.1	1281.3	0	-344.68	621.09	-0	-0	-0	2109	0	-203	-0	-110.7	619.28	35.91	1110.37	0	-283.18	-136.07	-2.99	53.76	-6.31	517.31	0	-120.39	-37.2	0	0	0	300	0	200	0
229	-8.99	126.25	12.97	1275.76	0	-341.93	763.36	-0	-0	-0	2109	0	-203	-0	-108.73	624.17	38.35	1110.66	0	-283.17	-221.38	-2.17	42.08	-5.91	526.14	0	-113.85	39.14	-0	-0	-0	300	0	200	-0
230	-10.59	137.22	12.31	1277.61	0	-341.19	436.29	-0	-0	-0	2109	0	-203	-0	-108.8	630.42	39.71	1111.19	0	-283.22	-193.43	-1.49	32.31	-5.29	523.69	0	-115.49	242.82	0	0	0	300	0	200	0
231	-11.08	145.36	12.47	1275.6	0	-340.64	18.96	-0	-0	-0	2109	0	-203	-0	-107.51	638.29	42.22	1111.24	0	-283.51	82.03	-1.15	21.72	-4.95	541.94	0	-112.83	196.53	0	0	0	300	0	200	0
232	-10.59	155.39	11.99	1281.74	0	-337.23	652.79	-0	-0	-0	2109	0	-203	-0	-106.43	642.09	43.37	1111.64	0	-283.38	35.84	-0.81	15.2	-4.34	534.95	0	-109.56	307.07	-0	-0	-0	300	0	200	-0
233	-9.79	160.71	10.53	1279.66	0	-341.41	1035.28	-0	-0	-0	2109	0	-203	-0	-105.2	644.8	44.86	1111.46	0	-283.69	291.78	-0	-0	-0	300	0	-203	-0	-0	-0	-0	300	0	200	-0
234	-11.07	172.62	11.01	1285.47	0	-336.95	881.14	-0	-0	-0	2109	0	-203	-0	-102.22	645.08	45.61	1111.05	0	-284.02	242.35	-0	-0	-0	300	0	-203	-0	0	0	0	300	0	200	0
235	-10.43	174.19	10.52	1279.37	0	-339.55	718.9	-0	-0	-0	2109	0	-203	-0	-99.03	641.27	46.49	1111.41	0	-283.81	192.16	-0	-0	-0	300	0	-203	-0	-0	-0	-0	300	0	200	-0
236	-11.23	184.84	10.84	1279.33	0	-337.7	332.37	-0	-0	-0	2109	0	-203	-0	-95.84	636.12	46.9	1112.12	0	-283.66	233.59	-0	-0	-0	300	0	-203	-0	-0	-0	-0	300	0	200	-0
237	-9.79	190.48	11.32	1279.83	0	-337.93	395.59	-0	-0	-0	2109	0	-203	-0	-93.26	630.96	47.92	1112.52	0	-283.85	333.81	-0	-0	-0	300	0	-203	-0	-0	-0	-0	300	0	200	-0
238	-9.79	199.25	11.48	1282.23	0	-336.86	545.29	-0	-0	-0	2109	0	-203	-0	-90.27	622.27	48.73	1113.21	0	-283.45	252.68	-0	-0	-0	300	0	-203	-0	-0	-0	-0	300	0	200	-0
239	-9.47	202.7	9.87	1282.71	0	-338.86	1152.04	-0	-0	-0	2109	0	-203	-0	-89.87	617.38	49.01	1112.93	0	-283.8	586.61	-0	-0	-0	300	0	-203	-0	-0	-0	-0	300	0	200	-0
240	-9.95	211.48	8.58	1286.54	0	-333.16	1392.59	-0	-0	-0	2109	0	-203	-0	-88.3	609.51	49.07	1112.61	0	-284.13	574.32	0	0	0	300	0	-203	0	-0	-0	-0	300	0	200	-0
241	-10.27	213.98	9.22	1282.01	0	-336.77	809.99	-0	-0	-0	2109	0	-203	-0	-86.47	599.46	48.19	1112.87	0	-284.03	479.75	-0	-0	-0	300	0	-203	-0	-0	-0	-0	300	0	200	-0
242	-10.75	219.94	8.57	1280.84	0	-335.85	548.68	-0	-0	-0	2109	0	-203	-0	-83.89	592.13	48.05	1113.05	0	-284.05	575.44	-0	-0	-0	300	0	-203	-0	-0	-0	-0	300	0	200	-0
243	-10.11	226.52	7.27	1281.71	0	-334.75	773.89	-0	-0	-0	2109	0	-203	-0	-81.31	581.82	48.26	1114.21	0	-283.72	653.14	-0	-0	-0	300	0	-203	-0	0	0	0	300	0	200	0
244	-9.14	233.72	7.11	1285.87	0	-333.46	1023.56	-0	-0	-0	2109	0	-203	-0	-78.26	573.13	47.65	1114.17	0	-283.69	507.92	-0	-0	-0	300	0	-203	-0	-0	-0	-0	300	0	200	-0
245	-9.47	238.74	6.46	1287.81	0	-332.11	1277.11	-0	-0	-0	2109	0	-203	-0	-77.04	567.97	47.78	1113.24	0	-284.28	768.29	-0	-0	-0	300	0	-203	-0	-0	-0	-0	300	0	200	-0
246	-9.47	244.07	6.47	1288.2	0	-331.91	1576.88	-0	-0	-0	2109	0	-203	-0	-75.27	557.11	47.24	1113.83	0	-284.14	721.99	-0	-0	-0	300	0	-203	-0	-0	-0	-0	300	0	200	-0
247	-9.47	245.94	5.17	1285.79	0	-333.32	1265.84	-0	-0	-0	2109	0	-203	-0	-73.37	544.62	46.77	1114.81	0	-283.95	871.66	-0	-0	-0	300	0	-203	-0	-0	-0	-0	300	0	200	-0
248	-10.11	251.9	6.95	1285.64	0	-332.43	729.79	-0	-0	-0	2109	0	-203	-0	-72.08	535.66	45.68	1115.06	0	-283.58	806.99	-0	-0	-0	300	0	-203	-0	0	0	0	300	0	200	0
249	-8.5	252.21	8.4	1282.99	0	-334.24	781.24	-0	-0	-0	2109	0	-203	-0	-69.98	526.16	45.2	1115.19	0	-283.89	748.1	0	0	0	300	0	-203	0	-0	-0	-0	300	0	200	-0
250	-9.79	257.53	9.21	1286.63	0	-333.56	775.27	-0	-0	-0	2109	0	-203	-0	-67.53	515.84	44.46	1115.16	0	-284.21	639.37	0	0	0	300	0	-203	0	-0	-0	-0	300	0	200	-0
251	-7.54	258.48	7.6	1285.19	0	-332.95	1595.08	-0	-0	-0	2109	0	-203	-0	-65.63	505.26	44.12	1116	0	-283.71	652.75	-0	-0	-0	300	0	-203	-0	-0	-0	-0	300	0	200	-0
252	-7.86	266	8.4	1288.55	0	-329.12	1324.97	-0	-0	-0	2109	0	-203	-0	-63.94	495.75	43.64	1115.77	0	-283.87	685.64	0	0	0	300	0	-203	0	-0	-0	-0	300	0	200	-0
253	-7.06	266	8.56	1285.39	0	-332.49	813.98	-0	-0	-0	2109	0	-203	-0	-61.49	485.71	42.9	1115.63	0	-283.79	736.06	-0	-0	-0	300	0	-203	-0	-0	-0	-0	300	0	200	-0
254	-5.93	269.45	9.85	1286.32	0	-331.02	674.81	-0	-0	-0	2109	0	-203	-0	-59.59	474.85	42.62	1117.21	0	-283.83	798.2	-0	-0	-0	300	0	-203	-0	-0	-0	-0	300	0	200	-0
255	-4.32	266.94	10.66	1283.14	0	-334.34	829.5	-0	-0	-0	2109	0	-203	-0	-56.88	466.43	41.61	1116.08	0	-284.37	637.29	-0	-0	-0	300	0	-203	-0	-0	-0	-0	300	0	200	-0
256	-2.88	272.27	11.3	1286.14	0	-331.79	1116.89	-0	-0	-0	2109	0	-203	-0	-54.57	456.39	41.2	1116.2	0	-284.42	794.79	-0	-0	-0	300	0	-203	-0	-0	-0	-0	300	0	200	-0
257	-1.75	273.2	11.47	1285.49	0	-333.38	1537.36	-0	-0	-0	2109	0	-203	-0	-52.33	446.07	39.64	1116.84	0	-283.96	438.32	-0	-0	-0	300	0	-203	-0	-0	-0	-0	300	0	200	-0
258	-2.55	276.34	11.79	1285.58	0	-332.94	1229.26	-0	-0	-0	2109	0	-203	-0	-49.62	435.75	39.3	1116.71	0	-284.47	412.43	-0	-0	-0	300	0	-203	-0	-0	-0	-0	300	0	200	-0
259	-0.79	281.98	13.57	1284.51	0	-332.44	1055.33	-0	-0	-0	2109	0	-203	-0	-47.1	423.53	38.69	1117.37	0	-284.37	304.01	-0	-0	-0	300	0	-203	-0	-0	-0	-0	300	0	200	-0
260	-0.47	286.67	15.67	1284.91	0	-332.72	903.86	-0	-0	-0	2109	0	-203	-0	-44.73	412.67	39.77	1117.73	0	-284.25	281.34	-0	-0	-0	300	0	-203	-0	0	0	0	300	0	200	0
261	-0.14	287.92	17.78	1284.19	0	-335.46	977.93	-0	-0	-0	2109	0	-203	-0	-42.96	400.19	40.39	1117.82	0	-285.17	413.67	-0	-0	-0	300	0	-203	-0	-0	-0	-0	300	0	200	-0
262	1.46	293.56	19.4	1285.3	0	-334.19	1457.96	-0	-0	-0	2109	0	-203	-0	-40.93	384.44	41.13	1118.54	0	-285.08	417.73	-0	-0	-0	300	0	-203	-0	-0	-0	-0	300	0	200	-0
263	1.14	297.32	20.06	1283.82	0	-335.97	1798.87	-0	-0	-0	2109	0	-203	-0	-40.05	371.68	41.67	1119.08	0	-284.85	522.42	-0	-0	-0	300	0	-203	-0	-0	-0	-0	300	0	200	-0
264	0.82	305.78	22.33	1286.44	0	-333.53	1595.17	-0	-0	-0	2109	0	-203	-0	-38.62	357.02	41	1118.68	0	-285.64	338.14	-0	-0	-0	300	0	-203	-0	-0	-0	-0	300	0	200	-0
265	-0.14	312.67	24.27	1285.91	0	-334.2	1508.52	-0	-0	-0	2109	0	-203	-0	-37.53	339.1	40.79	1120.44	0	-285.21	349.28	-0	-0	-0	300	0	-203	-0	-0	-0	-0	300	0	200	-0
266	-0.62	323.01	27.51	1288.03	0	-333.6	1073	-0	-0	-0	2109	0	-203	-0	-36.04	326.07	39.98	1120.63	0	-286	121.83	0	0	0	300	0	-203	0	-0	-0	-0	300	0	200	-0
267	0.5	327.39	29.78	1287.29	0	-334.73	1446.62	-0	-0	-0	2109	0	-203	-0	-34.75	310.86	39.91	1120.31	0	-286.36	274.3	-0	-0	-0	300	0	-203	-0	-0	-0	-0	300	0	200	-0
268	-0.78	334.28	30.28	1286.37	0	-335.55	1817.48	-0	-0	-0	2109	0	-203	-0	-33.39	295.12	38.28	1121.2	0	-286.72	156.31	-0	-0	-0	300	0	-203	-0	-0	-0	-0	300	0	200	-0
269	-2.55	340.55	32.06	1285.38	0	-334.84	1396.52	-0	-0	-0	2109	0	-203	-0	-32.58	281.54	37.67	1122.12	0	-286.65	334.16	-0	-0	-0	300	0	-203	-0	-0	-0	-0	300	0	200	-0
270	-2.55	351.52	33.19	1287.09	0	-333.25	1356.88	-0	-0	-0	2109	0	-203	-0	-31.36	266.88	35.7	1122.95	0	-286.83	270.85	-0	-0	-0	300	0	-203	-0	-0	-0	-0	300	0	200	-0
271	-2.55	357.16	34.49	1284.23	0	-334.81	1037.19	-0	-0	-0	2109	0	-203	-0	-29.86	252.22	34.07	1124.47	0	-286.58	248.17	-0	-0	-0	300	0	-203	-0	0	0	0	300	0	200	0
272	-3.84	365.93	36.43	1284.24	0	-334.68	864.66	-0	-0	-0	2109	0	-203	-0	-29.12	240.55	32.38	1125.01	0	-286.09	324.11	-0	-0	-0	300	0	-203	-0	-0	-0	-0	300	0	200	-0
273	-2.07	374.07	36.93	1284.94	0	-334.97	1657.99	-0	-0	-0	2109	0	-203	-0	-27.96	228.33	30.14	1125.77	0	-286.42	207.47	-0	-0	-0	300	0	-203	-0	0	0	0	300	0	200	0
274	-4.48	388.48	38.56	1289.3	0	-332.77	1605.27	-0	-0	-0	2109	0	-203	-0	-26.88	216.38	28.44	1125.77	0	-287.12	111.42	-0	-0	-0	300	0	-203	-0	-0	-0	-0	300	0	200	-0
275	-5.76	392.56	39.85	1285.8	0	-333.86	1155.93	-0	-0	-0	2109	0	-203	-0	-26.4	206.34	26.27	1125.59	0	-287.43	83.65	-0	-0	-0	300	0	-203	-0	-0	-0	-0	300	0	200	-0
276	-7.37	401.96	40.01	1285.77	0	-333.58	1071.37	-0	-0	-0	2109	0	-203	-0	-25.45	194.12	24.64	1126.52	0	-286.98	135.42	0	0	0	300	0	-203	0	-0	-0	-0	300	0	200	-0
277	-8.33	411.67	40.98	1286.44	0	-333.59	708.94	-0	-0	-0	2109	0	-203	-0	-24.43	180.82	22.67	1127.48	0	-286.07	69.54	-0	-0	-0	300	0	-203	-0	-0	-0	-0	300	0	200	-0
278	-8.82	421.7	43.09	1286.85	0	-333.09	504.61	-0	-0	-0	2109	0	-203	-0	-23.08	170.23	21.72	1130.59	0	-285.84	263.19	0	0	0	300	0	-203	0	-0	-0	-0	300	0	200	-0
279	-9.46	432.66	44.07	1287.26	0	-332.9	705.07	-0	-0	-0	2109	0	-203	-0	-22.47	160.45	20.43	1129.41	0	-286.96	260.99	-0	-0	-0	300	0	-203	-0	0	0	0	300	0	200	0
280	-10.1	443	44.4	1289.33	0	-331.79	1116.59	-0	-0	-0	2109	0	-203	-0	-21.72	149.59	19.07	1129.62	0	-286.83	289.22	0	0	0	300	0	-203	0	-0	-0	-0	300	0	200	-0
281	-11.07	455.22	43.28	1291.05	0	-330.51	1716.19	-0	-0	-0	2109	0	-203	-0	-21.24	140.91	17.85	1129.5	0	-287.5	306.26	-0	-0	-0	300	0	-203	-0	0	0	0	300	0	200	0
282	-14.44	460.24	44.57	1287.87	0	-331.77	855.74	-0	-0	-0	2109	0	-203	-0	-20.5	130.59	15.81	1130.39	0	-287.56	138.8	-0	-0	-0	300	0	-203	-0	-0	-0	-0	300	0	200	-0
283	-14.28	471.21	45.38	1288.84	0	-330.36	623.91	-0	-0	-0	2109	0	-203	-0	-19.55	118.37	14.46	1134.51	0	-284.97	246.26	-0	-0	-0	300	0	-203	-0	-0	-0	-0	300	0	200	-0
284	-15.24	482.17	46.36	1290.17	0	-330.41	673.71	-0	-0	-0	2109	0	-203	-0	-18.53	110.5	13.24	1135.28	0	-285.3	149.05	-0	-0	-0	300	0	-203	-0	-0	-0	-0	300	0	200	-0
285	-15.24	490.31	47.33	1289.41	0	-331.11	586.03	-0	-0	-0	2109	0	-203	-0	-17.04	101.81	12.56	1135.73	0	-286.77	173.76	-0	-0	-0	300	0	-203	-0	-0	-0	-0	300	0	200	-0
286	-14.76	500.97	47.82	1290.56	0	-330.14	740.95	-0	-0	-0	2109	0	-203	-0	-16.56	93.12	11.47	1136.56	0	-287.03	246.76	-0	-0	-0	300	0	-203	-0	-0	-0	-0	300	0	200	-0
287	-16.85	507.54	48.47	1290.81	0	-331.32	759.32	-0	-0	-0	2109	0	-203	-0	-15.75	86.88	10.86	1135.25	0	-286.95	355.24	-0	-0	-0	300	0	-203	-0	-0	-0	-0	300	0	200	-0
288	-18.78	520.71	49.12	1292.22	0	-329.17	444.6	-0	-0	-0	2109	0	-203	-0	-15.07	79.01	9.37	1135.01	0	-289.18	198.94	-0	-0	-0	300	0	-203	-0	-0	-0	-0	300	0	200	-0
289	-18.46	528.85	49.61	1291.52	0	-329.75	329.67	-0	-0	-0	2109	0	-203	-0	-13.98	68.15	7.94	1142.83	0	-283.39	305	-0	-0	-0	300	0	-203	-0	-0	-0	-0	300	0	200	-0
290	-19.42	539.19	51.39	1290.77	0	-330.02	-157.09	-0	-0	-0	2109	0	-203	-0	-13.1	62.99	6.58	1143.86	0	-285.85	37.99	-0	-0	-0	300	0	-203	-0	-0	-0	-0	300	0	200	-0
291	-18.14	551.1	51.07	1293.26	0	-329.21	332.57	-0	-0	-0	2109	0	-203	-0	-11.74	57.29	5.97	1137.98	0	-289.84	23.94	-0	-0	-0	300	0	-203	-0	-0	-0	-0	300	0	200	-0
292	-19.75	559.55	52.05	1293.09	0	-329.44	232.27	-0	-0	-0	2109	0	-203	-0	-11	49.96	5.02	1140.71	0	-288.98	132.48	-0	-0	-0	300	0	-203	-0	0	0	0	300	0	200	0
293	-19.42	567.39	50.59	1291.53	0	-330	278.74	-0	-0	-0	2109	0	-203	-0	-10.25	44.53	4.28	1145.23	0	-288.7	50.62	-0	-0	-0	300	0	-203	-0	-0	-0	-0	300	0	200	-0
294	-20.23	581.81	51.23	1292.47	0	-328.35	36.93	-0	-0	-0	2109	0	-203	-0	-9.37	38.55	3.46	1145.55	0	-288.52	105.22	-0	-0	-0	300	0	-203	-0	-0	-0	-0	300	0	200	-0
295	-21.03	595.28	52.69	1294.19	0	-327.99	-313.41	-0	-0	-0	2109	0	-203	-0	-8.28	32.85	2.31	1140.63	0	-295.94	-85.62	0	0	0	300	0	-203	0	-0	-0	-0	300	0	200	-0
296	-20.07	606.24	52.69	1294.48	0	-328.14	-437.82	-0	-0	-0	2109	0	-203	-0	-7.6	27.15	1.9	1160.56	0	-289.72	33.57	-0	-0	-0	300	0	-203	-0	0	0	0	300	0	200	0
297	-18.3	615.33	51.88	1294.17	0	-328.38	-92.4	-0	-0	-0	2109	0	-203	-0	-6.58	21.72	1.7	1176.69	0	-284.89	178.35	0	0	0	300	0	-203	0	-0	-0	-0	300	0	200	-0
298	-19.59	626.61	53.82	1294.29	0	-328.25	-486.21	-0	-0	-0	2109	0	-203	-0	-5.57	18.19	1.09	1172.92	0	-286.99	104.4	0	0	0	300	0	-203	0	0	0	0	300	0	200	0
299	-18.62	638.2	52.53	1294.77	0	-327.66	-224.15	-0	-0	-0	2109	0	-203	-0	-5.16	16.29	0.54	1167.16	0	-301.4	-28.93	-0	-0	-0	300	0	-203	-0	-0	-0	-0	300	0	200	-0
300	-18.3	648.86	53.33	1294.78	0	-327.06	-412.58	-0	-0	-0	2109	0	-203	-0	-0	-0	-0	903	0	-403	-0	-0	-0	-0	300	0	-203	-0	-0	-0	-0	300	0	200	-0
301	-17.98	658.57	52.19	1294.21	0	-327.66	-901.73	-0	-0	-0	2109	0	-203	-0	-0	-0	-0	903	0	-403	-0	-0	-0	-0	300	0	-203	-0	-0	-0	-0	300	0	200	-0
302	-15.09	671.11	52.67	1294.27	0	-326.75	-941.27	-0	-0	-0	2109	0	-203	-0	-0	-0	-0	903	0	-403	-0	-0	-0	-0	300	0	-203	-0	-0	-0	-0	300	0	200	-0
303	-12.2	680.82	52.67	1294.64	0	-327.69	-947.83	-0	-0	-0	2109	0	-203	-0	-0	-0	-0	903	0	-403	-0	-0	-0	-0	300	0	-203	-0	-0	-0	-0	300	0	200	-0
304	-10.75	692.72	52.83	1295.47	0	-327.27	-868.5	-0	-0	-0	2109	0	-203	-0	-0	-0	-0	903	0	-403	-0	-0	-0	-0	300	0	-203	-0	-0	-0	-0	300	0	200	-0
305	-8.02	702.12	53.31	1295.98	0	-326.97	-870.36	-0	-0	-0	2109	0	-203	-0	-0	-0	-0	903	0	-403	-0	-0	-0	-0	300	0	-203	-0	-0	-0	-0	300	0	200	-0
306	-6.57	711.21	53.62	1296.38	0	-326.69	-933.9	-0	-0	-0	2109	0	-203	-0	-0	-0	-0	903	0	-403	-0	-0	-0	-0	300	0	-203	-0	-0	-0	-0	300	0	200	-0
307	-2.88	717.16	52.64	1295.49	0	-327.14	-959.05	-0	-0	-0	2109	0	-203	-0	-0	-0	-0	903	0	-403	-0	-0	-0	-0	300	0	-203	-0	-0	-0	-0	300	0	200	-0
308	0.17	729.07	52.63	1295.69	0	-326.66	-1243.94	-0	-0	-0	2109	0	-203	-0	0	0	0	903	0	-403	0	-0	-0	-0	300	0	-203	-0	0	0	0	300	0	200	0
309	4.51	734.08	52.79	1294.68	0	-327.45	-1214.7	-0	-0	-0	2109	0	-203	-0	0	0	0	903	0	-403	0	-0	-0	-0	300	0	-203	-0	-0	-0	-0	300	0	200	-0
310	8.37	745.36	54.39	1296.27	0	-326.87	-1441.63	-0	-0	-0	2109	0	-203	-0	0	0	0	903	0	-403	0	0	0	0	300	0	-203	0	-0	-0	-0	300	0	200	-0
311	13.19	752.88	53.42	1296.51	0	-327.19	-868.93	-0	-0	-0	2109	0	-203	-0	-0	-0	-0	903	0	-403	-0	-0	-0	-0	300	0	-203	-0	-0	-0	-0	300	0	200	-0
312	17.21	761.03	52.92	1296.7	0	-326.69	-832.68	-0	-0	-0	2109	0	-203	-0	-0	-0	-0	903	0	-403	-0	0	0	0	300	0	-203	0	0	0	0	300	0	200	0
313	20.58	767.92	53.72	1296.5	0	-326.7	-1222.89	-0	-0	-0	2109	0	-203	-0	0	0	0	903	0	-403	0	-0	-0	-0	300	0	-203	-0	-0	-0	-0	300	0	200	-0
314	24.44	776.7	54.35	1296.36	0	-326.91	-1537.85	-0	-0	-0	2109	0	-203	-0	-0	-0	-0	903	0	-403	-0	-0	-0	-0	300	0	-203	-0	-0	-0	-0	300	0	200	-0
315	29.58	783.59	55.16	1296.76	0	-326.92	-1438.27	-0	-0	-0	2109	0	-203	-0	-0	-0	-0	903	0	-403	-0	-0	-0	-0	300	0	-203	-0	0	0	0	300	0	200	0
316	34.4	793.61	56.77	1298.12	0	-326.4	-1310.56	-0	-0	-0	2109	0	-203	-0	-0	-0	-0	903	0	-403	-0	-0	-0	-0	300	0	-203	-0	-0	-0	-0	300	0	200	-0
317	37.93	795.49	57.25	1296.62	0	-327.5	-1243.21	-0	-0	-0	2109	0	-203	-0	-0	-0	-0	903	0	-403	-0	-0	-0	-0	300	0	-203	-0	0	0	0	300	0	200	0
318	41.79	802.39	56.44	1297.24	0	-326.94	-1026.18	-0	-0	-0	2109	0	-203	-0	-0	-0	-0	903	0	-403	-0	0	0	0	300	0	-203	0	-0	-0	-0	300	0	200	-0
319	45.8	806.15	57.73	1296.9	0	-327.31	-972.41	-0	-0	-0	2109	0	-203	-0	-0	-0	-0	903	0	-403	-0	-0	-0	-0	300	0	-203	-0	0	0	0	300	0	200	0
320	49.82	815.55	59.17	1297.7	0	-326.81	-1549.44	-0	-0	-0	2109	0	-203	-0	-0	-0	-0	903	0	-403	-0	-0	-0	-0	300	0	-203	-0	-0	-0	-0	300	0	200	-0
321	56.89	817.11	60.46	1296.76	0	-327.37	-1300.8	-0	-0	-0	2109	0	-203	-0	-0	-0	-0	903	0	-403	-0	-0	-0	-0	300	0	-203	-0	-0	-0	-0	300	0	200	-0
322	59.78	825.88	62.08	1298.54	0	-327.6	-1076.05	-0	-0	-0	2109	0	-203	-0	-0	-0	-0	903	0	-403	-0	-0	-0	-0	300	0	-203	-0	-0	-0	-0	300	0	200	-0
323	64.44	827.76	62.24	1298.37	0	-328.03	-1037.74	-0	-0	-0	2109	0	-203	-0	-0	-0	-0	903	0	-403	-0	-0	-0	-0	300	0	-203	-0	-0	-0	-0	300	0	200	-0
324	66.69	834.65	61.92	1299.46	0	-327.2	-677.99	-0	-0	-0	2109	0	-203	-0	-0	-0	-0	903	0	-403	-0	-0	-0	-0	300	0	-203	-0	-0	-0	-0	300	0	200	-0
325	71.03	834.65	63.53	1298.81	0	-327.56	-1071.15	-0	-0	-0	2109	0	-203	-0	-0	-0	-0	903	0	-403	-0	-0	-0	-0	300	0	-203	-0	0	0	0	300	0	200	0
326	75.04	839.04	64.18	1299.68	0	-327.32	-968.43	-0	-0	-0	2109	0	-203	-0	-0	-0	-0	903	0	-403	-0	-0	-0	-0	300	0	-203	-0	0	0	0	300	0	200	0
327	80.18	839.97	65.3	1299.83	0	-327.96	-1199.59	-0	-0	-0	2109	0	-203	-0	-0	-0	-0	903	0	-403	-0	-0	-0	-0	300	0	-203	-0	-0	-0	-0	300	0	200	-0
328	83.72	841.23	65.46	1299.74	0	-328.31	-1275.67	-0	-0	-0	2109	0	-203	-0	-0	-0	-0	903	0	-403	-0	-0	-0	-0	300	0	-203	-0	0	0	0	300	0	200	0
329	88.86	839.97	66.59	1299.58	0	-328.61	-1213.6	-0	-0	-0	2109	0	-203	-0	-0	-0	-0	903	0	-403	-0	-0	-0	-0	300	0	-203	-0	-0	-0	-0	300	0	200	-0
330	91.75	846.24	66.91	1302.01	0	-327.66	-1277.82	-0	-0	-0	2109	0	-203	-0	0	0	0	903	0	-403	0	-0	-0	-0	300	0	-203	-0	-0	-0	-0	300	0	200	-0
331	94.64	842.79	66.1	1301.56	0	-327.72	-1130.41	-0	-0	-0	2109	0	-203	-0	-0	-0	-0	903	0	-403	-0	-0	-0	-0	300	0	-203	-0	0	0	0	300	0	200	0
332	97.69	841.54	65.14	1302.63	0	-327.07	-823.97	-0	-0	-0	2109	0	-203	-0	-0	-0	-0	903	0	-403	-0	0	0	0	300	0	-203	0	-0	-0	-0	300	0	200	-0
333	102.67	837.47	64.97	1302.15	0	-327.82	-1103.94	-0	-0	-0	2109	0	-203	-0	-0	-0	-0	903	0	-403	-0	-0	-0	-0	300	0	-203	-0	-0	-0	-0	300	0	200	-0
334	105.72	837.16	65.93	1302.92	0	-326.95	-1763.13	-0	-0	-0	2109	0	-203	-0	-0	-0	-0	903	0	-403	-0	-0	-0	-0	300	0	-203	-0	-0	-0	-0	300	0	200	-0
335	109.09	829	66.73	1302.78	0	-327.77	-2122.65	-0	-0	-0	2109	0	-203	-0	-0	-0	-0	903	0	-403	-0	-0	-0	-0	300	0	-203	-0	-0	-0	-0	300	0	200	-0
336	112.79	824.62	64.96	1303.44	0	-327.35	-1757.27	-0	-0	-0	2109	0	-203	-0	-0	-0	-0	903	0	-403	-0	-0	-0	-0	300	0	-203	-0	-0	-0	-0	300	0	200	-0
337	115.68	816.16	64.64	1303.27	0	-327.32	-1706.46	-0	-0	-0	2109	0	-203	-0	0	0	0	903	0	-403	0	-0	-0	-0	300	0	-203	-0	0	0	0	300	0	200	0
338	119.53	810.52	63.34	1304.72	0	-327.05	-1549.03	-0	-0	-0	2109	0	-203	-0	-0	-0	-0	903	0	-403	-0	-0	-0	-0	300	0	-203	-0	0	0	0	300	0	200	0
339	121.46	802.69	61.88	1304.67	0	-326.9	-1715.88	-0	-0	-0	2109	0	-203	-0	-0	-0	-0	903	0	-403	-0	-0	-0	-0	300	0	-203	-0	0	0	0	300	0	200	0
340	124.19	795.8	60.58	1305.77	0	-326.06	-2023.29	-0	-0	-0	2109	0	-203	-0	-0	-0	-0	903	0	-403	-0	0	0	0	300	0	-203	0	-0	-0	-0	300	0	200	-0
341	126.92	786.09	60.41	1306.09	0	-326.02	-2271.34	-0	-0	-0	2109	0	-203	-0	-0	-0	-0	903	0	-403	-0	-0	-0	-0	300	0	-203	-0	-0	-0	-0	300	0	200	-0
342	129.65	775.13	58.79	1305.77	0	-325.77	-2429.33	-0	-0	-0	2109	0	-203	-0	-0	-0	-0	903	0	-403	-0	-0	-0	-0	300	0	-203	-0	-0	-0	-0	300	0	200	-0
343	133.02	761.97	57.33	1305.98	0	-325.51	-2210.48	-0	-0	-0	2109	0	-203	-0	-0	-0	-0	903	0	-403	-0	-0	-0	-0	300	0	-203	-0	-0	-0	-0	300	0	200	-0
344	135.43	753.2	54.9	1307.3	0	-324.7	-1934.05	-0	-0	-0	2109	0	-203	-0	-0	-0	-0	903	0	-403	-0	-0	-0	-0	300	0	-203	-0	0	0	0	300	0	200	0
345	137.52	736.6	52.15	1307.3	0	-324.61	-1676.68	-0	-0	-0	2109	0	-203	-0	-0	-0	-0	903	0	-403	-0	-0	-0	-0	300	0	-203	-0	-0	-0	-0	300	0	200	-0
346	138.81	724.07	50.21	1307.75	0	-323.83	-1749.94	-0	-0	-0	2109	0	-203	-0	-0	-0	-0	903	0	-403	-0	-0	-0	-0	300	0	-203	-0	-0	-0	-0	300	0	200	-0
347	139.29	709.66	46.97	1308.17	0	-323.43	-1984.46	-0	-0	-0	2109	0	-203	-0	-0	-0	-0	903	0	-403	-0	-0	-0	-0	300	0	-203	-0	-0	-0	-0	300	0	200	-0
348	140.41	694.94	45.66	1308.48	0	-322.55	-2443.01	-0	-0	-0	2109	0	-203	-0	-0	-0	-0	903	0	-403	-0	-0	-0	-0	300	0	-203	-0	-0	-0	-0	300	0	200	-0
349	141.53	680.53	42.27	1309.71	0	-322.12	-2037.64	-0	-0	-0	2109	0	-203	-0	-0	-0	-0	903	0	-403	-0	-0	-0	-0	300	0	-203	-0	0	0	0	300	0	200	0
350	142.34	659.86	41.3	1308.94	0	-322.05	-2161.18	-0	-0	-0	2109	0	-203	-0	-0	-0	-0	903	0	-403	-0	0	0	0	300	0	-203	0	-0	-0	-0	300	0	200	-0
351	142.5	641.06	39.04	1310.02	0	-321.84	-1822.41	-0	-0	-0	2109	0	-203	-0	-0	-0	-0	903	0	-403	-0	-0	-0	-0	300	0	-203	-0	-0	-0	-0	300	0	200	-0
352	142.34	625.08	35.15	1312.11	0	-320.9	-1794.59	-4.32	17.84	-2.71	1939.49	0	-111.35	-168.03	-0	-0	-0	903	0	-403	-0	-0	-0	-0	300	0	-203	-0	-0	-0	-0	300	0	200	-0
353	141.37	597.51	32.56	1309.59	0	-320.88	-1558.83	-7.35	104.54	-10.19	1927.17	0	-119.3	156.65	-0	-0	-0	903	0	-403	-0	-0	-0	-0	300	0	-203	-0	-0	-0	-0	300	0	200	-0
354	139.28	579.03	29.65	1310.4	0	-319.89	-1307.57	-18.67	463.23	-33.41	1933.54	0	-119.88	1013.18	-0	-0	-0	903	0	-403	-0	-0	-0	-0	300	0	-203	-0	0	0	0	300	0	200	0
355	138.48	559.29	28.03	1311.16	0	-319.51	-1574.3	-13.06	521.14	-16.47	1933.5	0	-121.72	1170.85	-0	-0	-0	903	0	-403	-0	-0	-0	-0	300	0	-203	-0	-0	-0	-0	300	0	200	-0
356	136.87	536.42	28.02	1311.46	0	-318.94	-2113.37	-22.17	458.23	4.75	1934.82	0	-123.5	1021.61	-0	-0	-0	903	0	-403	-0	0	0	0	300	0	-203	0	0	0	0	300	0	200	0
357	139.45	509.79	23.33	1311.01	0	-319.17	-945.62	-34.16	423.8	17.2	1935.56	0	-124.67	904.45	-0	-0	-0	903	0	-403	-0	-0	-0	-0	300	0	-203	-0	-0	-0	-0	300	0	200	-0
358	137.36	482.22	21.87	1311.35	0	-318.79	-990.23	-49.83	446.65	27.28	1938.96	0	-127.51	925.15	-0	-0	-0	903	0	-403	-0	-0	-0	-0	300	0	-203	-0	-0	-0	-0	300	0	200	-0
359	135.91	454.34	17.82	1311.52	0	-317.79	-636.39	-70.28	493.6	28.89	1940.72	0	-127.69	1527.22	-0	-0	-0	903	0	-403	-0	-0	-0	-0	300	0	-203	-0	-0	-0	-0	300	0	200	-0
360	132.38	421.75	16.83	1310.66	0	-317.68	-1127.81	-95.7	547.11	24.93	1943.85	0	-127.24	2106.89	-0	-0	-0	903	0	-403	-0	-0	-0	-0	300	0	-203	-0	0	0	0	300	0	200	0
361	129.33	386.97	13.28	1310.05	0	-318.42	-385.58	-121.12	575.27	16.81	1945.67	0	-126.01	2485.22	-0	-0	-0	903	0	-403	-0	-0	-0	-0	300	0	-203	-0	-0	-0	-0	300	0	200	-0
362	122.1	351.56	12.96	1312.32	0	-318.01	-902.79	-139.82	583.4	8.99	1947.26	0	-125.03	2849.15	-0	-0	-0	903	0	-403	-0	-0	-0	-0	300	0	-203	-0	-0	-0	-0	300	0	200	-0
363	112.94	311.77	10.72	1313.32	0	-319.41	-266.67	-144.3	577.14	4.37	1947.96	0	-124.82	2810.4	-0	-0	-0	903	0	-403	-0	-0	-0	-0	300	0	-203	-0	0	0	0	300	0	200	0
364	101.53	273.54	9.95	1315.1	0	-318.49	51.33	-135.35	576.51	1.48	1948.74	0	-125.37	2580.51	-0	-0	-0	903	0	-403	-0	-0	-0	-0	300	0	-203	-0	-0	-0	-0	300	0	200	-0
365	88.51	232.8	9.81	1315.63	0	-320	-191.39	-118.08	576.51	-1.4	1948.44	0	-124.7	2385.33	-0	-0	-0	903	0	-403	-0	-0	-0	-0	300	0	-203	-0	-0	-0	-0	300	0	200	-0
366	69.55	203.98	7.91	1321.13	0	-316.7	-701.6	-103.38	583.71	-6.19	1948.52	0	-124.32	2223.95	0	0	0	903	0	-403	0	-0	-0	-0	300	0	-203	-0	-0	-0	-0	300	0	200	-0
367	50.75	178.59	8.12	1326.67	0	-317.87	-929.19	-94.58	589.34	-11.31	1947.79	0	-122.94	2360.07	0	0	0	903	0	-403	0	-0	-0	-0	300	0	-203	-0	-0	-0	-0	300	0	200	-0
368	36.13	162.92	7.52	1335.12	0	-317.09	-525.09	-93.46	597.48	-14.98	1947.98	0	-122.69	2129.45	-0	-0	-0	903	0	-403	-0	0	0	0	300	0	-203	0	-0	-0	-0	300	0	200	-0
369	27.29	144.44	8.99	1332.45	0	-317.94	-611.9	-97.78	605.61	-18.01	1948.56	0	-122.64	2089.25	-0	-0	-0	903	0	-403	-0	0	0	0	300	0	-203	0	-0	-0	-0	300	0	200	-0
370	17.97	135.66	8.68	1342.86	0	-312.73	-885.61	-105.93	617.81	-19.44	1950.39	0	-122.95	2075.42	-0	-0	-0	903	0	-403	-0	0	0	0	300	0	-203	0	-0	-0	-0	300	0	200	-0
371	11.71	116.87	6.75	1336.58	0	-314.44	-414.19	-112.17	624.69	-21.83	1951.85	0	-122.45	2261.76	-0	-0	-0	903	0	-403	-0	-0	-0	-0	300	0	-203	-0	-0	-0	-0	300	0	200	-0
372	7.53	98.38	8.03	1337.75	0	-316.04	-934.33	-119.04	632.51	-22.94	1953.17	0	-122.05	2509.47	-0	-0	-0	903	0	-403	-0	-0	-0	-0	300	0	-203	-0	-0	-0	-0	300	0	200	-0
373	6.09	84.28	6.41	1340.73	0	-315.79	-250.79	-122.88	639.4	-24.69	1953	0	-121.41	2645.99	-0	-0	-0	903	0	-403	-0	-0	-0	-0	300	0	-203	-0	-0	-0	-0	300	0	200	-0
374	5.61	68.92	7.05	1344.48	0	-321.39	-179.42	-123.84	650.03	-26.13	1954.13	0	-121.23	2410.06	0	0	0	903	0	-403	0	-0	-0	-0	300	0	-203	-0	-0	-0	-0	300	0	200	-0
375	6.25	55.45	6.56	1349.89	0	-315.99	317.14	-122.08	668.81	-27.24	1955.04	0	-120.8	2339.27	-0	-0	-0	903	0	-403	-0	0	0	0	300	0	-203	0	-0	-0	-0	300	0	200	-0
376	6.1	46.37	6.38	1363.71	0	-314.8	662.37	-118.56	710.73	-33.47	1959.42	0	-120.79	2373.82	-0	-0	-0	903	0	-403	-0	-0	-0	-0	300	0	-203	-0	-0	-0	-0	300	0	200	-0
377	5.45	35.4	7.18	1366.54	0	-309.04	394.67	-115.84	761.41	-43.05	1963.13	0	-119.67	2873.18	-0	-0	-0	903	0	-403	-0	-0	-0	-0	300	0	-203	-0	-0	-0	-0	300	0	200	-0
378	5.62	26	7.32	1350.16	0	-315.3	-68.45	-119.2	813.34	-50.54	1966.24	0	-118.78	3148.76	-0	-0	-0	903	0	-403	-0	-0	-0	-0	300	0	-203	-0	-0	-0	-0	300	0	200	-0
379	4.81	20.68	6.34	1335.36	0	-315.57	-94.92	-124.79	845.26	-51.82	1968.05	0	-118.39	3366.43	-0	-0	-0	903	0	-403	-0	-0	-0	-0	300	0	-203	-0	0	0	0	300	0	200	0
380	-0	-0	-0	1506	0	-203	-0	-132.78	858.7	-48.14	1971.63	0	-118.51	2957.61	-0	-0	-0	903	0	-403	-0	0	0	0	300	0	-203	0	-0	-0	-0	300	0	200	-0
381	-0	-0	-0	1506	0	-203	-0	-136.3	854	-46.22	1974.12	0	-118.6	2582.68	0	0	0	903	0	-403	0	-0	-0	-0	300	0	-203	-0	-0	-0	-0	300	0	200	-0
382	-0	-0	-0	1506	0	-203	-0	-136.79	853.36	-46.07	1976.63	0	-118.61	1984.99	-0	-0	-0	903	0	-403	-0	-0	-0	-0	300	0	-203	-0	-0	-0	-0	300	0	200	-0
383	-0	-0	-0	1506	0	-203	-0	-136.79	860.23	-47.03	1979.14	0	-118.3	1731.04	-0	-0	-0	903	0	-403	-0	-0	-0	-0	300	0	-203	-0	-0	-0	-0	300	0	200	-0
384	-0	-0	-0	1506	0	-203	-0	-135.83	869.3	-47.98	1981.19	0	-117.98	1335.27	0	0	0	903	0	-403	0	-0	-0	-0	300	0	-203	-0	-0	-0	-0	300	0	200	-0
385	-0	-0	-0	1506	0	-203	-0	-133.91	871.48	-50.06	1982.98	0	-117.66	1283.46	-0	-0	-0	903	0	-403	-0	-0	-0	-0	300	0	-203	-0	0	0	0	300	0	200	0
386	-0	-0	-0	1506	0	-203	-0	-132	873.35	-50.22	1984.78	0	-117.25	931.01	-0	-0	-0	903	0	-403	-0	-0	-0	-0	300	0	-203	-0	-0	-0	-0	300	0	200	-0
387	-0	-0	-0	1506	0	-203	-0	-129.12	868.96	-51.99	1985.47	0	-117.09	896.04	-0	-0	-0	903	0	-403	-0	-0	-0	-0	300	0	-203	-0	-0	-0	-0	300	0	200	-0
388	-0	-0	-0	1506	0	-203	-0	-127.2	868.33	-54.07	1987.5	0	-117.14	712.8	-0	-0	-0	903	0	-403	-0	-0	-0	-0	300	0	-203	-0	-0	-0	-0	300	0	200	-0
389	-0	-0	-0	1506	0	-203	-0	-125.93	865.51	-56.95	1988.98	0	-116.9	760.92	0	0	0	903	0	-403	0	-0	-0	-0	300	0	-203	-0	0	0	0	300	0	200	0
390	-0	-0	-0	1506	0	-203	-0	-125.13	864.56	-58.07	1991.57	0	-117.17	758.14	-0	-0	-0	903	0	-403	-0	0	0	0	300	0	-203	0	-0	-0	-0	300	0	200	-0
391	-0	-0	-0	1506	0	-203	-0	-123.21	855.48	-59.35	1992.85	0	-116.64	913.86	-0	-0	-0	903	0	-403	-0	-0	-0	-0	300	0	-203	-0	-0	-0	-0	300	0	200	-0
392	-0	-0	-0	1506	0	-203	-0	-121.13	848.27	-59.04	1994.56	0	-116.2	925.42	-0	-0	-0	903	0	-403	-0	-0	-0	-0	300	0	-203	-0	-0	-0	-0	300	0	200	-0
393	-0	-0	-0	1506	0	-203	-0	-118.9	838.25	-58.88	1995.41	0	-115.87	747.28	-0	-0	-0	903	0	-403	-0	-0	-0	-0	300	0	-203	-0	-0	-0	-0	300	0	200	-0
394	-0	-0	-0	1506	0	-203	-0	-116.02	833.86	-57.29	1996.93	0	-115.68	390.8	-0	-0	-0	903	0	-403	-0	-0	-0	-0	300	0	-203	-0	-0	-0	-0	300	0	200	-0
395	-0	-0	-0	1506	0	-203	-0	-113.47	829.17	-57.46	1998.63	0	-116.05	423.17	-0	-0	-0	903	0	-403	-0	-0	-0	-0	300	0	-203	-0	-0	-0	-0	300	0	200	-0
396	-0	-0	-0	1506	0	-203	-0	-110.75	824.78	-56.67	2000.17	0	-116	503.79	-0	-0	-0	903	0	-403	-0	-0	-0	-0	300	0	-203	-0	-0	-0	-0	300	0	200	-0
397	-0	-0	-0	1506	0	-203	-0	-106.43	818.83	-57.95	2001.39	0	-115.86	770.17	0	0	0	903	0	-403	0	-0	-0	-0	300	0	-203	-0	-0	-0	-0	300	0	200	-0
398	-0	-0	-0	1506	0	-203	-0	-103.56	813.19	-58.28	2003.43	0	-115.64	969.94	-0	-0	-0	903	0	-403	-0	-0	-0	-0	300	0	-203	-0	-0	-0	-0	300	0	200	-0
399	-0	-0	-0	1506	0	-203	-0	-100.36	805.98	-58.92	2004.62	0	-115.13	1098.45	-0	-0	-0	903	0	-403	-0	0	0	0	300	0	-203	0	0	0	0	300	0	200	0
400	-0	-0	-0	1506	0	-203	-0	-97	798.15	-58.45	2006.07	0	-114.39	1202.82	-0	-0	-0	903	0	-403	-0	-0	-0	-0	300	0	-203	-0	-0	-0	-0	300	0	200	-0
401	-0	-0	-0	1506	0	-203	-0	-93.17	787.82	-59.1	2007.42	0	-114.36	1082.97	0	0	0	903	0	-403	0	-0	-0	-0	300	0	-203	-0	0	0	0	300	0	200	0
402	-0	-0	-0	1506	0	-203	-0	-90.13	782.18	-58.47	2009.91	0	-114.45	934.44	-0	-0	-0	903	0	-403	-0	-0	-0	-0	300	0	-203	-0	-0	-0	-0	300	0	200	-0
403	-0	-0	-0	1506	0	-203	-0	-86.94	769.97	-58.48	2011.87	0	-114.36	993	-0	-0	-0	903	0	-403	-0	-0	-0	-0	300	0	-203	-0	-0	-0	-0	300	0	200	-0
404	-0	-0	-0	1506	0	-203	-0	-85.02	760.26	-58.48	2013.96	0	-114.17	1127.18	-0	-0	-0	903	0	-403	-0	-0	-0	-0	300	0	-203	-0	-0	-0	-0	300	0	200	-0
405	-0	-0	-0	1506	0	-203	-0	-82.62	751.49	-58.01	2017.17	0	-113.71	1246.45	-0	-0	-0	903	0	-403	-0	-0	-0	-0	300	0	-203	-0	-0	-0	-0	300	0	200	-0
406	-0	-0	-0	1506	0	-203	-0	-81.03	742.1	-58.02	2019.14	0	-113.49	1404.12	-0	-0	-0	903	0	-403	-0	-0	-0	-0	300	0	-203	-0	-0	-0	-0	300	0	200	-0
407	-0	-0	-0	1506	0	-203	-0	-78.79	730.51	-58.35	2021.2	0	-112.76	1375.42	-0	-0	-0	903	0	-403	-0	-0	-0	-0	300	0	-203	-0	-0	-0	-0	300	0	200	-0
408	-0	-0	-0	1506	0	-203	-0	-76.4	722.99	-57.39	2023.74	0	-112.48	1225.63	-0	-0	-0	903	0	-403	-0	-0	-0	-0	300	0	-203	-0	-0	-0	-0	300	0	200	-0
409	-0	-0	-0	1506	0	-203	-0	-73.04	713.6	-57.24	2025.65	0	-112.55	1166.11	-0	-0	-0	903	0	-403	-0	-0	-0	-0	300	0	-203	-0	-0	-0	-0	300	0	200	-0
410	-0	-0	-0	1506	0	-203	-0	-70.48	706.39	-56.77	2028.96	0	-112.39	878.36	-0	-0	-0	903	0	-403	-0	-0	-0	-0	300	0	-203	-0	-0	-0	-0	300	0	200	-0
411	-0	-0	-0	1506	0	-203	-0	-68.25	697	-57.58	2031.98	0	-111.87	1043.34	0	0	0	903	0	-403	0	0	0	0	300	0	-203	0	-0	-0	-0	300	0	200	-0
412	-0	-0	-0	1506	0	-203	-0	-66.81	689.17	-58.86	2034.93	0	-111.74	994.05	-0	-0	-0	903	0	-403	-0	-0	-0	-0	300	0	-203	-0	-0	-0	-0	300	0	200	-0
413	-0	-0	-0	1506	0	-203	-0	-64.89	679.14	-59.99	2037.47	0	-110.48	915.93	-0	-0	-0	903	0	-403	-0	-0	-0	-0	300	0	-203	-0	-0	-0	-0	300	0	200	-0
414	-0	-0	-0	1506	0	-203	-0	-65.53	672.87	-60.47	2040.29	0	-110.32	881.6	-0	-0	-0	903	0	-403	-0	-0	-0	-0	300	0	-203	-0	-0	-0	-0	300	0	200	-0
415	-0	-0	-0	1506	0	-203	-0	-63.14	663.48	-62.23	2043.27	0	-109.82	283.1	-0	-0	-0	903	0	-403	-0	-0	-0	-0	300	0	-203	-0	-0	-0	-0	300	0	200	-0
416	-0	-0	-0	1506	0	-203	-0	-62.98	654.4	-62.24	2046.48	0	-109.73	-34.3	-0	-0	-0	903	0	-403	-0	0	0	0	300	0	-203	0	-0	-0	-0	300	0	200	-0
417	-0	-0	-0	1506	0	-203	-0	-60.75	644.37	-63.84	2049.75	0	-109.33	18.88	-0	-0	-0	903	0	-403	-0	-0	-0	-0	300	0	-203	-0	-0	-0	-0	300	0	200	-0
418	-0	-0	-0	1506	0	-203	-0	-59.63	638.1	-64.33	2053.57	0	-108.8	-27.63	-0	-0	-0	903	0	-403	-0	-0	-0	-0	300	0	-203	-0	-0	-0	-0	300	0	200	-0
419	-0	-0	-0	1506	0	-203	-0	-58.51	629.96	-64.17	2056.51	0	-107.93	-36.32	-0	-0	-0	903	0	-403	-0	-0	-0	-0	300	0	-203	-0	-0	-0	-0	300	0	200	-0
420	-0	-0	-0	1506	0	-203	-0	-58.35	623.69	-64.34	2060.21	0	-107.35	-106	-0	-0	-0	903	0	-403	-0	-0	-0	-0	300	0	-203	-0	-0	-0	-0	300	0	200	-0
421	-0	-0	-0	1506	0	-203	-0	-57.4	614.3	-63.55	2062.8	0	-106.81	-81.87	-0	-0	-0	903	0	-403	-0	-0	-0	-0	300	0	-203	-0	-0	-0	-0	300	0	200	-0
422	-0	-0	-0	1506	0	-203	-0	-55.96	610.85	-62.12	2066.64	0	-107.07	-272.15	-0	-0	-0	903	0	-403	-0	-0	-0	-0	300	0	-203	-0	-0	-0	-0	300	0	200	-0
423	-0	-0	-0	1506	0	-203	-0	-54.2	606.14	-60.85	2070.07	0	-106.91	-138.17	-0	-0	-0	903	0	-403	-0	-0	-0	-0	300	0	-203	-0	-0	-0	-0	300	0	200	-0
424	-0	-0	-0	1506	0	-203	-0	-53.24	601.75	-58.94	2074.22	0	-106.43	76.04	-0	-0	-0	903	0	-403	-0	-0	-0	-0	300	0	-203	-0	-0	-0	-0	300	0	200	-0
425	-0	-0	-0	1506	0	-203	-0	-52.28	600.49	-57.82	2077.35	0	-106.14	130.37	-0	-0	-0	903	0	-403	-0	0	0	0	300	0	-203	0	0	0	0	300	0	200	0
426	-0	-0	-0	1506	0	-203	-0	-51.81	596.73	-55.75	2080.13	0	-105.49	280.21	0	0	0	903	0	-403	0	-0	-0	-0	300	0	-203	-0	-0	-0	-0	300	0	200	-0
427	-0	-0	-0	1506	0	-203	-0	-51.01	595.16	-54.96	2082.74	0	-105.49	342.74	-0	-0	-0	903	0	-403	-0	-0	-0	-0	300	0	-203	-0	-0	-0	-0	300	0	200	-0
428	-0	-0	-0	1506	0	-203	-0	-50.05	592.02	-52.88	2085.85	0	-105.31	262.22	0	0	0	903	0	-403	0	0	0	0	300	0	-203	0	-0	-0	-0	300	0	200	-0
429	-0	-0	-0	1506	0	-203	-0	-48.93	589.51	-51.29	2088.39	0	-105.28	415.45	-0	-0	-0	903	0	-403	-0	-0	-0	-0	300	0	-203	-0	-0	-0	-0	300	0	200	-0
430	-0	-0	-0	1506	0	-203	-0	-48.45	589.19	-50.18	2093.2	0	-105.33	638.82	-0	-0	-0	903	0	-403	-0	0	0	0	300	0	-203	0	-0	-0	-0	300	0	200	-0
431	-0	-0	-0	1506	0	-203	-0	-48.13	583.86	-49.7	2095.97	0	-104.34	593.09	-0	-0	-0	903	0	-403	-0	-0	-0	-0	300	0	-203	-0	0	0	0	300	0	200	0
432	-0	-0	-0	1506	0	-203	-0	-47.5	581.98	-48.91	2098.77	0	-103.56	502.08	-0	-0	-0	903	0	-403	-0	-0	-0	-0	300	0	-203	-0	-0	-0	-0	300	0	200	-0
433	-0	-0	-0	1506	0	-203	-0	-47.02	579.78	-50.03	2100.82	0	-103.6	374.72	-0	-0	-0	903	0	-403	-0	-0	-0	-0	300	0	-203	-0	-0	-0	-0	300	0	200	-0
434	-0	-0	-0	1506	0	-203	-0	-47.5	580.71	-48.43	2103.06	0	-103.7	391.97	-0	-0	-0	903	0	-403	-0	-0	-0	-0	300	0	-203	-0	-0	-0	-0	300	0	200	-0
435	-0	-0	-0	1506	0	-203	-0	-47.02	579.76	-48.92	2106.65	0	-103.51	372.51	-0	-0	-0	903	0	-403	-0	-0	-0	-0	300	0	-203	-0	-0	-0	-0	300	0	200	-0
436	-0	-0	-0	1506	0	-203	-0	-46.54	580.07	-48.92	2109.6	0	-103.76	328.69	-0	-0	-0	903	0	-403	-0	-0	-0	-0	300	0	-203	-0	-0	-0	-0	300	0	200	-0
437	-0	-0	-0	1506	0	-203	-0	-45.1	576.93	-50.21	2111.89	0	-102.29	335.65	-0	-0	-0	903	0	-403	-0	-0	-0	-0	300	0	-203	-0	-0	-0	-0	300	0	200	-0
438	-0	-0	-0	1506	0	-203	-0	-44.94	577.86	-50.53	2114.82	0	-101.89	233.26	-0	-0	-0	903	0	-403	-0	-0	-0	-0	300	0	-203	-0	0	0	0	300	0	200	0
439	-0	-0	-0	1506	0	-203	-0	-44.63	577.86	-51.17	2116.15	0	-101.69	126.27	-0	-0	-0	903	0	-403	-0	-0	-0	-0	300	0	-203	-0	0	0	0	300	0	200	0
440	-0	-0	-0	1506	0	-203	-0	-43.67	582.23	-50.21	2118.75	0	-101.99	-56.81	-0	-0	-0	903	0	-403	-0	-0	-0	-0	300	0	-203	-0	-0	-0	-0	300	0	200	-0
441	-0	-0	-0	1506	0	-203	-0	-41.75	585.35	-50.38	2120.99	0	-102.28	-64.01	-0	-0	-0	903	0	-403	-0	-0	-0	-0	300	0	-203	-0	-0	-0	-0	300	0	200	-0
442	-0	-0	-0	1506	0	-203	-0	-39.83	587.84	-50.7	2124.07	0	-101.72	-100.43	-0	-0	-0	903	0	-403	-0	-0	-0	-0	300	0	-203	-0	-0	-0	-0	300	0	200	-0
443	-0	-0	-0	1506	0	-203	-0	-39.35	591.28	-51.18	2126.03	0	-101.65	-48.97	-0	-0	-0	903	0	-403	-0	-0	-0	-0	300	0	-203	-0	-0	-0	-0	300	0	200	-0
444	-0	-0	-0	1506	0	-203	-0	-39.19	597.53	-51.35	2126.91	0	-101.59	285.63	-0	-0	-0	903	0	-403	-0	-0	-0	-0	300	0	-203	-0	-0	-0	-0	300	0	200	-0
445	-0	-0	-0	1506	0	-203	-0	-37.27	601.59	-51.03	2128.3	0	-101.44	6.35	-0	-0	-0	903	0	-403	-0	-0	-0	-0	300	0	-203	-0	-0	-0	-0	300	0	200	-0
446	-0	-0	-0	1506	0	-203	-0	-36.32	606.9	-50.23	2129.13	0	-101.46	54.09	0	0	0	903	0	-403	0	-0	-0	-0	300	0	-203	-0	-0	-0	-0	300	0	200	-0
447	-0	-0	-0	1506	0	-203	-0	-33.76	610.03	-49.92	2130.46	0	-101.71	122.47	-0	-0	-0	903	0	-403	-0	-0	-0	-0	300	0	-203	-0	-0	-0	-0	300	0	200	-0
448	-0	-0	-0	1506	0	-203	-0	-31.04	619.09	-49.6	2131.87	0	-102.51	175.07	-0	-0	-0	903	0	-403	-0	-0	-0	-0	300	0	-203	-0	-0	-0	-0	300	0	200	-0
449	-0	-0	-0	1506	0	-203	-0	-28.32	624.09	-50.09	2132.89	0	-102.15	323.26	-0	-0	-0	903	0	-403	-0	-0	-0	-0	300	0	-203	-0	-0	-0	-0	300	0	200	-0
450	-0	-0	-0	1506	0	-203	-0	-27.68	629.09	-50.73	2133.74	0	-101.92	398.56	-0	-0	-0	903	0	-403	-0	-0	-0	-0	300	0	-203	-0	-0	-0	-0	300	0	200	-0
451	-0	-0	-0	1506	0	-203	-0	-25.92	635.97	-50.41	2133.6	0	-101.58	417.26	-0	-0	-0	903	0	-403	-0	-0	-0	-0	300	0	-203	-0	-0	-0	-0	300	0	200	-0
452	-0	-0	-0	1506	0	-203	-0	-24.81	643.16	-51.05	2134.09	0	-102.24	368.59	-0	-0	-0	903	0	-403	-0	-0	-0	-0	300	0	-203	-0	0	0	0	300	0	200	0
453	-0	-0	-0	1506	0	-203	-0	-22.25	648.79	-50.41	2134.45	0	-102.6	420.37	-0	-0	-0	903	0	-403	-0	-0	-0	-0	300	0	-203	-0	-0	-0	-0	300	0	200	-0
454	-0	-0	-0	1506	0	-203	-0	-19.53	660.05	-49.94	2134.97	0	-103.26	594.01	-0	-0	-0	903	0	-403	-0	-0	-0	-0	300	0	-203	-0	0	0	0	300	0	200	0
455	-0	-0	-0	1506	0	-203	-0	-16.97	665.99	-49.46	2135.95	0	-103.61	852.75	-0	-0	-0	903	0	-403	-0	-0	-0	-0	300	0	-203	-0	-0	-0	-0	300	0	200	-0
456	-0	-0	-0	1506	0	-203	-0	-15.21	673.49	-49.15	2135.78	0	-103.02	1298.77	-0	-0	-0	903	0	-403	-0	-0	-0	-0	300	0	-203	-0	-0	-0	-0	300	0	200	-0
457	-0	-0	-0	1506	0	-203	-0	-12.17	680.06	-49.63	2135.82	0	-102.97	1198.31	-0	-0	-0	903	0	-403	-0	-0	-0	-0	300	0	-203	-0	-0	-0	-0	300	0	200	-0
458	-0	-0	-0	1506	0	-203	-0	-9.78	690.38	-49.15	2135.68	0	-103.73	1213.95	-0	-0	-0	903	0	-403	-0	0	0	0	300	0	-203	0	-0	-0	-0	300	0	200	-0
459	-0	-0	-0	1506	0	-203	-0	-6.26	697.88	-47.88	2135.99	0	-103.52	1332.47	-0	-0	-0	903	0	-403	-0	0	0	0	300	0	-203	0	-0	-0	-0	300	0	200	-0
460	-0	-0	-0	1506	0	-203	-0	-4.18	712.27	-47.56	2136.46	0	-104.88	1534.58	-0	-0	-0	903	0	-403	-0	0	0	0	300	0	-203	0	-0	-0	-0	300	0	200	-0
461	-0	-0	-0	1506	0	-203	-0	-1.78	717.9	-47.73	2137.27	0	-104.51	1665.98	-0	-0	-0	903	0	-403	-0	-0	-0	-0	300	0	-203	-0	-0	-0	-0	300	0	200	-0
462	-0	-0	-0	1506	0	-203	-0	-0.02	727.9	-47.57	2137.34	0	-104.41	1864.88	-0	-0	-0	903	0	-403	-0	-0	-0	-0	300	0	-203	-0	-0	-0	-0	300	0	200	-0
463	-0	-0	-0	1506	0	-203	-0	2.85	733.84	-48.85	2137.38	0	-104.12	1900.78	-0	-0	-0	903	0	-403	-0	-0	-0	-0	300	0	-203	-0	-0	-0	-0	300	0	200	-0
464	-0	-0	-0	1506	0	-203	-0	4.61	742.6	-47.89	2137.83	0	-104.42	1867.83	-0	-0	-0	903	0	-403	-0	0	0	0	300	0	-203	0	-0	-0	-0	300	0	200	-0
465	-0	-0	-0	1506	0	-203	-0	7.81	752.29	-47.42	2138.08	0	-105.11	1962.9	-0	-0	-0	903	0	-403	-0	-0	-0	-0	300	0	-203	-0	-0	-0	-0	300	0	200	-0
466	-0	-0	-0	1506	0	-203	-0	10.85	761.36	-47.1	2138.33	0	-105.32	2131.89	-0	-0	-0	903	0	-403	-0	-0	-0	-0	300	0	-203	-0	-0	-0	-0	300	0	200	-0
467	-0	-0	-0	1506	0	-203	-0	14.05	766.36	-48.87	2138.67	0	-104.79	2314.18	-0	-0	-0	903	0	-403	-0	-0	-0	-0	300	0	-203	-0	-0	-0	-0	300	0	200	-0
468	-0	-0	-0	1506	0	-203	-0	16.76	773.55	-48.87	2139.29	0	-104.88	2562.05	-0	-0	-0	903	0	-403	-0	0	0	0	300	0	-203	0	-0	-0	-0	300	0	200	-0
469	-0	-0	-0	1506	0	-203	-0	20.76	781.99	-49.99	2138.8	0	-104.81	2261.75	-0	-0	-0	903	0	-403	-0	-0	-0	-0	300	0	-203	-0	-0	-0	-0	300	0	200	-0
470	-0	-0	-0	1506	0	-203	-0	22.84	790.44	-49.67	2138.85	0	-105.51	2522.06	-0	-0	-0	903	0	-403	-0	-0	-0	-0	300	0	-203	-0	0	0	0	300	0	200	0
471	-0	-0	-0	1506	0	-203	-0	27.15	796.06	-50.8	2139.37	0	-105.61	2556.25	-0	-0	-0	903	0	-403	-0	-0	-0	-0	300	0	-203	-0	-0	-0	-0	300	0	200	-0
472	-0	-0	-0	1506	0	-203	-0	30.51	801.38	-50.8	2139.91	0	-105.55	2679.55	-0	-0	-0	903	0	-403	-0	-0	-0	-0	300	0	-203	-0	0	0	0	300	0	200	0
473	-0	-0	-0	1506	0	-203	-0	33.39	807.94	-51.77	2140.37	0	-105.33	2927.05	-0	-0	-0	903	0	-403	-0	-0	-0	-0	300	0	-203	-0	0	0	0	300	0	200	0
474	-0	-0	-0	1506	0	-203	-0	36.75	814.82	-53.53	2140.92	0	-105.25	2602.14	-0	-0	-0	903	0	-403	-0	-0	-0	-0	300	0	-203	-0	-0	-0	-0	300	0	200	-0
475	-0	-0	-0	1506	0	-203	-0	40.1	820.44	-53.69	2141.04	0	-105.38	2753.34	-0	-0	-0	903	0	-403	-0	-0	-0	-0	300	0	-203	-0	-0	-0	-0	300	0	200	-0
476	-0	-0	-0	1506	0	-203	-0	43.62	827.32	-53.85	2140.83	0	-105.66	2818.79	-0	-0	-0	903	0	-403	-0	-0	-0	-0	300	0	-203	-0	-0	-0	-0	300	0	200	-0
477	-0	-0	-0	1506	0	-203	-0	48.42	830.76	-54.82	2141.35	0	-105.71	2756.34	0	0	0	903	0	-403	0	-0	-0	-0	300	0	-203	-0	0	0	0	300	0	200	0
478	-0	-0	-0	1506	0	-203	-0	51.61	838.58	-54.82	2142.05	0	-106.12	3003.84	-0	-0	-0	903	0	-403	-0	-0	-0	-0	300	0	-203	-0	-0	-0	-0	300	0	200	-0
479	-0	-0	-0	1506	0	-203	-0	54.81	843.27	-56.9	2142.57	0	-106.11	3037.61	-0	-0	-0	903	0	-403	-0	-0	-0	-0	300	0	-203	-0	0	0	0	300	0	200	0
480	-0	-0	-0	1506	0	-203	-0	57.53	847.02	-57.07	2143.01	0	-105.67	3024.71	-0	-0	-0	903	0	-403	-0	-0	-0	-0	300	0	-203	-0	-0	-0	-0	300	0	200	-0
481	-0	-0	-0	1506	0	-203	-0	61.21	849.2	-58.19	2142.91	0	-105.58	2873.17	-0	-0	-0	903	0	-403	-0	-0	-0	-0	300	0	-203	-0	-0	-0	-0	300	0	200	-0
482	-0	-0	-0	1506	0	-203	-0	65.04	853.27	-58.99	2143.04	0	-105.96	2752.06	-0	-0	-0	903	0	-403	-0	-0	-0	-0	300	0	-203	-0	0	0	0	300	0	200	0
483	-0	-0	-0	1506	0	-203	-0	69.04	856.4	-58.52	2143.43	0	-106.2	2898.47	-0	-0	-0	903	0	-403	-0	-0	-0	-0	300	0	-203	-0	-0	-0	-0	300	0	200	-0
484	-0	-0	-0	1506	0	-203	-0	72.72	860.77	-59.32	2143.75	0	-106.39	3072.88	-0	-0	-0	903	0	-403	-0	-0	-0	-0	300	0	-203	-0	-0	-0	-0	300	0	200	-0
485	-0	-0	-0	1506	0	-203	-0	77.03	860.77	-61.08	2144.43	0	-106.49	2741.01	-0	-0	-0	903	0	-403	-0	-0	-0	-0	300	0	-203	-0	-0	-0	-0	300	0	200	-0
486	-0	-0	-0	1506	0	-203	-0	80.71	862.96	-61.88	2145.05	0	-106.47	2778.94	-0	-0	-0	903	0	-403	-0	-0	-0	-0	300	0	-203	-0	-0	-0	-0	300	0	200	-0
487	-0	-0	-0	1506	0	-203	-0	84.87	862.02	-63.01	2144.81	0	-106.39	2633.39	-0	-0	-0	903	0	-403	-0	-0	-0	-0	300	0	-203	-0	-0	-0	-0	300	0	200	-0
488	-0	-0	-0	1506	0	-203	-0	89.02	861.39	-62.37	2145.21	0	-106.11	2370.85	-0	-0	-0	903	0	-403	-0	-0	-0	-0	300	0	-203	-0	-0	-0	-0	300	0	200	-0
489	-0	-0	-0	1506	0	-203	-0	94.3	861.08	-62.05	2145.45	0	-106.71	2111.77	-0	-0	-0	903	0	-403	-0	-0	-0	-0	300	0	-203	-0	-0	-0	-0	300	0	200	-0
490	-0	-0	-0	1506	0	-203	-0	97.5	859.83	-61.74	2145.83	0	-107.16	2296.78	-0	-0	-0	903	0	-403	-0	0	0	0	300	0	-203	0	-0	-0	-0	300	0	200	-0
491	-0	-0	-0	1506	0	-203	-0	102.45	854.52	-61.74	2146.41	0	-107.49	2196.77	-0	-0	-0	903	0	-403	-0	-0	-0	-0	300	0	-203	-0	-0	-0	-0	300	0	200	-0
492	-0	-0	-0	1506	0	-203	-0	106.45	849.2	-61.58	2147.09	0	-107.54	2143.1	-0	-0	-0	903	0	-403	-0	-0	-0	-0	300	0	-203	-0	-0	-0	-0	300	0	200	-0
493	-0	-0	-0	1506	0	-203	-0	109.97	843.88	-61.26	2147.46	0	-107.5	2086.63	-0	-0	-0	903	0	-403	-0	0	0	0	300	0	-203	0	-0	-0	-0	300	0	200	-0
494	-0	-0	-0	1506	0	-203	-0	112.21	839.51	-59.67	2147.64	0	-107.81	1995.62	-0	-0	-0	903	0	-403	-0	-0	-0	-0	300	0	-203	-0	-0	-0	-0	300	0	200	-0
495	-0	-0	-0	1506	0	-203	-0	115.72	830.75	-59.19	2147.65	0	-108.22	1797.06	-0	-0	-0	903	0	-403	-0	-0	-0	-0	300	0	-203	-0	-0	-0	-0	300	0	200	-0
496	-0	-0	-0	1506	0	-203	-0	118.44	823.88	-57.27	2147.98	0	-108.96	1828.35	-0	-0	-0	903	0	-403	-0	-0	-0	-0	300	0	-203	-0	-0	-0	-0	300	0	200	-0
497	-0	-0	-0	1506	0	-203	-0	121.64	813.56	-56.31	2148.74	0	-109.32	1732.53	-0	-0	-0	903	0	-403	-0	-0	-0	-0	300	0	-203	-0	-0	-0	-0	300	0	200	-0
498	-0	-0	-0	1506	0	-203	-0	124.84	805.43	-55.03	2149.03	0	-109.7	1898.39	-0	-0	-0	903	0	-403	-0	-0	-0	-0	300	0	-203	-0	0	0	0	300	0	200	0
499	-0	-0	-0	1506	0	-203	-0	127.07	793.23	-54.55	2149.54	0	-109.51	1560.88	-0	-0	-0	903	0	-403	-0	0	0	0	300	0	-203	0	-0	-0	-0	300	0	200	-0
500	-0	-0	-0	1506	0	-203	-0	128.67	783.23	-52.16	2149.68	0	-109.9	1645.7	-0	-0	-0	903	0	-403	-0	-0	-0	-0	300	0	-203	-0	-0	-0	-0	300	0	200	-0
501	-0	-0	-0	1506	0	-203	-0	131.07	767.28	-51.2	2149.62	0	-110	1344.11	0	0	0	903	0	-403	0	0	0	0	300	0	-203	0	-0	-0	-0	300	0	200	-0
502	-0	-0	-0	1506	0	-203	-0	133.79	756.35	-49.92	2149.48	0	-110.91	1226.65	0	0	0	903	0	-403	0	-0	-0	-0	300	0	-203	-0	-0	-0	-0	300	0	200	-0
503	-0	-0	-0	1506	0	-203	-0	136.51	739.78	-48.16	2150.82	0	-111.42	1256.71	-0	-0	-0	903	0	-403	-0	0	0	0	300	0	-203	0	-0	-0	-0	300	0	200	-0
504	-0	-0	-0	1506	0	-203	-0	137.63	726.96	-46.72	2151.03	0	-112.03	1313.83	-0	-0	-0	903	0	-403	-0	-0	-0	-0	300	0	-203	-0	-0	-0	-0	300	0	200	-0
505	-0	-0	-0	1506	0	-203	-0	138.59	711.95	-45.12	2151.46	0	-112.01	1308.96	-0	-0	-0	903	0	-403	-0	-0	-0	-0	300	0	-203	-0	-0	-0	-0	300	0	200	-0
506	-0	-0	-0	1506	0	-203	-0	139.22	694.44	-44	2151.49	0	-112.34	1041.58	-0	-0	-0	903	0	-403	-0	-0	-0	-0	300	0	-203	-0	-0	-0	-0	300	0	200	-0
507	-0	-0	-0	1506	0	-203	-0	140.34	674.74	-42.56	2151.62	0	-112.54	729.23	-0	-0	-0	903	0	-403	-0	0	0	0	300	0	-203	0	-0	-0	-0	300	0	200	-0
508	-0	-0	-0	1506	0	-203	-0	140.98	658.49	-39.68	2151.96	0	-113.17	817.37	-0	-0	-0	903	0	-403	-0	-0	-0	-0	300	0	-203	-0	0	0	0	300	0	200	0
509	-0	-0	-0	1506	0	-203	-0	142.26	640.35	-37.12	2152.3	0	-113.95	794.57	-0	-0	-0	903	0	-403	-0	-0	-0	-0	300	0	-203	-0	-0	-0	-0	300	0	200	-0
510	-0	-0	-0	1506	0	-203	-0	143.7	622.53	-34.88	2152.35	0	-114.66	907.99	-0	-0	-0	903	0	-403	-0	0	0	0	300	0	-203	0	-0	-0	-0	300	0	200	-0
511	-0	-0	-0	1506	0	-203	-0	144.98	596.58	-32	2152.98	0	-114.17	622.51	-0	-0	-0	903	0	-403	-0	-0	-0	-0	300	0	-203	-0	-0	-0	-0	300	0	200	-0
512	-0	-0	-0	1506	0	-203	-0	144.18	572.5	-28.96	2152.7	0	-114.57	393.05	-0	-0	-0	903	0	-403	-0	-0	-0	-0	300	0	-203	-0	-0	-0	-0	300	0	200	-0
513	-0	-0	-0	1506	0	-203	-0	144.18	545.93	-26.23	2152.66	0	-115.32	152.78	-0	-0	-0	903	0	-403	-0	-0	-0	-0	300	0	-203	-0	-0	-0	-0	300	0	200	-0
514	-0	-0	-0	1506	0	-203	-0	142.42	519.98	-21.75	2151.92	0	-116.22	115.56	-0	-0	-0	903	0	-403	-0	0	0	0	300	0	-203	0	-0	-0	-0	300	0	200	-0
515	-0	-0	-0	1506	0	-203	-0	139.23	490.91	-18.55	2152.5	0	-117.57	296.53	-0	-0	-0	903	0	-403	-0	-0	-0	-0	300	0	-203	-0	-0	-0	-0	300	0	200	-0
516	-0	-0	-0	1506	0	-203	-0	136.67	458.39	-16.47	2152.33	0	-117.51	272.94	-0	-0	-0	903	0	-403	-0	-0	-0	-0	300	0	-203	-0	-0	-0	-0	300	0	200	-0
517	-0	-0	-0	1506	0	-203	-0	131.55	425.56	-12.14	2152.32	0	-117.21	-70.64	-0	-0	-0	903	0	-403	-0	-0	-0	-0	300	0	-203	-0	-0	-0	-0	300	0	200	-0
518	-0	-0	-0	1506	0	-203	-0	122.28	393.35	-8.14	2152.05	0	-117.62	-107.63	-0	-0	-0	903	0	-403	-0	-0	-0	-0	300	0	-203	-0	-0	-0	-0	300	0	200	-0
519	-0	-0	-0	1506	0	-203	-0	114.45	356.15	-6.37	2152.52	0	-118.88	-219.33	-0	-0	-0	903	0	-403	-0	-0	-0	-0	300	0	-203	-0	0	0	0	300	0	200	0
520	-0	-0	-0	1506	0	-203	-0	106.13	317.69	-3.8	2152.81	0	-119.53	-84.49	-0	-0	-0	903	0	-403	-0	-0	-0	-0	300	0	-203	-0	-0	-0	-0	300	0	200	-0
521	-0	-0	-0	1506	0	-203	-0	95.9	275.47	-3.48	2155.28	0	-119.89	15.94	-0	-0	-0	903	0	-403	-0	-0	-0	-0	300	0	-203	-0	-0	-0	-0	300	0	200	-0
522	-0	-0	-0	1506	0	-203	-0	81.83	231.37	-2.35	2160.4	0	-118.24	110.75	-0	-0	-0	903	0	-403	-0	-0	-0	-0	300	0	-203	-0	0	0	0	300	0	200	0
523	-0	-0	-0	1506	0	-203	-0	62.81	196.04	-3.93	2163.44	0	-118.46	-114.98	-0	-0	-0	903	0	-403	-0	0	0	0	300	0	-203	0	-0	-0	-0	300	0	200	-0
524	-0	-0	-0	1506	0	-203	-0	40.27	165.71	-5.51	2168.04	0	-117.25	-39.41	-0	-0	-0	903	0	-403	-0	0	0	0	300	0	-203	0	0	0	0	300	0	200	0
525	-0	-0	-0	1506	0	-203	-0	27	143.19	-6.94	2176.4	0	-119.44	-250.99	-0	-0	-0	903	0	-403	-0	-0	-0	-0	300	0	-203	-0	-0	-0	-0	300	0	200	-0
526	-0	-0	-0	1506	0	-203	-0	16.29	130.68	-7.09	2179.9	0	-120.68	-317.62	-0	-0	-0	903	0	-403	-0	-0	-0	-0	300	0	-203	-0	0	0	0	300	0	200	0
527	-0	-0	-0	1506	0	-203	-0	7.66	118.17	-9.16	2184.98	0	-119.79	-312.08	-0	-0	-0	903	0	-403	-0	-0	-0	-0	300	0	-203	-0	0	0	0	300	0	200	0
528	-0	-0	-0	1506	0	-203	-0	-1.61	109.1	-8.83	2191.24	0	-119.26	-159.28	-0	-0	-0	903	0	-403	-0	-0	-0	-0	300	0	-203	-0	-0	-0	-0	300	0	200	-0
529	-0	-0	-0	1506	0	-203	-0	-5.93	96.28	-9.63	2191.62	0	-116.68	-286.18	-0	-0	-0	903	0	-403	-0	-0	-0	-0	300	0	-203	-0	0	0	0	300	0	200	0
530	-0	-0	-0	1506	0	-203	-0	-8.81	84.72	-8.82	2193.17	0	-116.39	-334.72	-0	-0	-0	903	0	-403	-0	-0	-0	-0	300	0	-203	-0	0	0	0	300	0	200	0
531	-0	-0	-0	1506	0	-203	-0	-8.01	72.21	-7.54	2190.98	0	-118.2	-505.5	-0	-0	-0	903	0	-403	-0	-0	-0	-0	300	0	-203	-0	-0	-0	-0	300	0	200	-0
532	-0	-0	-0	1506	0	-203	-0	-7.68	62.21	-7.38	2190.37	0	-123.73	-321.03	-0	-0	-0	903	0	-403	-0	-0	-0	-0	300	0	-203	-0	-0	-0	-0	300	0	200	-0
533	-0	-0	-0	1506	0	-203	-0	-6.08	50.64	-7.06	2199.4	0	-120.86	-301.75	-0	-0	-0	903	0	-403	-0	-0	-0	-0	300	0	-203	-0	-0	-0	-0	300	0	200	-0
534	-0	-0	-0	1506	0	-203	-0	-5.12	41.57	-7.05	2203.7	0	-116.46	-273.15	-0	-0	-0	903	0	-403	-0	0	0	0	300	0	-203	0	-0	-0	-0	300	0	200	-0
535	-0	-0	-0	1506	0	-203	-0	-4	33.13	-6.73	2204.94	0	-110.9	-344.92	-0	-0	-0	903	0	-403	-0	-0	-0	-0	300	0	-203	-0	-0	-0	-0	300	0	200	-0
536	-0	-0	-0	1506	0	-203	-0	-3.36	25.31	-6.57	2193.81	0	-101.39	-328.02	-0	-0	-0	903	0	-403	-0	-0	-0	-0	300	0	-203	-0	-0	-0	-0	300	0	200	-0
537	-0	-0	-0	1506	0	-203	-0	-1.45	20.32	-5.77	2188.51	0	-122.53	-333.85	-0	-0	-0	903	0	-403	-0	-0	-0	-0	300	0	-203	-0	0	0	0	300	0	200	0
538	-0	-0	-0	1506	0	-203	-0	-0	-0	-0	2109	0	-203	-0	-0	-0	-0	903	0	-403	-0	-0	-0	-0	300	0	-203	-0	-0	-0	-0	300	0	200	-0
539	-0	-0	-0	1506	0	-203	-0	-0	-0	-0	2109	0	-203	-0	-0	-0	-0	903	0	-403	-0	-0	-0	-0	300	0	-203	-0	0	0	0	300	0	200	0
540	-0	-0	-0	1506	0	-203	-0	-0	-0	-0	2109	0	-203	-0	-0	-0	-0	903	0	-403	-0	-0	-0	-0	300	0	-203	-0	0	0	0	300	0	200	0
541	-0	-0	-0	1506	0	-203	-0	-0	-0	-0	2109	0	-203	-0	-0	-0	-0	903	0	-403	-0	-0	-0	-0	300	0	-203	-0	-0	-0	-0	300	0	200	-0
542	-0	-0	-0	1506	0	-203	-0	-0	-0	-0	2109	0	-203	-0	-0	-0	-0	903	0	-403	-0	-0	-0	-0	300	0	-203	-0	-0	-0	-0	300	0	200	-0
543	-0	-0	-0	1506	0	-203	-0	-0	-0	-0	2109	0	-203	-0	-0	-0	-0	903	0	-403	-0	-0	-0	-0	300	0	-203	-0	-0	-0	-0	300	0	200	-0
544	-0	-0	-0	1506	0	-203	-0	-0	-0	-0	2109	0	-203	-0	-0	-0	-0	903	0	-403	-0	-0	-0	-0	300	0	-203	-0	0	0	0	300	0	200	0
545	-0	-0	-0	1506	0	-203	-0	-0	-0	-0	2109	0	-203	-0	-0	-0	-0	903	0	-403	-0	-0	-0	-0	300	0	-203	-0	-0	-0	-0	300	0	200	-0
546	-0	-0	-0	1506	0	-203	-0	-0	-0	-0	2109	0	-203	-0	-0	-0	-0	903	0	-403	-0	-0	-0	-0	300	0	-203	-0	-0	-0	-0	300	0	200	-0
547	-0	-0	-0	1506	0	-203	-0	-0	-0	-0	2109	0	-203	-0	-0	-0	-0	903	0	-403	-0	-0	-0	-0	300	0	-203	-0	-0	-0	-0	300	0	200	-0
548	-0	-0	-0	1506	0	-203	-0	-0	-0	-0	2109	0	-203	-0	-0	-0	-0	903	0	-403	-0	-0	-0	-0	300	0	-203	-0	-0	-0	-0	300	0	200	-0
549	-0	-0	-0	1506	0	-203	-0	-0	-0	-0	2109	0	-203	-0	-0	-0	-0	903	0	-403	-0	-0	-0	-0	300	0	-203	-0	0	0	0	300	0	200	0
550	-0	-0	-0	1506	0	-203	-0	-0	-0	-0	2109	0	-203	-0	-0	-0	-0	903	0	-403	-0	-0	-0	-0	300	0	-203	-0	-0	-0	-0	300	0	200	-0
551	-0	-0	-0	1506	0	-203	-0	-0	-0	-0	2109	0	-203	-0	-0	-0	-0	903	0	-403	-0	-0	-0	-0	300	0	-203	-0	-0	-0	-0	300	0	200	-0
552	-0	-0	-0	1506	0	-203	-0	-0	-0	-0	2109	0	-203	-0	-0	-0	-0	903	0	-403	-0	-0	-0	-0	300	0	-203	-0	-0	-0	-0	300	0	200	-0
553	-0	-0	-0	1506	0	-203	-0	-0	-0	-0	2109	0	-203	-0	-0	-0	-0	903	0	-403	-0	-0	-0	-0	300	0	-203	-0	-0	-0	-0	300	0	200	-0
554	-0	-0	-0	1506	0	-203	-0	-0	-0	-0	2109	0	-203	-0	0	0	0	903	0	-403	0	-0	-0	-0	300	0	-203	-0	0	0	0	300	0	200	0
555	-0	-0	-0	1506	0	-203	-0	-0	-0	-0	2109	0	-203	-0	-0	-0	-0	903	0	-403	-0	-0	-0	-0	300	0	-203	-0	-0	-0	-0	300	0	200	-0
556	-0	-0	-0	1506	0	-203	-0	-0	-0	-0	2109	0	-203	-0	-0	-0	-0	903	0	-403	-0	-0	-0	-0	300	0	-203	-0	-0	-0	-0	300	0	200	-0
557	-0	-0	-0	1506	0	-203	-0	-0	-0	-0	2109	0	-203	-0	-0	-0	-0	903	0	-403	-0	-0	-0	-0	300	0	-203	-0	-0	-0	-0	300	0	200	-0
558	-0	-0	-0	1506	0	-203	-0	-0	-0	-0	2109	0	-203	-0	-0	-0	-0	903	0	-403	-0	-0	-0	-0	300	0	-203	-0	-0	-0	-0	300	0	200	-0
559	-0	-0	-0	1506	0	-203	-0	-0	-0	-0	2109	0	-203	-0	-0	-0	-0	903	0	-403	-0	-0	-0	-0	300	0	-203	-0	-0	-0	-0	300	0	200	-0
560	-0	-0	-0	1506	0	-203	-0	-0	-0	-0	2109	0	-203	-0	-0	-0	-0	903	0	-403	-0	0	0	0	300	0	-203	0	-0	-0	-0	300	0	200	-0
561	-0	-0	-0	1506	0	-203	-0	-0	-0	-0	2109	0	-203	-0	-0	-0	-0	903	0	-403	-0	-0	-0	-0	300	0	-203	-0	-0	-0	-0	300	0	200	-0
562	-0	-0	-0	1506	0	-203	-0	-0	-0	-0	2109	0	-203	-0	-0	-0	-0	903	0	-403	-0	-0	-0	-0	300	0	-203	-0	-0	-0	-0	300	0	200	-0
563	-0	-0	-0	1506	0	-203	-0	-0	-0	-0	2109	0	-203	-0	-0	-0	-0	903	0	-403	-0	-0	-0	-0	300	0	-203	-0	-0	-0	-0	300	0	200	-0
564	-0	-0	-0	1506	0	-203	-0	-0	-0	-0	2109	0	-203	-0	-0	-0	-0	903	0	-403	-0	-0	-0	-0	300	0	-203	-0	-0	-0	-0	300	0	200	-0
565	-0	-0	-0	1506	0	-203	-0	-0	-0	-0	2109	0	-203	-0	-0	-0	-0	903	0	-403	-0	-0	-0	-0	300	0	-203	-0	-0	-0	-0	300	0	200	-0
566	-0	-0	-0	1506	0	-203	-0	-0	-0	-0	2109	0	-203	-0	-0	-0	-0	903	0	-403	-0	-0	-0	-0	300	0	-203	-0	-0	-0	-0	300	0	200	-0
567	-0	-0	-0	1506	0	-203	-0	-0	-0	-0	2109	0	-203	-0	-0	-0	-0	903	0	-403	-0	0	0	0	300	0	-203	0	-0	-0	-0	300	0	200	-0
568	-0	-0	-0	1506	0	-203	-0	-0	-0	-0	2109	0	-203	-0	-0	-0	-0	903	0	-403	-0	-0	-0	-0	300	0	-203	-0	0	0	0	300	0	200	0
569	-0	-0	-0	1506	0	-203	-0	-0	-0	-0	2109	0	-203	-0	-0	-0	-0	903	0	-403	-0	0	0	0	300	0	-203	0	-0	-0	-0	300	0	200	-0
570	-0	-0	-0	1506	0	-203	-0	-0	-0	-0	2109	0	-203	-0	-0	-0	-0	903	0	-403	-0	0	0	0	300	0	-203	0	0	0	0	300	0	200	0
571	-0	-0	-0	1506	0	-203	-0	-0	-0	-0	2109	0	-203	-0	-0	-0	-0	903	0	-403	-0	0	0	0	300	0	-203	0	-0	-0	-0	300	0	200	-0
572	-0	-0	-0	1506	0	-203	-0	-0	-0	-0	2109	0	-203	-0	-0	-0	-0	903	0	-403	-0	-0	-0	-0	300	0	-203	-0	-0	-0	-0	300	0	200	-0
573	-0	-0	-0	1506	0	-203	-0	-0	-0	-0	2109	0	-203	-0	-0	-0	-0	903	0	-403	-0	-0	-0	-0	300	0	-203	-0	-0	-0	-0	300	0	200	-0
574	-0	-0	-0	1506	0	-203	-0	-0	-0	-0	2109	0	-203	-0	-0	-0	-0	903	0	-403	-0	-0	-0	-0	300	0	-203	-0	-0	-0	-0	300	0	200	-0
575	-0	-0	-0	1506	0	-203	-0	-0	-0	-0	2109	0	-203	-0	-0	-0	-0	903	0	-403	-0	-0	-0	-0	300	0	-203	-0	-0	-0	-0	300	0	200	-0
576	-0	-0	-0	1506	0	-203	-0	-0	-0	-0	2109	0	-203	-0	-0	-0	-0	903	0	-403	-0	0	0	0	300	0	-203	0	-0	-0	-0	300	0	200	-0
577	-0	-0	-0	1506	0	-203	-0	-0	-0	-0	2109	0	-203	-0	-0	-0	-0	903	0	-403	-0	-0	-0	-0	300	0	-203	-0	-0	-0	-0	300	0	200	-0
578	-0	-0	-0	1506	0	-203	-0	-0	-0	-0	2109	0	-203	-0	-0	-0	-0	903	0	-403	-0	-0	-0	-0	300	0	-203	-0	-0	-0	-0	300	0	200	-0
579	-0	-0	-0	1506	0	-203	-0	-0	-0	-0	2109	0	-203	-0	-0	-0	-0	903	0	-403	-0	-0	-0	-0	300	0	-203	-0	-0	-0	-0	300	0	200	-0
580	-0	-0	-0	1506	0	-203	-0	-0	-0	-0	2109	0	-203	-0	-0	-0	-0	903	0	-403	-0	-0	-0	-0	300	0	-203	-0	-0	-0	-0	300	0	200	-0
581	-0	-0	-0	1506	0	-203	-0	-0	-0	-0	2109	0	-203	-0	-0	-0	-0	903	0	-403	-0	-0	-0	-0	300	0	-203	-0	-0	-0	-0	300	0	200	-0
582	-0	-0	-0	1506	0	-203	-0	-0	-0	-0	2109	0	-203	-0	-0	-0	-0	903	0	-403	-0	-0	-0	-0	300	0	-203	-0	0	0	0	300	0	200	0
583	-0	-0	-0	1506	0	-203	-0	-0	-0	-0	2109	0	-203	-0	-0	-0	-0	903	0	-403	-0	-0	-0	-0	300	0	-203	-0	-0	-0	-0	300	0	200	-0
584	-0	-0	-0	1506	0	-203	-0	-0	-0	-0	2109	0	-203	-0	-0	-0	-0	903	0	-403	-0	-0	-0	-0	300	0	-203	-0	-0	-0	-0	300	0	200	-0
585	-0	-0	-0	1506	0	-203	-0	-0	-0	-0	2109	0	-203	-0	-0	-0	-0	903	0	-403	-0	-0	-0	-0	300	0	-203	-0	-0	-0	-0	300	0	200	-0
586	-0	-0	-0	1506	0	-203	-0	-0	-0	-0	2109	0	-203	-0	-0	-0	-0	903	0	-403	-0	0	0	0	300	0	-203	0	-0	-0	-0	300	0	200	-0
587	-0	-0	-0	1506	0	-203	-0	-0	-0	-0	2109	0	-203	-0	-0	-0	-0	903	0	-403	-0	0	0	0	300	0	-203	0	0	0	0	300	0	200	0
588	-0	-0	-0	1506	0	-203	-0	-0	-0	-0	2109	0	-203	-0	-0	-0	-0	903	0	-403	-0	-0	-0	-0	300	0	-203	-0	-0	-0	-0	300	0	200	-0
589	-0	-0	-0	1506	0	-203	-0	-0	-0	-0	2109	0	-203	-0	-0	-0	-0	903	0	-403	-0	-0	-0	-0	300	0	-203	-0	-0	-0	-0	300	0	200	-0
590	-0	-0	-0	1506	0	-203	-0	-0	-0	-0	2109	0	-203	-0	-0	-0	-0	903	0	-403	-0	0	0	0	300	0	-203	0	-0	-0	-0	300	0	200	-0
591	-0	-0	-0	1506	0	-203	-0	-0	-0	-0	2109	0	-203	-0	-0	-0	-0	903	0	-403	-0	0	0	0	300	0	-203	0	-0	-0	-0	300	0	200	-0
592	-0	-0	-0	1506	0	-203	-0	-0	-0	-0	2109	0	-203	-0	-0	-0	-0	903	0	-403	-0	-0	-0	-0	300	0	-203	-0	-0	-0	-0	300	0	200	-0
593	-0	-0	-0	1506	0	-203	-0	-0	-0	-0	2109	0	-203	-0	-0	-0	-0	903	0	-403	-0	-0	-0	-0	300	0	-203	-0	0	0	0	300	0	200	0
594	-0	-0	-0	1506	0	-203	-0	-0	-0	-0	2109	0	-203	-0	-0	-0	-0	903	0	-403	-0	-0	-0	-0	300	0	-203	-0	0	0	0	300	0	200	0
595	-0	-0	-0	1506	0	-203	-0	-0	-0	-0	2109	0	-203	-0	-0	-0	-0	903	0	-403	-0	-0	-0	-0	300	0	-203	-0	-0	-0	-0	300	0	200	-0
596	-0	-0	-0	1506	0	-203	-0	-0	-0	-0	2109	0	-203	-0	-0	-0	-0	903	0	-403	-0	-0	-0	-0	300	0	-203	-0	-0	-0	-0	300	0	200	-0
597	-0	-0	-0	1506	0	-203	-0	-0	-0	-0	2109	0	-203	-0	-0	-0	-0	903	0	-403	-0	-0	-0	-0	300	0	-203	-0	-0	-0	-0	300	0	200	-0
598	-0	-0	-0	1506	0	-203	-0	-0	-0	-0	2109	0	-203	-0	-0	-0	-0	903	0	-403	-0	-0	-0	-0	300	0	-203	-0	-0	-0	-0	300	0	200	-0
599	-0	-0	-0	1506	0	-203	-0	-0	-0	-0	2109	0	-203	-0	-0	-0	-0	903	0	-403	-0	0	0	0	300	0	-203	0	-0	-0	-0	300	0	200	-0
600	-0	-0	-0	1506	0	-203	-0	-0	-0	-0	2109	0	-203	-0	-0	-0	-0	903	0	-403	-0	0	0	0	300	0	-203	0	-0	-0	-0	300	0	200	-0
601	-0	-0	-0	1506	0	-203	-0	-0	-0	-0	2109	0	-203	-0	-0	-0	-0	903	0	-403	-0	0	0	0	300	0	-203	0	-0	-0	-0	300	0	200	-0
602	-0	-0	-0	1506	0	-203	-0	-0	-0	-0	2109	0	-203	-0	-0	-0	-0	903	0	-403	-0	-0	-0	-0	300	0	-203	-0	-0	-0	-0	300	0	200	-0
603	-0	-0	-0	1506	0	-203	-0	-0	-0	-0	2109	0	-203	-0	-0	-0	-0	903	0	-403	-0	-0	-0	-0	300	0	-203	-0	0	0	0	300	0	200	0
604	-0	-0	-0	1506	0	-203	-0	-0	-0	-0	2109	0	-203	-0	-0	-0	-0	903	0	-403	-0	-0	-0	-0	300	0	-203	-0	-0	-0	-0	300	0	200	-0
605	-0	-0	-0	1506	0	-203	-0	-0	-0	-0	2109	0	-203	-0	-0	-0	-0	903	0	-403	-0	-0	-0	-0	300	0	-203	-0	0	0	0	300	0	200	0
606	-0	-0	-0	1506	0	-203	-0	-0	-0	-0	2109	0	-203	-0	-0	-0	-0	903	0	-403	-0	0	0	0	300	0	-203	0	-0	-0	-0	300	0	200	-0
607	-0	-0	-0	1506	0	-203	-0	-0	-0	-0	2109	0	-203	-0	0	0	0	903	0	-403	0	0	0	0	300	0	-203	0	-0	-0	-0	300	0	200	-0
608	-0	-0	-0	1506	0	-203	-0	-0	-0	-0	2109	0	-203	-0	-0	-0	-0	903	0	-403	-0	-0	-0	-0	300	0	-203	-0	0	0	0	300	0	200	0
609	-0	-0	-0	1506	0	-203	-0	-0	-0	-0	2109	0	-203	-0	0	0	0	903	0	-403	0	-0	-0	-0	300	0	-203	-0	-0	-0	-0	300	0	200	-0
610	-0	-0	-0	1506	0	-203	-0	-0	-0	-0	2109	0	-203	-0	-0	-0	-0	903	0	-403	-0	-0	-0	-0	300	0	-203	-0	-0	-0	-0	300	0	200	-0
611	-0	-0	-0	1506	0	-203	-0	-0	-0	-0	2109	0	-203	-0	-0	-0	-0	903	0	-403	-0	-0	-0	-0	300	0	-203	-0	-0	-0	-0	300	0	200	-0
612	-0	-0	-0	1506	0	-203	-0	-0	-0	-0	2109	0	-203	-0	-0	-0	-0	903	0	-403	-0	-0	-0	-0	300	0	-203	-0	-0	-0	-0	300	0	200	-0
613	-0	-0	-0	1506	0	-203	-0	-0	-0	-0	2109	0	-203	-0	-0	-0	-0	903	0	-403	-0	-0	-0	-0	300	0	-203	-0	-0	-0	-0	300	0	200	-0
614	-0	-0	-0	1506	0	-203	-0	-0	-0	-0	2109	0	-203	-0	-0	-0	-0	903	0	-403	-0	-0	-0	-0	300	0	-203	-0	-0	-0	-0	300	0	200	-0
615	-0	-0	-0	1506	0	-203	-0	-0	-0	-0	2109	0	-203	-0	-0	-0	-0	903	0	-403	-0	-0	-0	-0	300	0	-203	-0	-0	-0	-0	300	0	200	-0
616	-0	-0	-0	1506	0	-203	-0	-0	-0	-0	2109	0	-203	-0	-0	-0	-0	903	0	-403	-0	-0	-0	-0	300	0	-203	-0	-0	-0	-0	300	0	200	-0
617	-0	-0	-0	1506	0	-203	-0	-0	-0	-0	2109	0	-203	-0	-0	-0	-0	903	0	-403	-0	-0	-0	-0	300	0	-203	-0	-0	-0	-0	300	0	200	-0
618	-0	-0	-0	1506	0	-203	-0	-0	-0	-0	2109	0	-203	-0	-0	-0	-0	903	0	-403	-0	-0	-0	-0	300	0	-203	-0	-0	-0	-0	300	0	200	-0
619	-0	-0	-0	1506	0	-203	-0	-0	-0	-0	2109	0	-203	-0	-0	-0	-0	903	0	-403	-0	-0	-0	-0	300	0	-203	-0	-0	-0	-0	300	0	200	-0
620	-0	-0	-0	1506	0	-203	-0	-0	-0	-0	2109	0	-203	-0	-0	-0	-0	903	0	-403	-0	-0	-0	-0	300	0	-203	-0	-0	-0	-0	300	0	200	-0
621	-0	-0	-0	1506	0	-203	-0	-0	-0	-0	2109	0	-203	-0	-0	-0	-0	903	0	-403	-0	-0	-0	-0	300	0	-203	-0	-0	-0	-0	300	0	200	-0
622	-0	-0	-0	1506	0	-203	-0	-0	-0	-0	2109	0	-203	-0	-0	-0	-0	903	0	-403	-0	-0	-0	-0	300	0	-203	-0	-0	-0	-0	300	0	200	-0
623	-0	-0	-0	1506	0	-203	-0	-0	-0	-0	2109	0	-203	-0	-0	-0	-0	903	0	-403	-0	-0	-0	-0	300	0	-203	-0	-0	-0	-0	300	0	200	-0
624	-0	-0	-0	1506	0	-203	-0	-0	-0	-0	2109	0	-203	-0	-0	-0	-0	903	0	-403	-0	0	0	0	300	0	-203	0	-0	-0	-0	300	0	200	-0
625	-0	-0	-0	1506	0	-203	-0	-0	-0	-0	2109	0	-203	-0	-0	-0	-0	903	0	-403	-0	0	0	0	300	0	-203	0	-0	-0	-0	300	0	200	-0
626	-0	-0	-0	1506	0	-203	-0	-0	-0	-0	2109	0	-203	-0	-0	-0	-0	903	0	-403	-0	-0	-0	-0	300	0	-203	-0	-0	-0	-0	300	0	200	-0
627	-0	-0	-0	1506	0	-203	-0	-0	-0	-0	2109	0	-203	-0	-0	-0	-0	903	0	-403	-0	-0	-0	-0	300	0	-203	-0	-0	-0	-0	300	0	200	-0
628	-0	-0	-0	1506	0	-203	-0	-0	-0	-0	2109	0	-203	-0	0	0	0	903	0	-403	0	-0	-0	-0	300	0	-203	-0	-0	-0	-0	300	0	200	-0
629	-0	-0	-0	1506	0	-203	-0	-0	-0	-0	2109	0	-203	-0	0	0	0	903	0	-403	0	-0	-0	-0	300	0	-203	-0	-0	-0	-0	300	0	200	-0
630	-0	-0	-0	1506	0	-203	-0	-0	-0	-0	2109	0	-203	-0	-0	-0	-0	903	0	-403	-0	-0	-0	-0	300	0	-203	-0	-0	-0	-0	300	0	200	-0
631	-0	-0	-0	1506	0	-203	-0	-0	-0	-0	2109	0	-203	-0	-0	-0	-0	903	0	-403	-0	-0	-0	-0	300	0	-203	-0	-0	-0	-0	300	0	200	-0
632	-0	-0	-0	1506	0	-203	-0	-0	-0	-0	2109	0	-203	-0	0	0	0	903	0	-403	0	-0	-0	-0	300	0	-203	-0	-0	-0	-0	300	0	200	-0
633	-0	-0	-0	1506	0	-203	-0	-0	-0	-0	2109	0	-203	-0	-0	-0	-0	903	0	-403	-0	-0	-0	-0	300	0	-203	-0	-0	-0	-0	300	0	200	-0
634	-0	-0	-0	1506	0	-203	-0	-0	-0	-0	2109	0	-203	-0	-0	-0	-0	903	0	-403	-0	-0	-0	-0	300	0	-203	-0	0	0	0	300	0	200	0
635	-0	-0	-0	1506	0	-203	-0	-0	-0	-0	2109	0	-203	-0	-0	-0	-0	903	0	-403	-0	0	0	0	300	0	-203	0	0	0	0	300	0	200	0
636	-0	-0	-0	1506	0	-203	-0	-0	-0	-0	2109	0	-203	-0	-0	-0	-0	903	0	-403	-0	-0	-0	-0	300	0	-203	-0	0	0	0	300	0	200	0
637	-0	-0	-0	1506	0	-203	-0	-0	-0	-0	2109	0	-203	-0	-0	-0	-0	903	0	-403	-0	-0	-0	-0	300	0	-203	-0	-0	-0	-0	300	0	200	-0
638	-0	-0	-0	1506	0	-203	-0	-0	-0	-0	2109	0	-203	-0	-0	-0	-0	903	0	-403	-0	-0	-0	-0	300	0	-203	-0	-0	-0	-0	300	0	200	-0
639	-0	-0	-0	1506	0	-203	-0	-0	-0	-0	2109	0	-203	-0	0	0	0	903	0	-403	0	-0	-0	-0	300	0	-203	-0	-0	-0	-0	300	0	200	-0
640	-0	-0	-0	1506	0	-203	-0	-0	-0	-0	2109	0	-203	-0	-0	-0	-0	903	0	-403	-0	-0	-0	-0	300	0	-203	-0	-0	-0	-0	300	0	200	-0
641	-0	-0	-0	1506	0	-203	-0	-0	-0	-0	2109	0	-203	-0	-0	-0	-0	903	0	-403	-0	-0	-0	-0	300	0	-203	-0	-0	-0	-0	300	0	200	-0
642	-0	-0	-0	1506	0	-203	-0	-0	-0	-0	2109	0	-203	-0	-0	-0	-0	903	0	-403	-0	-0	-0	-0	300	0	-203	-0	-0	-0	-0	300	0	200	-0
643	-0	-0	-0	1506	0	-203	-0	-0	-0	-0	2109	0	-203	-0	-0	-0	-0	903	0	-403	-0	-0	-0	-0	300	0	-203	-0	-0	-0	-0	300	0	200	-0
644	-0	-0	-0	1506	0	-203	-0	-0	-0	-0	2109	0	-203	-0	-0	-0	-0	903	0	-403	-0	-0	-0	-0	300	0	-203	-0	-0	-0	-0	300	0	200	-0
645	-0	-0	-0	1506	0	-203	-0	-0	-0	-0	2109	0	-203	-0	-0	-0	-0	903	0	-403	-0	-0	-0	-0	300	0	-203	-0	0	0	0	300	0	200	0
646	-0	-0	-0	1506	0	-203	-0	-0	-0	-0	2109	0	-203	-0	-0	-0	-0	903	0	-403	-0	0	0	0	300	0	-203	0	-0	-0	-0	300	0	200	-0
647	-0	-0	-0	1506	0	-203	-0	-0	-0	-0	2109	0	-203	-0	0	0	0	903	0	-403	0	-0	-0	-0	300	0	-203	-0	-0	-0	-0	300	0	200	-0
648	-0	-0	-0	1506	0	-203	-0	-0	-0	-0	2109	0	-203	-0	-0	-0	-0	903	0	-403	-0	-0	-0	-0	300	0	-203	-0	0	0	0	300	0	200	0
649	-0	-0	-0	1506	0	-203	-0	-0	-0	-0	2109	0	-203	-0	-0	-0	-0	903	0	-403	-0	0	0	0	300	0	-203	0	-0	-0	-0	300	0	200	-0
650	-0	-0	-0	1506	0	-203	-0	-0	-0	-0	2109	0	-203	-0	-0	-0	-0	903	0	-403	-0	-0	-0	-0	300	0	-203	-0	-0	-0	-0	300	0	200	-0
651	-0	-0	-0	1506	0	-203	-0	-0	-0	-0	2109	0	-203	-0	-0	-0	-0	903	0	-403	-0	0	0	0	300	0	-203	0	-0	-0	-0	300	0	200	-0
652	-0	-0	-0	1506	0	-203	-0	-0	-0	-0	2109	0	-203	-0	-0	-0	-0	903	0	-403	-0	-0	-0	-0	300	0	-203	-0	0	0	0	300	0	200	0
653	-0	-0	-0	1506	0	-203	-0	-0	-0	-0	2109	0	-203	-0	-0	-0	-0	903	0	-403	-0	-0	-0	-0	300	0	-203	-0	-0	-0	-0	300	0	200	-0
654	-0	-0	-0	1506	0	-203	-0	-0	-0	-0	2109	0	-203	-0	-0	-0	-0	903	0	-403	-0	-0	-0	-0	300	0	-203	-0	-0	-0	-0	300	0	200	-0
655	-0	-0	-0	1506	0	-203	-0	-0	-0	-0	2109	0	-203	-0	-0	-0	-0	903	0	-403	-0	0	0	0	300	0	-203	0	0	0	0	300	0	200	0
656	-0	-0	-0	1506	0	-203	-0	-0	-0	-0	2109	0	-203	-0	-0	-0	-0	903	0	-403	-0	0	0	0	300	0	-203	0	-0	-0	-0	300	0	200	-0
657	-0	-0	-0	1506	0	-203	-0	-0	-0	-0	2109	0	-203	-0	-0	-0	-0	903	0	-403	-0	-0	-0	-0	300	0	-203	-0	-0	-0	-0	300	0	200	-0
658	-0	-0	-0	1506	0	-203	-0	-0	-0	-0	2109	0	-203	-0	-0	-0	-0	903	0	-403	-0	0	0	0	300	0	-203	0	-0	-0	-0	300	0	200	-0
659	-0	-0	-0	1506	0	-203	-0	-0	-0	-0	2109	0	-203	-0	-0	-0	-0	903	0	-403	-0	-0	-0	-0	300	0	-203	-0	-0	-0	-0	300	0	200	-0
660	-0	-0	-0	1506	0	-203	-0	-0	-0	-0	2109	0	-203	-0	-0	-0	-0	903	0	-403	-0	-0	-0	-0	300	0	-203	-0	-0	-0	-0	300	0	200	-0
661	-0	-0	-0	1506	0	-203	-0	-0	-0	-0	2109	0	-203	-0	-0	-0	-0	903	0	-403	-0	-0	-0	-0	300	0	-203	-0	-0	-0	-0	300	0	200	-0
662	-0	-0	-0	1506	0	-203	-0	-0	-0	-0	2109	0	-203	-0	-0	-0	-0	903	0	-403	-0	-0	-0	-0	300	0	-203	-0	-0	-0	-0	300	0	200	-0
663	-0	-0	-0	1506	0	-203	-0	-0	-0	-0	2109	0	-203	-0	0	0	0	903	0	-403	0	-0	-0	-0	300	0	-203	-0	-0	-0	-0	300	0	200	-0
664	-0	-0	-0	1506	0	-203	-0	-0	-0	-0	2109	0	-203	-0	-0	-0	-0	903	0	-403	-0	0	0	0	300	0	-203	0	-0	-0	-0	300	0	200	-0
665	-0	-0	-0	1506	0	-203	-0	-0	-0	-0	2109	0	-203	-0	-0	-0	-0	903	0	-403	-0	0	0	0	300	0	-203	0	-0	-0	-0	300	0	200	-0
666	-0	-0	-0	1506	0	-203	-0	-0	-0	-0	2109	0	-203	-0	-0	-0	-0	903	0	-403	-0	-0	-0	-0	300	0	-203	-0	-0	-0	-0	300	0	200	-0
667	-0	-0	-0	1506	0	-203	-0	-0	-0	-0	2109	0	-203	-0	-0	-0	-0	903	0	-403	-0	-0	-0	-0	300	0	-203	-0	-0	-0	-0	300	0	200	-0
668	-0	-0	-0	1506	0	-203	-0	-0	-0	-0	2109	0	-203	-0	-0	-0	-0	903	0	-403	-0	-0	-0	-0	300	0	-203	-0	0	0	0	300	0	200	0
