Time	Fx1	Fy1	Fz1	COPx1	COPy1	COPz1	Ty1	Fx2	Fy2	Fz2	COPx2	COPy2	COPz2	Ty2	Fx3	Fy3	Fz3	COPx3	COPy3	COPz3	Ty3	Fx4	Fy4	Fz4	COPx4	COPy4	COPz4	Ty4	Fx5	Fy5	Fz5	COPx5	COPy5	COPz5	Ty5
1	0	0	0	1506	0	-203	0	0	0	0	2109	0	-203	0	0	0	0	903	0	-403	0	0	0	0	300	0	-203	0	0	0	0	300	0	200	0
2	-0	-0	-0	1506	0	-203	-0	-0	-0	-0	2109	0	-203	-0	-0	-0	-0	903	0	-403	-0	-0	-0	-0	300	0	-203	-0	-0	-0	-0	300	0	200	-0
3	-0	-0	-0	1506	0	-203	-0	-0	-0	-0	2109	0	-203	-0	-0	-0	-0	903	0	-403	-0	0	0	0	300	0	-203	0	-0	-0	-0	300	0	200	-0
4	-0	-0	-0	1506	0	-203	-0	-0	-0	-0	2109	0	-203	-0	-0	-0	-0	903	0	-403	-0	-0	-0	-0	300	0	-203	-0	-0	-0	-0	300	0	200	-0
5	-0	-0	-0	1506	0	-203	-0	-0	-0	-0	2109	0	-203	-0	-0	-0	-0	903	0	-403	-0	-0	-0	-0	300	0	-203	-0	-0	-0	-0	300	0	200	-0
6	-0	-0	-0	1506	0	-203	-0	-0	-0	-0	2109	0	-203	-0	-0	-0	-0	903	0	-403	-0	-0	-0	-0	300	0	-203	-0	-0	-0	-0	300	0	200	-0
7	-0	-0	-0	1506	0	-203	-0	-0	-0	-0	2109	0	-203	-0	-0	-0	-0	903	0	-403	-0	-0	-0	-0	300	0	-203	-0	0	0	0	300	0	200	0
8	-0	-0	-0	1506	0	-203	-0	-0	-0	-0	2109	0	-203	-0	-0	-0	-0	903	0	-403	-0	-0	-0	-0	300	0	-203	-0	-0	-0	-0	300	0	200	-0
9	-0	-0	-0	1506	0	-203	-0	-0	-0	-0	2109	0	-203	-0	-0	-0	-0	903	0	-403	-0	-0	-0	-0	300	0	-203	-0	-0	-0	-0	300	0	200	-0
10	-0	-0	-0	1506	0	-203	-0	-0	-0	-0	2109	0	-203	-0	0	0	0	903	0	-403	0	-0	-0	-0	300	0	-203	-0	-0	-0	-0	300	0	200	-0
11	-0	-0	-0	1506	0	-203	-0	-0	-0	-0	2109	0	-203	-0	-0	-0	-0	903	0	-403	-0	-0	-0	-0	300	0	-203	-0	-0	-0	-0	300	0	200	-0
12	-0	-0	-0	1506	0	-203	-0	-0	-0	-0	2109	0	-203	-0	-0	-0	-0	903	0	-403	-0	-0	-0	-0	300	0	-203	-0	-0	-0	-0	300	0	200	-0
13	-0	-0	-0	1506	0	-203	-0	-0	-0	-0	2109	0	-203	-0	-0	-0	-0	903	0	-403	-0	-0	-0	-0	300	0	-203	-0	-0	-0	-0	300	0	200	-0
14	-0	-0	-0	1506	0	-203	-0	-0	-0	-0	2109	0	-203	-0	-0	-0	-0	903	0	-403	-0	-0	-0	-0	300	0	-203	-0	-0	-0	-0	300	0	200	-0
15	-0	-0	-0	1506	0	-203	-0	-0	-0	-0	2109	0	-203	-0	-0	-0	-0	903	0	-403	-0	-0	-0	-0	300	0	-203	-0	-0	-0	-0	300	0	200	-0
16	-0	-0	-0	1506	0	-203	-0	-0	-0	-0	2109	0	-203	-0	-0	-0	-0	903	0	-403	-0	-0	-0	-0	300	0	-203	-0	-0	-0	-0	300	0	200	-0
17	-0	-0	-0	1506	0	-203	-0	-0	-0	-0	2109	0	-203	-0	-0	-0	-0	903	0	-403	-0	0	0	0	300	0	-203	0	-0	-0	-0	300	0	200	-0
18	-0	-0	-0	1506	0	-203	-0	-0	-0	-0	2109	0	-203	-0	-0	-0	-0	903	0	-403	-0	-0	-0	-0	300	0	-203	-0	-0	-0	-0	300	0	200	-0
19	-0	-0	-0	1506	0	-203	-0	-0	-0	-0	2109	0	-203	-0	-0	-0	-0	903	0	-403	-0	-0	-0	-0	300	0	-203	-0	-0	-0	-0	300	0	200	-0
20	-0	-0	-0	1506	0	-203	-0	-0	-0	-0	2109	0	-203	-0	-0	-0	-0	903	0	-403	-0	-0	-0	-0	300	0	-203	-0	-0	-0	-0	300	0	200	-0
21	-0	-0	-0	1506	0	-203	-0	-0	-0	-0	2109	0	-203	-0	0	0	0	903	0	-403	0	-0	-0	-0	300	0	-203	-0	-0	-0	-0	300	0	200	-0
22	-0	-0	-0	1506	0	-203	-0	-0	-0	-0	2109	0	-203	-0	-0	-0	-0	903	0	-403	-0	-0	-0	-0	300	0	-203	-0	-0	-0	-0	300	0	200	-0
23	-0	-0	-0	1506	0	-203	-0	-0	-0	-0	2109	0	-203	-0	-0	-0	-0	903	0	-403	-0	-0	-0	-0	300	0	-203	-0	-0	-0	-0	300	0	200	-0
24	-0	-0	-0	1506	0	-203	-0	-0	-0	-0	2109	0	-203	-0	-0	-0	-0	903	0	-403	-0	-24.43	152.85	-3.94	31.2	0	-255.97	-129.14	-0	-0	-0	300	0	200	-0
25	-0	-0	-0	1506	0	-203	-0	-0	-0	-0	2109	0	-203	-0	-0	-0	-0	903	0	-403	-0	-60.2	484.35	-15.14	33.78	0	-251.89	92.92	-0	-0	-0	300	0	200	-0
26	-0	-0	-0	1506	0	-203	-0	-0	-0	-0	2109	0	-203	-0	-0	-0	-0	903	0	-403	-0	-69.5	589.97	-45.2	37.42	0	-251.25	603.18	-0	-0	-0	300	0	200	-0
27	-0	-0	-0	1506	0	-203	-0	-0	-0	-0	2109	0	-203	-0	0	0	0	903	0	-403	0	-76.56	542.72	-60.41	41.15	0	-251.08	1181.07	-0	-0	-0	300	0	200	-0
28	-0	-0	-0	1506	0	-203	-0	-0	-0	-0	2109	0	-203	-0	-0	-0	-0	903	0	-403	-0	-76.83	529.69	-62.44	42.17	0	-251.2	1991.08	-0	-0	-0	300	0	200	-0
29	-0	-0	-0	1506	0	-203	-0	-0	-0	-0	2109	0	-203	-0	-0	-0	-0	903	0	-403	-0	-72.42	546.25	-56.74	42.11	0	-251.73	1867.36	-0	-0	-0	300	0	200	-0
30	-0	-0	-0	1506	0	-203	-0	-0	-0	-0	2109	0	-203	-0	-0	-0	-0	903	0	-403	-0	-78.67	580.19	-47.1	44.72	0	-251.95	2182.27	-0	-0	-0	300	0	200	-0
31	-0	-0	-0	1506	0	-203	-0	-0	-0	-0	2109	0	-203	-0	-0	-0	-0	903	0	-403	-0	-83.08	584.81	-35.91	45.48	0	-252.43	1203.02	-0	-0	-0	300	0	200	-0
32	-0	-0	-0	1506	0	-203	-0	-0	-0	-0	2109	0	-203	-0	-0	-0	-0	903	0	-403	-0	-93.73	579.11	-27.35	48.05	0	-252.63	-5.17	-0	-0	-0	300	0	200	-0
33	-0	-0	-0	1506	0	-203	-0	-0	-0	-0	2109	0	-203	-0	-0	-0	-0	903	0	-403	-0	-97.74	567.16	-19.62	49.38	0	-253.51	312.18	-0	-0	-0	300	0	200	-0
34	-0	-0	-0	1506	0	-203	-0	-0	-0	-0	2109	0	-203	-0	-0	-0	-0	903	0	-403	-0	-98.08	568.52	-9.84	52.77	0	-254.62	-954.41	-0	-0	-0	300	0	200	-0
35	-0	-0	-0	1506	0	-203	-0	-0	-0	-0	2109	0	-203	-0	-0	-0	-0	903	0	-403	-0	-92.58	594.04	1.15	57.54	0	-257.21	-1492.37	-0	-0	-0	300	0	200	-0
36	-0	-0	-0	1506	0	-203	-0	-0	-0	-0	2109	0	-203	-0	-0	-0	-0	903	0	-403	-0	-92.38	648.07	25.86	63.73	0	-257.29	-2172.76	-0	-0	-0	300	0	200	-0
37	-0	-0	-0	1506	0	-203	-0	-0	-0	-0	2109	0	-203	-0	-0	-0	-0	903	0	-403	-0	-101.81	664.9	28.71	66.45	0	-257.87	-1716.63	-0	-0	-0	300	0	200	-0
38	-0	-0	-0	1506	0	-203	-0	-0	-0	-0	2109	0	-203	-0	-0	-0	-0	903	0	-403	-0	-113.01	654.04	26.81	68.29	0	-258.08	-1357.19	-0	-0	-0	300	0	200	-0
39	-0	-0	-0	1506	0	-203	-0	-0	-0	-0	2109	0	-203	-0	-0	-0	-0	903	0	-403	-0	-126.79	624.17	26.13	72.49	0	-258.88	-283.55	-0	-0	-0	300	0	200	-0
40	-0	-0	-0	1506	0	-203	-0	-0	-0	-0	2109	0	-203	-0	-0	-0	-0	903	0	-403	-0	-130.11	614.4	28.24	76.89	0	-259.66	-463.06	-0	-0	-0	300	0	200	-0
41	-0	-0	-0	1506	0	-203	-0	-0	-0	-0	2109	0	-203	-0	0	0	0	903	0	-403	0	-140.43	622	27.96	80.17	0	-260.1	-372.42	-0	-0	-0	300	0	200	-0
42	-0	-0	-0	1506	0	-203	-0	-0	-0	-0	2109	0	-203	-0	-0	-0	-0	903	0	-403	-0	-151.63	648.07	26.67	83.05	0	-260.59	418.66	-0	-0	-0	300	0	200	-0
43	-0	-0	-0	1506	0	-203	-0	-0	-0	-0	2109	0	-203	-0	-0	-0	-0	903	0	-403	-0	-163.92	673.86	27.96	85.46	0	-260.49	61	-0	-0	-0	300	0	200	-0
44	-0	-0	-0	1506	0	-203	-0	-0	-0	-0	2109	0	-203	-0	-0	-0	-0	903	0	-403	-0	-167.65	697.48	30.14	87.27	0	-261.04	540	-0	-0	-0	300	0	200	-0
45	-0	-0	-0	1506	0	-203	-0	-0	-0	-0	2109	0	-203	-0	-0	-0	-0	903	0	-403	-0	-169.07	724.36	36.65	88.4	0	-261.61	116.35	-0	-0	-0	300	0	200	-0
46	-0	-0	-0	1506	0	-203	-0	-0	-0	-0	2109	0	-203	-0	-0	-0	-0	903	0	-403	-0	-163.78	746.35	41	89.13	0	-261.71	15.26	-0	-0	-0	300	0	200	-0
47	-0	-0	-0	1506	0	-203	-0	-0	-0	-0	2109	0	-203	-0	-0	-0	-0	903	0	-403	-0	-157.4	768.34	45.88	89.6	0	-262.13	-19.71	-0	-0	-0	300	0	200	-0
48	-0	-0	-0	1506	0	-203	-0	-0	-0	-0	2109	0	-203	-0	-0	-0	-0	903	0	-403	-0	-152.11	796.58	45.68	90.5	0	-261.97	157.85	-0	-0	-0	300	0	200	-0
49	-0	-0	-0	1506	0	-203	-0	-0	-0	-0	2109	0	-203	-0	-0	-0	-0	903	0	-403	-0	-148.1	816.12	43.64	91.44	0	-261.91	198.49	-0	-0	-0	300	0	200	-0
50	-0	-0	-0	1506	0	-203	-0	-0	-0	-0	2109	0	-203	-0	-0	-0	-0	903	0	-403	-0	-148.78	831.6	38.62	91.72	0	-262.16	338.87	-0	-0	-0	300	0	200	-0
51	-0	-0	-0	1506	0	-203	-0	-0	-0	-0	2109	0	-203	-0	-0	-0	-0	903	0	-403	-0	-143.96	847.62	32.31	92.42	0	-262.13	272.31	-0	-0	-0	300	0	200	-0
52	-0	-0	-0	1506	0	-203	-0	-0	-0	-0	2109	0	-203	-0	0	0	0	903	0	-403	0	-142.74	860.38	27.15	93.47	0	-261.96	626.85	-0	-0	-0	300	0	200	-0
53	-0	-0	-0	1506	0	-203	-0	-0	-0	-0	2109	0	-203	-0	-0	-0	-0	903	0	-403	-0	-136.97	868.79	24.5	94.26	0	-261.99	1042.64	-0	-0	-0	300	0	200	-0
54	-0	-0	-0	1506	0	-203	-0	-0	-0	-0	2109	0	-203	-0	0	0	0	903	0	-403	0	-132.97	872.05	25.18	95	0	-262.31	288.1	-0	-0	-0	300	0	200	-0
55	-0	-0	-0	1506	0	-203	-0	-0	-0	-0	2109	0	-203	-0	-0	-0	-0	903	0	-403	-0	-127.26	870.69	26.27	95.85	0	-262.56	619.92	-0	-0	-0	300	0	200	-0
56	-0	-0	-0	1506	0	-203	-0	-0	-0	-0	2109	0	-203	-0	-0	-0	-0	903	0	-403	-0	-123.87	869.07	28.98	96.91	0	-263.02	546.62	-0	-0	-0	300	0	200	-0
57	-0	-0	-0	1506	0	-203	-0	-0	-0	-0	2109	0	-203	-0	-0	-0	-0	903	0	-403	-0	-121.02	866.62	30.41	98.44	0	-263.44	180.34	-0	-0	-0	300	0	200	-0
58	-0	-0	-0	1506	0	-203	-0	-0	-0	-0	2109	0	-203	-0	-0	-0	-0	903	0	-403	-0	-119.25	864.72	31.77	99.59	0	-263.82	233.17	-0	-0	-0	300	0	200	-0
59	-0	-0	-0	1506	0	-203	-0	-0	-0	-0	2109	0	-203	-0	-0	-0	-0	903	0	-403	-0	-117.69	862.55	31.49	100.72	0	-264.18	280.69	-0	-0	-0	300	0	200	-0
60	-0	-0	-0	1506	0	-203	-0	-0	-0	-0	2109	0	-203	-0	-0	-0	-0	903	0	-403	-0	-110.23	858.75	31.7	102	0	-264.74	127.71	-0	-0	-0	300	0	200	-0
61	-0	-0	-0	1506	0	-203	-0	-0	-0	-0	2109	0	-203	-0	-0	-0	-0	903	0	-403	-0	-105.54	855.22	31.09	103.4	0	-265.04	562.87	-0	-0	-0	300	0	200	-0
62	-0	-0	-0	1506	0	-203	-0	-0	-0	-0	2109	0	-203	-0	-0	-0	-0	903	0	-403	-0	-97.87	847.89	31.15	104.3	0	-265.82	832.3	-0	-0	-0	300	0	200	-0
63	-0	-0	-0	1506	0	-203	-0	-0	-0	-0	2109	0	-203	-0	-0	-0	-0	903	0	-403	-0	-93.73	837.3	32.65	106.55	0	-266.2	525.82	-0	-0	-0	300	0	200	-0
64	-0	-0	-0	1506	0	-203	-0	-0	-0	-0	2109	0	-203	-0	-0	-0	-0	903	0	-403	-0	-89.19	822.1	33.87	107.55	0	-266.97	735.59	-0	-0	-0	300	0	200	-0
65	-0	-0	-0	1506	0	-203	-0	-0	-0	-0	2109	0	-203	-0	-0	-0	-0	903	0	-403	-0	-87.63	807.16	35.43	109.62	0	-267.52	411.5	-0	-0	-0	300	0	200	-0
66	-0	-0	-0	1506	0	-203	-0	-0	-0	-0	2109	0	-203	-0	-0	-0	-0	903	0	-403	-0	-84.98	785.99	36.18	112.33	0	-268.33	183.48	-0	-0	-0	300	0	200	-0
67	-0	-0	-0	1506	0	-203	-0	-0	-0	-0	2109	0	-203	-0	-0	-0	-0	903	0	-403	-0	-84.16	768.61	36.65	114.44	0	-269.16	30.79	-0	-0	-0	300	0	200	-0
68	-0	-0	-0	1506	0	-203	-0	-0	-0	-0	2109	0	-203	-0	-0	-0	-0	903	0	-403	-0	-83.15	751.24	36.72	116.46	0	-269.81	-325.09	-0	-0	-0	300	0	200	-0
69	-0	-0	-0	1506	0	-203	-0	-0	-0	-0	2109	0	-203	-0	-0	-0	-0	903	0	-403	-0	-79.14	730.06	36.99	118.87	0	-270.75	-375.35	-0	-0	-0	300	0	200	-0
70	-0	-0	-0	1506	0	-203	-0	-0	-0	-0	2109	0	-203	-0	-0	-0	-0	903	0	-403	-0	-75.48	712.95	36.58	120.65	0	-271.25	-232.77	-0	-0	-0	300	0	200	-0
71	-0	-0	-0	1506	0	-203	-0	-0	-0	-0	2109	0	-203	-0	-0	-0	-0	903	0	-403	-0	-69.37	696.94	36.79	122.63	0	-271.65	-285.14	-0	-0	-0	300	0	200	-0
72	-0	-0	-0	1506	0	-203	-0	-0	-0	-0	2109	0	-203	-0	-0	-0	-0	903	0	-403	-0	-64.75	674.67	37.26	124.4	0	-272.59	-229.91	-0	-0	-0	300	0	200	-0
73	-0	-0	-0	1506	0	-203	-0	-0	-0	-0	2109	0	-203	-0	-0	-0	-0	903	0	-403	-0	-59.46	658.11	38.21	126.48	0	-273.33	-288.08	-0	-0	-0	300	0	200	-0
74	-0	-0	-0	1506	0	-203	-0	-0	-0	-0	2109	0	-203	-0	-0	-0	-0	903	0	-403	-0	-57.76	642.36	38.89	128.4	0	-274.05	-657.88	-0	-0	-0	300	0	200	-0
75	-0	-0	-0	1506	0	-203	-0	-0	-0	-0	2109	0	-203	-0	-0	-0	-0	903	0	-403	-0	-53.35	624.17	39.23	131.18	0	-274.55	-363.58	-0	-0	-0	300	0	200	-0
76	-0	-0	-0	1506	0	-203	-0	-0	-0	-0	2109	0	-203	-0	-0	-0	-0	903	0	-403	-0	-52.06	609.24	39.57	133.9	0	-274.81	-717.12	-0	-0	-0	300	0	200	-0
77	-0	-0	-0	1506	0	-203	-0	-0	-0	-0	2109	0	-203	-0	-0	-0	-0	903	0	-403	-0	-49.55	592.41	38.89	135.56	0	-277.24	-838.79	-0	-0	-0	300	0	200	-0
78	-0	-0	-0	1506	0	-203	-0	-0	-0	-0	2109	0	-203	-0	-0	-0	-0	903	0	-403	-0	-45.82	574.49	39.03	138.84	0	-277.71	-793.06	-0	-0	-0	300	0	200	-0
79	-0	-0	-0	1506	0	-203	-0	-0	-0	-0	2109	0	-203	-0	-0	-0	-0	903	0	-403	-0	-42.42	559.29	38.01	140.87	0	-278.48	-941.33	-0	-0	-0	300	0	200	-0
80	-0	-0	-0	1506	0	-203	-0	-0	-0	-0	2109	0	-203	-0	-0	-0	-0	903	0	-403	-0	-37.94	545.44	37.67	142.49	0	-279.06	-1008.06	-0	-0	-0	300	0	200	-0
81	-0	-0	-0	1506	0	-203	-0	-0	-0	-0	2109	0	-203	-0	-0	-0	-0	903	0	-403	-0	-35.36	530.51	36.18	145.75	0	-278.94	-866.43	-0	-0	-0	300	0	200	-0
82	-0	-0	-0	1506	0	-203	-0	-0	-0	-0	2109	0	-203	-0	-0	-0	-0	903	0	-403	-0	-32.78	515.3	35.02	147.17	0	-280.11	-1120.87	-0	-0	-0	300	0	200	-0
83	-0	-0	-0	1506	0	-203	-0	-0	-0	-0	2109	0	-203	-0	0	0	0	903	0	-403	0	-32.65	504.71	33.73	149.62	0	-280.17	-1418.75	-0	-0	-0	300	0	200	-0
84	-0	-0	-0	1506	0	-203	-0	-0	-0	-0	2109	0	-203	-0	-0	-0	-0	903	0	-403	-0	-29.8	490.05	32.24	152.5	0	-280.76	-1402.55	-0	-0	-0	300	0	200	-0
85	-0	-0	-0	1506	0	-203	-0	-0	-0	-0	2109	0	-203	-0	-0	-0	-0	903	0	-403	-0	-29.25	479.74	30.81	154.61	0	-280.97	-1773.54	-0	-0	-0	300	0	200	-0
86	-0	-0	-0	1506	0	-203	-0	-0	-0	-0	2109	0	-203	-0	-0	-0	-0	903	0	-403	-0	-27.15	469.69	29.53	156.41	0	-281.55	-1814.05	-0	-0	-0	300	0	200	-0
87	-0	-0	-0	1506	0	-203	-0	-0	-0	-0	2109	0	-203	-0	-0	-0	-0	903	0	-403	-0	-25.32	457.47	27.9	158.72	0	-282.02	-1817.92	-0	-0	-0	300	0	200	-0
88	-0	-0	-0	1506	0	-203	-0	-0	-0	-0	2109	0	-203	-0	-0	-0	-0	903	0	-403	-0	-22.4	450.14	27.01	160.68	0	-282.36	-1831.04	-0	-0	-0	300	0	200	-0
89	-0	-0	-0	1506	0	-203	-0	-0	-0	-0	2109	0	-203	-0	-0	-0	-0	903	0	-403	-0	-20.29	442.54	26	162.62	0	-282.63	-1701.46	-0	-0	-0	300	0	200	-0
90	-0	-0	-0	1506	0	-203	-0	-0	-0	-0	2109	0	-203	-0	-0	-0	-0	903	0	-403	-0	-19.14	435.48	25.11	165.56	0	-282.75	-1825.49	-0	-0	-0	300	0	200	-0
91	-0	-0	-0	1506	0	-203	-0	-0	-0	-0	2109	0	-203	-0	-0	-0	-0	903	0	-403	-0	-17.99	428.15	24.43	167.57	0	-283.47	-1828.35	-0	-0	-0	300	0	200	-0
92	-0	-0	-0	1506	0	-203	-0	-0	-0	-0	2109	0	-203	-0	-0	-0	-0	903	0	-403	-0	-18.26	422.72	24.57	169.07	0	-283.65	-1836.52	-0	-0	-0	300	0	200	-0
93	-0	-0	-0	1506	0	-203	-0	-0	-0	-0	2109	0	-203	-0	-0	-0	-0	903	0	-403	-0	-16.63	416.48	24.64	171.71	0	-284.04	-1934.59	-0	-0	-0	300	0	200	-0
94	-0	-0	-0	1506	0	-203	-0	-0	-0	-0	2109	0	-203	-0	-0	-0	-0	903	0	-403	-0	-16.15	410.23	25.11	173.15	0	-284.97	-1961.71	-0	-0	-0	300	0	200	-0
95	-0	-0	-0	1506	0	-203	-0	-0	-0	-0	2109	0	-203	-0	-0	-0	-0	903	0	-403	-0	-13.57	406.7	25.93	176.29	0	-284.59	-1603.4	-0	-0	-0	300	0	200	-0
96	-0	-0	-0	1506	0	-203	-0	-0	-0	-0	2109	0	-203	-0	-0	-0	-0	903	0	-403	-0	-11.67	401.55	26.95	178.51	0	-285.16	-1565.83	-0	-0	-0	300	0	200	-0
97	-0	-0	-0	1506	0	-203	-0	-0	-0	-0	2109	0	-203	-0	-0	-0	-0	903	0	-403	-0	-9.57	399.1	27.9	180.26	0	-285.56	-1334.26	-0	-0	-0	300	0	200	-0
98	-0	-0	-0	1506	0	-203	-0	-0	-0	-0	2109	0	-203	-0	-0	-0	-0	903	0	-403	-0	-8.82	396.12	28.85	181.76	0	-285.59	-1060.69	-0	-0	-0	300	0	200	-0
99	-0	-0	-0	1506	0	-203	-0	-0	-0	-0	2109	0	-203	-0	-0	-0	-0	903	0	-403	-0	-8.08	395.03	30.27	183.21	0	-285.82	-1121.89	-0	-0	-0	300	0	200	-0
100	-0	-0	-0	1506	0	-203	-0	-0	-0	-0	2109	0	-203	-0	-0	-0	-0	903	0	-403	-0	-7.26	393.94	31.02	184.54	0	-286.53	-969.61	-0	-0	-0	300	0	200	-0
101	-0	-0	-0	1506	0	-203	-0	-0	-0	-0	2109	0	-203	-0	-0	-0	-0	903	0	-403	-0	-7.6	395.57	31.29	186.23	0	-286.12	-909.31	-0	-0	-0	300	0	200	-0
102	-0	-0	-0	1506	0	-203	-0	-0	-0	-0	2109	0	-203	-0	-0	-0	-0	903	0	-403	-0	-5.5	395.84	31.56	186.59	0	-286.41	-1053.89	-0	-0	-0	300	0	200	-0
103	-0	-0	-0	1506	0	-203	-0	-0	-0	-0	2109	0	-203	-0	-0	-0	-0	903	0	-403	-0	-4.34	399.65	31.29	187.67	0	-286.21	-924.96	-0	-0	-0	300	0	200	-0
104	-0	-0	-0	1506	0	-203	-0	-0	-0	-0	2109	0	-203	-0	-0	-0	-0	903	0	-403	-0	-1.7	402.36	31.22	188.29	0	-286.09	-882.65	-0	-0	-0	300	0	200	-0
105	-0	-0	-0	1506	0	-203	-0	-0	-0	-0	2109	0	-203	-0	-0	-0	-0	903	0	-403	-0	0.41	406.7	30.68	188.84	0	-286.22	-1064.7	-0	-0	-0	300	0	200	-0
106	-0	-0	-0	1506	0	-203	-0	-0	-0	-0	2109	0	-203	-0	-0	-0	-0	903	0	-403	-0	3.19	412.41	30.14	189.44	0	-285.57	-915.33	-0	-0	-0	300	0	200	-0
107	-0	-0	-0	1506	0	-203	-0	-0	-0	-0	2109	0	-203	-0	-0	-0	-0	903	0	-403	-0	5.23	417.56	29.39	189.48	0	-285.67	-926.56	-0	-0	-0	300	0	200	-0
108	-0	-0	-0	1506	0	-203	-0	-0	-0	-0	2109	0	-203	-0	-0	-0	-0	903	0	-403	-0	7.19	426.8	28.71	190.58	0	-285.05	-1051.4	-0	-0	-0	300	0	200	-0
109	-0	-0	-0	1506	0	-203	-0	-0	-0	-0	2109	0	-203	-0	-0	-0	-0	903	0	-403	-0	8.42	434.13	28.03	190.58	0	-284.81	-1089.11	-0	-0	-0	300	0	200	-0
110	-0	-0	-0	1506	0	-203	-0	-0	-0	-0	2109	0	-203	-0	-0	-0	-0	903	0	-403	-0	8.69	442.54	27.08	190.95	0	-284.47	-1340.39	-0	-0	-0	300	0	200	-0
111	-0	-0	-0	1506	0	-203	-0	-0	-0	-0	2109	0	-203	-0	-0	-0	-0	903	0	-403	-0	10.52	454.22	26.54	192.02	0	-284.38	-1342.28	-0	-0	-0	300	0	200	-0
112	-0	-0	-0	1506	0	-203	-0	-0	-0	-0	2109	0	-203	-0	-0	-0	-0	903	0	-403	-0	11.13	465.08	25.66	192.05	0	-283.96	-1408.03	-0	-0	-0	300	0	200	-0
113	-0	-0	-0	1506	0	-203	-0	-0	-0	-0	2109	0	-203	-0	-0	-0	-0	903	0	-403	-0	13.17	474.04	25.72	191.91	0	-283.83	-1557.61	-0	-0	-0	300	0	200	-0
114	-0	-0	-0	1506	0	-203	-0	-0	-0	-0	2109	0	-203	-0	-0	-0	-0	903	0	-403	-0	13.64	488.7	24.91	192.33	0	-283.69	-1517.41	-0	-0	-0	300	0	200	-0
115	-0	-0	-0	1506	0	-203	-0	-0	-0	-0	2109	0	-203	-0	-0	-0	-0	903	0	-403	-0	15	502.81	24.71	193.33	0	-282.71	-1582.93	-0	-0	-0	300	0	200	-0
116	-0	-0	-0	1506	0	-203	-0	-0	-0	-0	2109	0	-203	-0	-0	-0	-0	903	0	-403	-0	15.27	514.22	24.5	193.55	0	-282.61	-1887.46	-0	-0	-0	300	0	200	-0
117	-0	-0	-0	1506	0	-203	-0	-0	-0	-0	2109	0	-203	-0	-0	-0	-0	903	0	-403	-0	15.75	530.24	24.37	193.77	0	-282.28	-1872.74	-0	-0	-0	300	0	200	-0
118	-0	-0	-0	1506	0	-203	-0	-0	-0	-0	2109	0	-203	-0	-0	-0	-0	903	0	-403	-0	15.88	543.27	24.5	194.29	0	-282.13	-2079.88	-0	-0	-0	300	0	200	-0
119	-0	-0	-0	1506	0	-203	-0	-0	-0	-0	2109	0	-203	-0	-0	-0	-0	903	0	-403	-0	16.29	556.3	24.16	194.76	0	-281.84	-2286.22	-0	-0	-0	300	0	200	-0
120	-0	-0	-0	1506	0	-203	-0	-0	-0	-0	2109	0	-203	-0	-0	-0	-0	903	0	-403	-0	17.58	572.05	24.23	195.55	0	-281.43	-2208.83	-0	-0	-0	300	0	200	-0
121	-0	-0	-0	1506	0	-203	-0	-0	-0	-0	2109	0	-203	-0	0	0	0	903	0	-403	0	19	585.62	24.5	195.64	0	-281.05	-2439.04	-0	-0	-0	300	0	200	-0
122	-0	-0	-0	1506	0	-203	-0	-0	-0	-0	2109	0	-203	-0	-0	-0	-0	903	0	-403	-0	21.45	597.02	24.64	196.07	0	-281.22	-2525.94	-0	-0	-0	300	0	200	-0
123	-0	-0	-0	1506	0	-203	-0	-0	-0	-0	2109	0	-203	-0	-0	-0	-0	903	0	-403	-0	23.21	613.04	24.71	196.2	0	-279.31	-2546.43	-0	-0	-0	300	0	200	-0
124	-0	-0	-0	1506	0	-203	-0	-0	-0	-0	2109	0	-203	-0	-0	-0	-0	903	0	-403	-0	25.59	625.8	25.11	197.01	0	-278.99	-2695.11	-0	-0	-0	300	0	200	-0
125	-0	-0	-0	1506	0	-203	-0	-0	-0	-0	2109	0	-203	-0	0	0	0	903	0	-403	0	26.74	635.85	24.98	197.21	0	-279.05	-2874.93	-0	-0	-0	300	0	200	-0
126	-0	-0	-0	1506	0	-203	-0	-0	-0	-0	2109	0	-203	-0	-0	-0	-0	903	0	-403	-0	29.86	650.51	25.79	197.57	0	-278.69	-2903.45	-0	-0	-0	300	0	200	-0
127	-0	-0	-0	1506	0	-203	-0	-0	-0	-0	2109	0	-203	-0	-0	-0	-0	903	0	-403	-0	32.24	660.28	26.06	197.86	0	-278.49	-3078.09	-0	-0	-0	300	0	200	-0
128	-0	-0	-0	1506	0	-203	-0	-0	-0	-0	2109	0	-203	-0	-0	-0	-0	903	0	-403	-0	34.75	670.87	26.27	198.26	0	-278.18	-3088.79	-0	-0	-0	300	0	200	-0
129	-0	-0	-0	1506	0	-203	-0	-0	-0	-0	2109	0	-203	-0	-0	-0	-0	903	0	-403	-0	39.03	682.82	26.81	199.01	0	-277.98	-3077.64	-0	-0	-0	300	0	200	-0
130	-0	-0	-0	1506	0	-203	-0	-0	-0	-0	2109	0	-203	-0	-0	-0	-0	903	0	-403	-0	42.9	692.32	27.35	199.4	0	-277.75	-3152	-0	-0	-0	300	0	200	-0
131	-0	-0	-0	1506	0	-203	-0	-0	-0	-0	2109	0	-203	-0	-0	-0	-0	903	0	-403	-0	47.24	700.19	27.9	199.78	0	-277.61	-3073.99	-0	-0	-0	300	0	200	-0
132	-0	-0	-0	1506	0	-203	-0	-0	-0	-0	2109	0	-203	-0	-0	-0	-0	903	0	-403	-0	52.06	709.7	28.44	199.7	0	-277.68	-3139.76	-0	-0	-0	300	0	200	-0
133	-0	-0	-0	1506	0	-203	-0	-0	-0	-0	2109	0	-203	-0	-0	-0	-0	903	0	-403	-0	56.34	720.01	29.12	200.45	0	-277.51	-3122.8	-0	-0	-0	300	0	200	-0
134	-0	-0	-0	1506	0	-203	-0	-0	-0	-0	2109	0	-203	-0	-0	-0	-0	903	0	-403	-0	58.91	727.89	29.59	200.75	0	-277.33	-3105.53	-0	-0	-0	300	0	200	-0
135	-0	-0	-0	1506	0	-203	-0	-0	-0	-0	2109	0	-203	-0	-0	-0	-0	903	0	-403	-0	64.48	738.47	30.48	201.28	0	-277.28	-3163.54	-0	-0	-0	300	0	200	-0
136	-0	-0	-0	1506	0	-203	-0	-0	-0	-0	2109	0	-203	-0	-0	-0	-0	903	0	-403	-0	68.08	746.08	31.15	201.54	0	-277.07	-3146.38	-0	-0	-0	300	0	200	-0
137	-0	-0	-0	1506	0	-203	-0	-0	-0	-0	2109	0	-203	-0	-0	-0	-0	903	0	-403	-0	72.22	754.49	31.7	201.89	0	-276.85	-2956.82	-0	-0	-0	300	0	200	-0
138	-0	-0	-0	1506	0	-203	-0	-0	-0	-0	2109	0	-203	-0	-0	-0	-0	903	0	-403	-0	77.24	761.55	32.65	202.29	0	-276.76	-2979.56	-0	-0	-0	300	0	200	-0
139	-0	-0	-0	1506	0	-203	-0	-0	-0	-0	2109	0	-203	-0	-0	-0	-0	903	0	-403	-0	82.06	769.43	33.53	202.97	0	-276.46	-2859.29	-0	-0	-0	300	0	200	-0
140	-0	-0	-0	1506	0	-203	-0	-0	-0	-0	2109	0	-203	-0	0	0	0	903	0	-403	0	86.4	772.41	33.94	203.04	0	-276.39	-2693.64	-0	-0	-0	300	0	200	-0
141	-0	-0	-0	1506	0	-203	-0	-0	-0	-0	2109	0	-203	-0	-0	-0	-0	903	0	-403	-0	91.22	778.11	35.09	203.65	0	-276.22	-2745.72	-0	-0	-0	300	0	200	-0
142	-0	-0	-0	1506	0	-203	-0	-0	-0	-0	2109	0	-203	-0	-0	-0	-0	903	0	-403	-0	95.02	782.19	35.29	204.04	0	-276.12	-2587.63	-0	-0	-0	300	0	200	-0
143	-0	-0	-0	1506	0	-203	-0	-0	-0	-0	2109	0	-203	-0	-0	-0	-0	903	0	-403	-0	98.01	784.09	35.84	204.36	0	-276	-2506.54	-0	-0	-0	300	0	200	-0
144	-0	-0	-0	1506	0	-203	-0	-0	-0	-0	2109	0	-203	-0	-0	-0	-0	903	0	-403	-0	103.24	784.9	36.31	204.9	0	-275.98	-2482.56	-0	-0	-0	300	0	200	-0
145	-0	-0	-0	1506	0	-203	-0	-0	-0	-0	2109	0	-203	-0	-0	-0	-0	903	0	-403	-0	107.11	785.99	36.72	205.33	0	-275.63	-2379.24	-0	-0	-0	300	0	200	-0
146	-0	-0	-0	1506	0	-203	-0	-0	-0	-0	2109	0	-203	-0	-0	-0	-0	903	0	-403	-0	111.04	784.63	37.13	205.75	0	-275.61	-2176.7	-0	-0	-0	300	0	200	-0
147	-0	-0	-0	1506	0	-203	-0	-0	-0	-0	2109	0	-203	-0	-0	-0	-0	903	0	-403	-0	114.98	781.91	37.2	206.67	0	-275.21	-2170.91	-0	-0	-0	300	0	200	-0
148	-0	-0	-0	1506	0	-203	-0	-0	-0	-0	2109	0	-203	-0	-0	-0	-0	903	0	-403	-0	118.85	778.11	37.6	206.96	0	-275.27	-1995.32	-0	-0	-0	300	0	200	-0
149	-0	-0	-0	1506	0	-203	-0	-0	-0	-0	2109	0	-203	-0	-0	-0	-0	903	0	-403	-0	121.63	773.23	37.53	207.39	0	-275.13	-1877.5	-0	-0	-0	300	0	200	-0
150	-0	-0	-0	1506	0	-203	-0	-0	-0	-0	2109	0	-203	-0	-0	-0	-0	903	0	-403	-0	125.7	765.9	37.87	207.84	0	-275.07	-1791.03	-0	-0	-0	300	0	200	-0
151	-0	-0	-0	1506	0	-203	-0	-0	-0	-0	2109	0	-203	-0	0	0	0	903	0	-403	0	128.96	758.84	37.67	208.18	0	-275.03	-1598.49	-0	-0	-0	300	0	200	-0
152	-0	-0	-0	1506	0	-203	-0	-0	-0	-0	2109	0	-203	-0	-0	-0	-0	903	0	-403	-0	131.2	753.68	38.01	208.87	0	-274.7	-1435.49	-0	-0	-0	300	0	200	-0
153	-0	-0	-0	1506	0	-203	-0	-0	-0	-0	2109	0	-203	-0	-0	-0	-0	903	0	-403	-0	134.39	742.82	38.08	209.32	0	-274.58	-1313.86	-0	-0	-0	300	0	200	-0
154	-0	-0	-0	1506	0	-203	-0	-0	-0	-0	2109	0	-203	-0	-0	-0	-0	903	0	-403	-0	136.77	732.5	38.48	209.87	0	-274.61	-1167.71	-0	-0	-0	300	0	200	-0
155	-0	-0	-0	1506	0	-203	-0	-0	-0	-0	2109	0	-203	-0	-0	-0	-0	903	0	-403	-0	139.01	724.09	38.62	210.5	0	-274.33	-1055.57	-0	-0	-0	300	0	200	-0
156	-0	-0	-0	1506	0	-203	-0	-0	-0	-0	2109	0	-203	-0	-0	-0	-0	903	0	-403	-0	141.04	709.97	38.21	210.87	0	-274.28	-860.75	-0	-0	-0	300	0	200	-0
157	-0	-0	-0	1506	0	-203	-0	-0	-0	-0	2109	0	-203	-0	-0	-0	-0	903	0	-403	-0	142.47	697.75	38.15	211.39	0	-274.26	-718.66	-0	-0	-0	300	0	200	-0
158	-0	-0	-0	1506	0	-203	-0	-0	-0	-0	2109	0	-203	-0	-0	-0	-0	903	0	-403	-0	144.1	684.99	37.2	212.01	0	-274.02	-621.55	-0	-0	-0	300	0	200	-0
159	-0	-0	-0	1506	0	-203	-0	-0	-0	-0	2109	0	-203	-0	-0	-0	-0	903	0	-403	-0	145.73	667.89	36.86	212.38	0	-273.85	-460.4	-0	-0	-0	300	0	200	-0
160	-0	-0	-0	1506	0	-203	-0	-0	-0	-0	2109	0	-203	-0	-0	-0	-0	903	0	-403	-0	146.88	650.78	35.57	212.71	0	-273.81	-257.28	-0	-0	-0	300	0	200	-0
161	-0	-0	-0	1506	0	-203	-0	-0	-0	-0	2109	0	-203	-0	-0	-0	-0	903	0	-403	-0	146.68	636.93	33.39	213.58	0	-273.64	-119.42	-0	-0	-0	300	0	200	-0
162	-0	-0	-0	1506	0	-203	-0	-0	-0	-0	2109	0	-203	-0	-0	-0	-0	903	0	-403	-0	146.74	615.76	32.72	214.06	0	-273.15	-112.9	-0	-0	-0	300	0	200	-0
163	-0	-0	-0	1506	0	-203	-0	-0	-0	-0	2109	0	-203	-0	0	0	0	903	0	-403	0	145.59	594.58	30.41	214.66	0	-274.77	256.57	-0	-0	-0	300	0	200	-0
164	-0	-0	-0	1506	0	-203	-0	-0	-0	-0	2109	0	-203	-0	-0	-0	-0	903	0	-403	-0	144.84	573.13	28.85	215.25	0	-274.5	328.88	-0	-0	-0	300	0	200	-0
165	-0	-0	-0	1506	0	-203	-0	-0	-0	-0	2109	0	-203	-0	-0	-0	-0	903	0	-403	-0	142.26	545.44	26.06	216.15	0	-273.95	514.71	-0	-0	-0	300	0	200	-0
166	-0	-0	-0	1506	0	-203	-0	-0	-0	-0	2109	0	-203	-0	-0	-0	-0	903	0	-403	-0	140.02	516.93	23.62	216.89	0	-274.21	724.52	-0	-0	-0	300	0	200	-0
167	-0	-0	-0	1506	0	-203	-0	-0	-0	-0	2109	0	-203	-0	-0	-0	-0	903	0	-403	-0	137.31	490.6	20.97	217.07	0	-274.27	817.69	-0	-0	-0	300	0	200	-0
168	-0	-0	-0	1506	0	-203	-0	-0	-0	-0	2109	0	-203	-0	0	0	0	903	0	-403	0	133.17	456.12	18.6	217.57	0	-273.91	872.71	-0	-0	-0	300	0	200	-0
169	-0	-0	-0	1506	0	-203	-0	-0	-0	-0	2109	0	-203	-0	-0	-0	-0	903	0	-403	-0	128.35	423.27	15.41	217.98	0	-274.49	964.8	-0	-0	-0	300	0	200	-0
170	-0	-0	-0	1506	0	-203	-0	-0	-0	-0	2109	0	-203	-0	-0	-0	-0	903	0	-403	-0	122.44	395.03	13.17	219.03	0	-273.7	831.31	-0	-0	-0	300	0	200	-0
171	-0	-0	-0	1506	0	-203	-0	-0	-0	-0	2109	0	-203	-0	-0	-0	-0	903	0	-403	-0	113.21	352.13	9.37	219.71	0	-273.97	862.92	-0	-0	-0	300	0	200	-0
172	-0	-0	-0	1506	0	-203	-0	-0	-0	-0	2109	0	-203	-0	-0	-0	-0	903	0	-403	-0	104.93	312.22	6.45	219.78	0	-274.21	757.32	-0	-0	-0	300	0	200	-0
173	-0	-0	-0	1506	0	-203	-0	-0	-0	-0	2109	0	-203	-0	-0	-0	-0	903	0	-403	-0	94.68	274.21	3.39	221.23	0	-274.52	662.33	-0	-0	-0	300	0	200	-0
174	-0	-0	-0	1506	0	-203	-0	-0	-0	-0	2109	0	-203	-0	-0	-0	-0	903	0	-403	-0	79.28	226.97	-0	223.98	0	-274.46	474.38	-0	-0	-0	300	0	200	-0
175	-0	-0	-0	1506	0	-203	-0	-0	-0	-0	2109	0	-203	-0	-0	-0	-0	903	0	-403	-0	65.09	189.23	-2.24	227.48	0	-275.96	346.29	-0	-0	-0	300	0	200	-0
176	-0	-0	-0	1506	0	-203	-0	-0	-0	-0	2109	0	-203	-0	-0	-0	-0	903	0	-403	-0	54.44	157.2	-3.73	229.11	0	-276.44	345.37	-0	-0	-0	300	0	200	-0
177	-0	-0	-0	1506	0	-203	-0	-0	-0	-0	2109	0	-203	-0	0	0	0	903	0	-403	0	43.03	127.06	-4	234.65	0	-278.01	324.21	-0	-0	-0	300	0	200	-0
178	-0	-0	-0	1506	0	-203	-0	-0	-0	-0	2109	0	-203	-0	-0	-0	-0	903	0	-403	-0	36.31	107.51	-4.14	235.6	0	-277.66	212.56	-0	-0	-0	300	0	200	-0
179	-0	-0	-0	1506	0	-203	-0	-0	-0	-0	2109	0	-203	-0	-0	-0	-0	903	0	-403	-0	30.75	92.85	-4.21	238.21	0	-275.78	111.98	-0	-0	-0	300	0	200	-0
180	-0	-0	-0	1506	0	-203	-0	-0	-0	-0	2109	0	-203	-0	-0	-0	-0	903	0	-403	-0	23.76	74.39	-4.62	239.93	0	-276.98	188.26	-0	-0	-0	300	0	200	-0
181	-0	-0	-0	1506	0	-203	-0	-0	-0	-0	2109	0	-203	-0	-0	-0	-0	903	0	-403	-0	17.65	58.1	-4.28	238.76	0	-279.2	91.27	-0	-0	-0	300	0	200	-0
182	-0	-0	-0	1506	0	-203	-0	-0	-0	-0	2109	0	-203	-0	-0	-0	-0	903	0	-403	-0	13.91	47.24	-3.19	241.9	0	-276.57	67.8	-0	-0	-0	300	0	200	-0
183	-0	-0	-0	1506	0	-203	-0	-0	-0	-0	2109	0	-203	-0	-0	-0	-0	903	0	-403	-0	9.5	33.67	-2.38	242.65	0	-274.28	30.95	-0	-0	-0	300	0	200	-0
184	-0	-0	-0	1506	0	-203	-0	-0	-0	-0	2109	0	-203	-0	-0	-0	-0	903	0	-403	-0	-0	-0	-0	300	0	-203	-0	-0	-0	-0	300	0	200	-0
185	-0	-0	-0	1506	0	-203	-0	-0	-0	-0	2109	0	-203	-0	-0	-0	-0	903	0	-403	-0	-0	-0	-0	300	0	-203	-0	-0	-0	-0	300	0	200	-0
186	-0	-0	-0	1506	0	-203	-0	-0	-0	-0	2109	0	-203	-0	-0	-0	-0	903	0	-403	-0	-0	-0	-0	300	0	-203	-0	-0	-0	-0	300	0	200	-0
187	-0	-0	-0	1506	0	-203	-0	-0	-0	-0	2109	0	-203	-0	-0	-0	-0	903	0	-403	-0	-0	-0	-0	300	0	-203	-0	-0	-0	-0	300	0	200	-0
188	-0	-0	-0	1506	0	-203	-0	-0	-0	-0	2109	0	-203	-0	0	0	0	903	0	-403	0	-0	-0	-0	300	0	-203	-0	-0	-0	-0	300	0	200	-0
189	-0	-0	-0	1506	0	-203	-0	-0	-0	-0	2109	0	-203	-0	-0	-0	-0	903	0	-403	-0	-0	-0	-0	300	0	-203	-0	-0	-0	-0	300	0	200	-0
190	-0	-0	-0	1506	0	-203	-0	-0	-0	-0	2109	0	-203	-0	0	0	0	903	0	-403	0	-0	-0	-0	300	0	-203	-0	-0	-0	-0	300	0	200	-0
191	-0	-0	-0	1506	0	-203	-0	-0	-0	-0	2109	0	-203	-0	-0	-0	-0	903	0	-403	-0	-0	-0	-0	300	0	-203	-0	-0	-0	-0	300	0	200	-0
192	-0	-0	-0	1506	0	-203	-0	-0	-0	-0	2109	0	-203	-0	-0	-0	-0	903	0	-403	-0	-0	-0	-0	300	0	-203	-0	-0	-0	-0	300	0	200	-0
193	-0	-0	-0	1506	0	-203	-0	-0	-0	-0	2109	0	-203	-0	-0	-0	-0	903	0	-403	-0	-0	-0	-0	300	0	-203	-0	-0	-0	-0	300	0	200	-0
194	-0	-0	-0	1506	0	-203	-0	-0	-0	-0	2109	0	-203	-0	0	0	0	903	0	-403	0	-0	-0	-0	300	0	-203	-0	-0	-0	-0	300	0	200	-0
195	-0	-0	-0	1506	0	-203	-0	-0	-0	-0	2109	0	-203	-0	-0	-0	-0	903	0	-403	-0	-0	-0	-0	300	0	-203	-0	-0	-0	-0	300	0	200	-0
196	-0	-0	-0	1506	0	-203	-0	-0	-0	-0	2109	0	-203	-0	-0	-0	-0	903	0	-403	-0	-0	-0	-0	300	0	-203	-0	-0	-0	-0	300	0	200	-0
197	-0	-0	-0	1506	0	-203	-0	-0	-0	-0	2109	0	-203	-0	-0	-0	-0	903	0	-403	-0	-0	-0	-0	300	0	-203	-0	-0	-0	-0	300	0	200	-0
198	-0	-0	-0	1506	0	-203	-0	-0	-0	-0	2109	0	-203	-0	-0	-0	-0	903	0	-403	-0	-0	-0	-0	300	0	-203	-0	-0	-0	-0	300	0	200	-0
199	-0	-0	-0	1506	0	-203	-0	-0	-0	-0	2109	0	-203	-0	-0	-0	-0	903	0	-403	-0	-0	-0	-0	300	0	-203	-0	-0	-0	-0	300	0	200	-0
200	-0	-0	-0	1506	0	-203	-0	-0	-0	-0	2109	0	-203	-0	-0	-0	-0	903	0	-403	-0	-0	-0	-0	300	0	-203	-0	-0	-0	-0	300	0	200	-0
201	-0	-0	-0	1506	0	-203	-0	-0	-0	-0	2109	0	-203	-0	-0	-0	-0	903	0	-403	-0	-0	-0	-0	300	0	-203	-0	-0	-0	-0	300	0	200	-0
202	-0	-0	-0	1506	0	-203	-0	-0	-0	-0	2109	0	-203	-0	-0	-0	-0	903	0	-403	-0	-0	-0	-0	300	0	-203	-0	-0	-0	-0	300	0	200	-0
203	-0	-0	-0	1506	0	-203	-0	-0	-0	-0	2109	0	-203	-0	-0	-0	-0	903	0	-403	-0	-0	-0	-0	300	0	-203	-0	-0	-0	-0	300	0	200	-0
204	-0	-0	-0	1506	0	-203	-0	-0	-0	-0	2109	0	-203	-0	-0	-0	-0	903	0	-403	-0	-0	-0	-0	300	0	-203	-0	-0	-0	-0	300	0	200	-0
205	-0	-0	-0	1506	0	-203	-0	-0	-0	-0	2109	0	-203	-0	-0	-0	-0	903	0	-403	-0	-0	-0	-0	300	0	-203	-0	-0	-0	-0	300	0	200	-0
206	-0	-0	-0	1506	0	-203	-0	-0	-0	-0	2109	0	-203	-0	-0	-0	-0	903	0	-403	-0	-0	-0	-0	300	0	-203	-0	-0	-0	-0	300	0	200	-0
207	-0	-0	-0	1506	0	-203	-0	-0	-0	-0	2109	0	-203	-0	-0	-0	-0	903	0	-403	-0	0	0	0	300	0	-203	0	-0	-0	-0	300	0	200	-0
208	-0	-0	-0	1506	0	-203	-0	-0	-0	-0	2109	0	-203	-0	-0	-0	-0	903	0	-403	-0	-0	-0	-0	300	0	-203	-0	-0	-0	-0	300	0	200	-0
209	-0	-0	-0	1506	0	-203	-0	-0	-0	-0	2109	0	-203	-0	-0	-0	-0	903	0	-403	-0	-0	-0	-0	300	0	-203	-0	-0	-0	-0	300	0	200	-0
210	-0	-0	-0	1506	0	-203	-0	-0	-0	-0	2109	0	-203	-0	-0	-0	-0	903	0	-403	-0	0	0	0	300	0	-203	0	-0	-0	-0	300	0	200	-0
211	-0	-0	-0	1506	0	-203	-0	-0	-0	-0	2109	0	-203	-0	-0	-0	-0	903	0	-403	-0	-0	-0	-0	300	0	-203	-0	-0	-0	-0	300	0	200	-0
212	-0	-0	-0	1506	0	-203	-0	-0	-0	-0	2109	0	-203	-0	-0	-0	-0	903	0	-403	-0	-0	-0	-0	300	0	-203	-0	-0	-0	-0	300	0	200	-0
213	-0	-0	-0	1506	0	-203	-0	-0	-0	-0	2109	0	-203	-0	-0	-0	-0	903	0	-403	-0	-0	-0	-0	300	0	-203	-0	-0	-0	-0	300	0	200	-0
214	-0	-0	-0	1506	0	-203	-0	-0	-0	-0	2109	0	-203	-0	-0	-0	-0	903	0	-403	-0	-0	-0	-0	300	0	-203	-0	-0	-0	-0	300	0	200	-0
215	-0	-0	-0	1506	0	-203	-0	-0	-0	-0	2109	0	-203	-0	-0	-0	-0	903	0	-403	-0	-0	-0	-0	300	0	-203	-0	-0	-0	-0	300	0	200	-0
216	-0	-0	-0	1506	0	-203	-0	-0	-0	-0	2109	0	-203	-0	-0	-0	-0	903	0	-403	-0	-0	-0	-0	300	0	-203	-0	-0	-0	-0	300	0	200	-0
217	-0	-0	-0	1506	0	-203	-0	-0	-0	-0	2109	0	-203	-0	-0	-0	-0	903	0	-403	-0	-0	-0	-0	300	0	-203	-0	-0	-0	-0	300	0	200	-0
218	-0	-0	-0	1506	0	-203	-0	-0	-0	-0	2109	0	-203	-0	0	0	0	903	0	-403	0	0	0	0	300	0	-203	0	-0	-0	-0	300	0	200	-0
219	-0	-0	-0	1506	0	-203	-0	-0	-0	-0	2109	0	-203	-0	-0	-0	-0	903	0	-403	-0	-0	-0	-0	300	0	-203	-0	-0	-0	-0	300	0	200	-0
220	-0	-0	-0	1506	0	-203	-0	-0	-0	-0	2109	0	-203	-0	0	0	0	903	0	-403	0	-0	-0	-0	300	0	-203	-0	-0	-0	-0	300	0	200	-0
221	-0	-0	-0	1506	0	-203	-0	-0	-0	-0	2109	0	-203	-0	-0	-0	-0	903	0	-403	-0	-0	-0	-0	300	0	-203	-0	-0	-0	-0	300	0	200	-0
222	-0	-0	-0	1506	0	-203	-0	-0	-0	-0	2109	0	-203	-0	-0	-0	-0	903	0	-403	-0	-0	-0	-0	300	0	-203	-0	-0	-0	-0	300	0	200	-0
223	-0	-0	-0	1506	0	-203	-0	-0	-0	-0	2109	0	-203	-0	-0	-0	-0	903	0	-403	-0	0	0	0	300	0	-203	0	-0	-0	-0	300	0	200	-0
224	-0	-0	-0	1506	0	-203	-0	-0	-0	-0	2109	0	-203	-0	-0	-0	-0	903	0	-403	-0	-0	-0	-0	300	0	-203	-0	-0	-0	-0	300	0	200	-0
225	-0	-0	-0	1506	0	-203	-0	-0	-0	-0	2109	0	-203	-0	-0	-0	-0	903	0	-403	-0	-0	-0	-0	300	0	-203	-0	-0	-0	-0	300	0	200	-0
226	-0	-0	-0	1506	0	-203	-0	-0	-0	-0	2109	0	-203	-0	-0	-0	-0	903	0	-403	-0	-0	-0	-0	300	0	-203	-0	-0	-0	-0	300	0	200	-0
227	-0	-0	-0	1506	0	-203	-0	-0	-0	-0	2109	0	-203	-0	0	0	0	903	0	-403	0	-0	-0	-0	300	0	-203	-0	-0	-0	-0	300	0	200	-0
228	-0	-0	-0	1506	0	-203	-0	-0	-0	-0	2109	0	-203	-0	-0	-0	-0	903	0	-403	-0	-0	-0	-0	300	0	-203	-0	-0	-0	-0	300	0	200	-0
229	-0	-0	-0	1506	0	-203	-0	-0	-0	-0	2109	0	-203	-0	-0	-0	-0	903	0	-403	-0	-0	-0	-0	300	0	-203	-0	-0	-0	-0	300	0	200	-0
230	-0	-0	-0	1506	0	-203	-0	-0	-0	-0	2109	0	-203	-0	-0	-0	-0	903	0	-403	-0	-0	-0	-0	300	0	-203	-0	-0	-0	-0	300	0	200	-0
231	-0	-0	-0	1506	0	-203	-0	-0	-0	-0	2109	0	-203	-0	-0	-0	-0	903	0	-403	-0	-0	-0	-0	300	0	-203	-0	-0	-0	-0	300	0	200	-0
232	-0	-0	-0	1506	0	-203	-0	-0	-0	-0	2109	0	-203	-0	-0	-0	-0	903	0	-403	-0	-0	-0	-0	300	0	-203	-0	-0	-0	-0	300	0	200	-0
233	-0	-0	-0	1506	0	-203	-0	-0	-0	-0	2109	0	-203	-0	0	0	0	903	0	-403	0	-0	-0	-0	300	0	-203	-0	-0	-0	-0	300	0	200	-0
234	-0	-0	-0	1506	0	-203	-0	-0	-0	-0	2109	0	-203	-0	-0	-0	-0	903	0	-403	-0	-0	-0	-0	300	0	-203	-0	-0	-0	-0	300	0	200	-0
235	-0	-0	-0	1506	0	-203	-0	-0	-0	-0	2109	0	-203	-0	-0	-0	-0	903	0	-403	-0	-0	-0	-0	300	0	-203	-0	-0	-0	-0	300	0	200	-0
236	-0	-0	-0	1506	0	-203	-0	-0	-0	-0	2109	0	-203	-0	-0	-0	-0	903	0	-403	-0	-0	-0	-0	300	0	-203	-0	-0	-0	-0	300	0	200	-0
237	-0	-0	-0	1506	0	-203	-0	-0	-0	-0	2109	0	-203	-0	-0	-0	-0	903	0	-403	-0	-0	-0	-0	300	0	-203	-0	-0	-0	-0	300	0	200	-0
238	-0	-0	-0	1506	0	-203	-0	-0	-0	-0	2109	0	-203	-0	-0	-0	-0	903	0	-403	-0	-0	-0	-0	300	0	-203	-0	-0	-0	-0	300	0	200	-0
239	-0	-0	-0	1506	0	-203	-0	-0	-0	-0	2109	0	-203	-0	-0	-0	-0	903	0	-403	-0	-0	-0	-0	300	0	-203	-0	-0	-0	-0	300	0	200	-0
240	-0	-0	-0	1506	0	-203	-0	-0	-0	-0	2109	0	-203	-0	-0	-0	-0	903	0	-403	-0	-0	-0	-0	300	0	-203	-0	-0	-0	-0	300	0	200	-0
241	-0	-0	-0	1506	0	-203	-0	-0	-0	-0	2109	0	-203	-0	-0	-0	-0	903	0	-403	-0	-0	-0	-0	300	0	-203	-0	-0	-0	-0	300	0	200	-0
242	-0	-0	-0	1506	0	-203	-0	-0	-0	-0	2109	0	-203	-0	-0	-0	-0	903	0	-403	-0	-0	-0	-0	300	0	-203	-0	-0	-0	-0	300	0	200	-0
243	-0	-0	-0	1506	0	-203	-0	-0	-0	-0	2109	0	-203	-0	-0	-0	-0	903	0	-403	-0	-0	-0	-0	300	0	-203	-0	-0	-0	-0	300	0	200	-0
244	-0	-0	-0	1506	0	-203	-0	-0	-0	-0	2109	0	-203	-0	-0	-0	-0	903	0	-403	-0	-0	-0	-0	300	0	-203	-0	-0	-0	-0	300	0	200	-0
245	-0	-0	-0	1506	0	-203	-0	-0	-0	-0	2109	0	-203	-0	-0	-0	-0	903	0	-403	-0	0	0	0	300	0	-203	0	-0	-0	-0	300	0	200	-0
246	-0	-0	-0	1506	0	-203	-0	-0	-0	-0	2109	0	-203	-0	-0	-0	-0	903	0	-403	-0	-0	-0	-0	300	0	-203	-0	-0	-0	-0	300	0	200	-0
247	-0	-0	-0	1506	0	-203	-0	-0	-0	-0	2109	0	-203	-0	-0	-0	-0	903	0	-403	-0	-0	-0	-0	300	0	-203	-0	-0	-0	-0	300	0	200	-0
248	-0	-0	-0	1506	0	-203	-0	-0	-0	-0	2109	0	-203	-0	-0	-0	-0	903	0	-403	-0	-0	-0	-0	300	0	-203	-0	-0	-0	-0	300	0	200	-0
249	-0	-0	-0	1506	0	-203	-0	-0	-0	-0	2109	0	-203	-0	-0	-0	-0	903	0	-403	-0	-0	-0	-0	300	0	-203	-0	-0	-0	-0	300	0	200	-0
250	-0	-0	-0	1506	0	-203	-0	-0	-0	-0	2109	0	-203	-0	-0	-0	-0	903	0	-403	-0	0	0	0	300	0	-203	0	-0	-0	-0	300	0	200	-0
251	-0	-0	-0	1506	0	-203	-0	-0	-0	-0	2109	0	-203	-0	-0	-0	-0	903	0	-403	-0	0	0	0	300	0	-203	0	-0	-0	-0	300	0	200	-0
252	-0	-0	-0	1506	0	-203	-0	-0	-0	-0	2109	0	-203	-0	-0	-0	-0	903	0	-403	-0	0	0	0	300	0	-203	0	-0	-0	-0	300	0	200	-0
253	-0	-0	-0	1506	0	-203	-0	-0	-0	-0	2109	0	-203	-0	-0	-0	-0	903	0	-403	-0	-0	-0	-0	300	0	-203	-0	-0	-0	-0	300	0	200	-0
254	-0	-0	-0	1506	0	-203	-0	-0	-0	-0	2109	0	-203	-0	-0	-0	-0	903	0	-403	-0	0	0	0	300	0	-203	0	-0	-0	-0	300	0	200	-0
255	-0	-0	-0	1506	0	-203	-0	-0	-0	-0	2109	0	-203	-0	-0	-0	-0	903	0	-403	-0	0	0	0	300	0	-203	0	-0	-0	-0	300	0	200	-0
256	-0	-0	-0	1506	0	-203	-0	-0	-0	-0	2109	0	-203	-0	-0	-0	-0	903	0	-403	-0	-0	-0	-0	300	0	-203	-0	-0	-0	-0	300	0	200	-0
257	-0	-0	-0	1506	0	-203	-0	-0	-0	-0	2109	0	-203	-0	-0	-0	-0	903	0	-403	-0	0	0	0	300	0	-203	0	-0	-0	-0	300	0	200	-0
258	-0	-0	-0	1506	0	-203	-0	-0	-0	-0	2109	0	-203	-0	0	0	0	903	0	-403	0	-0	-0	-0	300	0	-203	-0	-0	-0	-0	300	0	200	-0
259	-0	-0	-0	1506	0	-203	-0	-0	-0	-0	2109	0	-203	-0	-0	-0	-0	903	0	-403	-0	-0	-0	-0	300	0	-203	-0	-0	-0	-0	300	0	200	-0
260	-0	-0	-0	1506	0	-203	-0	-0	-0	-0	2109	0	-203	-0	-0	-0	-0	903	0	-403	-0	-0	-0	-0	300	0	-203	-0	-0	-0	-0	300	0	200	-0
261	-0	-0	-0	1506	0	-203	-0	-0	-0	-0	2109	0	-203	-0	-0	-0	-0	903	0	-403	-0	0	0	0	300	0	-203	0	-0	-0	-0	300	0	200	-0
262	-0	-0	-0	1506	0	-203	-0	-0	-0	-0	2109	0	-203	-0	-0	-0	-0	903	0	-403	-0	-0	-0	-0	300	0	-203	-0	-0	-0	-0	300	0	200	-0
263	-0	-0	-0	1506	0	-203	-0	-0	-0	-0	2109	0	-203	-0	-0	-0	-0	903	0	-403	-0	0	0	0	300	0	-203	0	-0	-0	-0	300	0	200	-0
264	-0	-0	-0	1506	0	-203	-0	-0	-0	-0	2109	0	-203	-0	-0	-0	-0	903	0	-403	-0	-0	-0	-0	300	0	-203	-0	-0	-0	-0	300	0	200	-0
265	-0	-0	-0	1506	0	-203	-0	-0	-0	-0	2109	0	-203	-0	-0	-0	-0	903	0	-403	-0	-0	-0	-0	300	0	-203	-0	-0	-0	-0	300	0	200	-0
266	-0	-0	-0	1506	0	-203	-0	-0	-0	-0	2109	0	-203	-0	-0	-0	-0	903	0	-403	-0	0	0	0	300	0	-203	0	-0	-0	-0	300	0	200	-0
267	-0	-0	-0	1506	0	-203	-0	-0	-0	-0	2109	0	-203	-0	-0	-0	-0	903	0	-403	-0	-0	-0	-0	300	0	-203	-0	-0	-0	-0	300	0	200	-0
268	-0	-0	-0	1506	0	-203	-0	-0	-0	-0	2109	0	-203	-0	-0	-0	-0	903	0	-403	-0	-0	-0	-0	300	0	-203	-0	-0	-0	-0	300	0	200	-0
269	-0	-0	-0	1506	0	-203	-0	-0	-0	-0	2109	0	-203	-0	-0	-0	-0	903	0	-403	-0	-0	-0	-0	300	0	-203	-0	-0	-0	-0	300	0	200	-0
270	-0	-0	-0	1506	0	-203	-0	-0	-0	-0	2109	0	-203	-0	-0	-0	-0	903	0	-403	-0	-0	-0	-0	300	0	-203	-0	-0	-0	-0	300	0	200	-0
271	-0	-0	-0	1506	0	-203	-0	-0	-0	-0	2109	0	-203	-0	-0	-0	-0	903	0	-403	-0	-0	-0	-0	300	0	-203	-0	-0	-0	-0	300	0	200	-0
272	-0	-0	-0	1506	0	-203	-0	-0	-0	-0	2109	0	-203	-0	-0	-0	-0	903	0	-403	-0	-0	-0	-0	300	0	-203	-0	-0	-0	-0	300	0	200	-0
273	-0	-0	-0	1506	0	-203	-0	-0	-0	-0	2109	0	-203	-0	-0	-0	-0	903	0	-403	-0	-0	-0	-0	300	0	-203	-0	-0	-0	-0	300	0	200	-0
274	-0	-0	-0	1506	0	-203	-0	-0	-0	-0	2109	0	-203	-0	-0	-0	-0	903	0	-403	-0	-0	-0	-0	300	0	-203	-0	-0	-0	-0	300	0	200	-0
275	-0	-0	-0	1506	0	-203	-0	-0	-0	-0	2109	0	-203	-0	-0	-0	-0	903	0	-403	-0	-0	-0	-0	300	0	-203	-0	-0	-0	-0	300	0	200	-0
276	-0	-0	-0	1506	0	-203	-0	-0	-0	-0	2109	0	-203	-0	-0	-0	-0	903	0	-403	-0	-0	-0	-0	300	0	-203	-0	-0	-0	-0	300	0	200	-0
277	-0	-0	-0	1506	0	-203	-0	-0	-0	-0	2109	0	-203	-0	-0	-0	-0	903	0	-403	-0	-0	-0	-0	300	0	-203	-0	-0	-0	-0	300	0	200	-0
278	-0	-0	-0	1506	0	-203	-0	-0	-0	-0	2109	0	-203	-0	-0	-0	-0	903	0	-403	-0	0	0	0	300	0	-203	0	-0	-0	-0	300	0	200	-0
279	-0	-0	-0	1506	0	-203	-0	-0	-0	-0	2109	0	-203	-0	0	0	0	903	0	-403	0	-0	-0	-0	300	0	-203	-0	-0	-0	-0	300	0	200	-0
280	-0	-0	-0	1506	0	-203	-0	-0	-0	-0	2109	0	-203	-0	-0	-0	-0	903	0	-403	-0	-0	-0	-0	300	0	-203	-0	-0	-0	-0	300	0	200	-0
281	-0	-0	-0	1506	0	-203	-0	-0	-0	-0	2109	0	-203	-0	0	0	0	903	0	-403	0	0	0	0	300	0	-203	0	-0	-0	-0	300	0	200	-0
282	-0	-0	-0	1506	0	-203	-0	-0	-0	-0	2109	0	-203	-0	-0	-0	-0	903	0	-403	-0	0	0	0	300	0	-203	0	-0	-0	-0	300	0	200	-0
283	-0	-0	-0	1506	0	-203	-0	-0	-0	-0	2109	0	-203	-0	-0	-0	-0	903	0	-403	-0	-0	-0	-0	300	0	-203	-0	-0	-0	-0	300	0	200	-0
284	-0	-0	-0	1506	0	-203	-0	-0	-0	-0	2109	0	-203	-0	-0	-0	-0	903	0	-403	-0	-0	-0	-0	300	0	-203	-0	-0	-0	-0	300	0	200	-0
285	-0	-0	-0	1506	0	-203	-0	-0	-0	-0	2109	0	-203	-0	-0	-0	-0	903	0	-403	-0	-0	-0	-0	300	0	-203	-0	-0	-0	-0	300	0	200	-0
286	-0	-0	-0	1506	0	-203	-0	-0	-0	-0	2109	0	-203	-0	-0	-0	-0	903	0	-403	-0	-0	-0	-0	300	0	-203	-0	-0	-0	-0	300	0	200	-0
287	-0	-0	-0	1506	0	-203	-0	-0	-0	-0	2109	0	-203	-0	-0	-0	-0	903	0	-403	-0	-0	-0	-0	300	0	-203	-0	-0	-0	-0	300	0	200	-0
288	-0	-0	-0	1506	0	-203	-0	-0	-0	-0	2109	0	-203	-0	-0	-0	-0	903	0	-403	-0	-0	-0	-0	300	0	-203	-0	-0	-0	-0	300	0	200	-0
289	-0	-0	-0	1506	0	-203	-0	-0	-0	-0	2109	0	-203	-0	-0	-0	-0	903	0	-403	-0	-0	-0	-0	300	0	-203	-0	-0	-0	-0	300	0	200	-0
290	-0	-0	-0	1506	0	-203	-0	-0	-0	-0	2109	0	-203	-0	-0	-0	-0	903	0	-403	-0	-0	-0	-0	300	0	-203	-0	-0	-0	-0	300	0	200	-0
291	-0	-0	-0	1506	0	-203	-0	-0	-0	-0	2109	0	-203	-0	-0	-0	-0	903	0	-403	-0	0	0	0	300	0	-203	0	-0	-0	-0	300	0	200	-0
292	-0	-0	-0	1506	0	-203	-0	-0	-0	-0	2109	0	-203	-0	-0	-0	-0	903	0	-403	-0	-0	-0	-0	300	0	-203	-0	-0	-0	-0	300	0	200	-0
293	-0	-0	-0	1506	0	-203	-0	-0	-0	-0	2109	0	-203	-0	-0	-0	-0	903	0	-403	-0	-0	-0	-0	300	0	-203	-0	-0	-0	-0	300	0	200	-0
294	-0	-0	-0	1506	0	-203	-0	-0	-0	-0	2109	0	-203	-0	-0	-0	-0	903	0	-403	-0	-0	-0	-0	300	0	-203	-0	-0	-0	-0	300	0	200	-0
295	-0	-0	-0	1506	0	-203	-0	-0	-0	-0	2109	0	-203	-0	-0	-0	-0	903	0	-403	-0	0	0	0	300	0	-203	0	-0	-0	-0	300	0	200	-0
296	-0	-0	-0	1506	0	-203	-0	-0	-0	-0	2109	0	-203	-0	-0	-0	-0	903	0	-403	-0	-0	-0	-0	300	0	-203	-0	-0	-0	-0	300	0	200	-0
297	-0	-0	-0	1506	0	-203	-0	-0	-0	-0	2109	0	-203	-0	-0	-0	-0	903	0	-403	-0	-0	-0	-0	300	0	-203	-0	-0	-0	-0	300	0	200	-0
298	-0	-0	-0	1506	0	-203	-0	-0	-0	-0	2109	0	-203	-0	-0	-0	-0	903	0	-403	-0	-0	-0	-0	300	0	-203	-0	-0	-0	-0	300	0	200	-0
299	-0	-0	-0	1506	0	-203	-0	-0	-0	-0	2109	0	-203	-0	-0	-0	-0	903	0	-403	-0	-0	-0	-0	300	0	-203	-0	-0	-0	-0	300	0	200	-0
300	-0	-0	-0	1506	0	-203	-0	-0	-0	-0	2109	0	-203	-0	-0	-0	-0	903	0	-403	-0	-0	-0	-0	300	0	-203	-0	-0	-0	-0	300	0	200	-0
301	-5.96	132.89	7.05	1484.9	0	-211.65	1843.27	-0	-0	-0	2109	0	-203	-0	-0	-0	-0	903	0	-403	-0	-0	-0	-0	300	0	-203	-0	-0	-0	-0	300	0	200	-0
302	-22.85	522.77	-9.48	1487.24	0	-210.78	1474.2	-0	-0	-0	2109	0	-203	-0	-0	-0	-0	903	0	-403	-0	-0	-0	-0	300	0	-203	-0	-0	-0	-0	300	0	200	-0
303	-21.72	615.26	-50.47	1488.6	0	-208.33	1891.05	-0	-0	-0	2109	0	-203	-0	-0	-0	-0	903	0	-403	-0	-0	-0	-0	300	0	-203	-0	-0	-0	-0	300	0	200	-0
304	-39.72	539.73	-65.98	1491.67	0	-206.5	1889.9	-0	-0	-0	2109	0	-203	-0	-0	-0	-0	903	0	-403	-0	-0	-0	-0	300	0	-203	-0	-0	-0	-0	300	0	200	-0
305	-51.13	498.99	-66.14	1494.94	0	-205.15	2089.94	-0	-0	-0	2109	0	-203	-0	-0	-0	-0	903	0	-403	-0	-0	-0	-0	300	0	-203	-0	-0	-0	-0	300	0	200	-0
306	-65.27	510.58	-63.39	1495.7	0	-205.95	2028.82	-0	-0	-0	2109	0	-203	-0	-0	-0	-0	903	0	-403	-0	-0	-0	-0	300	0	-203	-0	-0	-0	-0	300	0	200	-0
307	-80.38	534.05	-54.82	1500.77	0	-207.93	1745.59	-0	-0	-0	2109	0	-203	-0	-0	-0	-0	903	0	-403	-0	-0	-0	-0	300	0	-203	-0	-0	-0	-0	300	0	200	-0
308	-101.43	544.07	-44.96	1502	0	-207.79	1751.91	-0	-0	-0	2109	0	-203	-0	-0	-0	-0	903	0	-403	-0	-0	-0	-0	300	0	-203	-0	-0	-0	-0	300	0	200	-0
309	-116.54	545.3	-36.55	1506.65	0	-209.66	2067.37	-0	-0	-0	2109	0	-203	-0	-0	-0	-0	903	0	-403	-0	0	0	0	300	0	-203	0	-0	-0	-0	300	0	200	-0
310	-120.88	539.64	-29.29	1506.04	0	-210.62	1257.18	-0	-0	-0	2109	0	-203	-0	-0	-0	-0	903	0	-403	-0	-0	-0	-0	300	0	-203	-0	-0	-0	-0	300	0	200	-0
311	-114.61	556.22	-21.72	1512.55	0	-212.77	498.95	-0	-0	-0	2109	0	-203	-0	0	0	0	903	0	-403	0	-0	-0	-0	300	0	-203	-0	-0	-0	-0	300	0	200	-0
312	-106.25	628.23	-0.46	1522.78	0	-217.55	-1371.62	-0	-0	-0	2109	0	-203	-0	-0	-0	-0	903	0	-403	-0	-0	-0	-0	300	0	-203	-0	-0	-0	-0	300	0	200	-0
313	-112.52	720.33	12.46	1525.24	0	-217.73	-943.12	-0	-0	-0	2109	0	-203	-0	-0	-0	-0	903	0	-403	-0	-0	-0	-0	300	0	-203	-0	-0	-0	-0	300	0	200	-0
314	-137.59	732.53	6.5	1527.3	0	-218.95	-1311.64	-0	-0	-0	2109	0	-203	-0	-0	-0	-0	903	0	-403	-0	-0	-0	-0	300	0	-203	-0	-0	-0	-0	300	0	200	-0
315	-156.88	710.59	1.03	1531.24	0	-218.44	-691.03	-0	-0	-0	2109	0	-203	-0	-0	-0	-0	903	0	-403	-0	-0	-0	-0	300	0	-203	-0	-0	-0	-0	300	0	200	-0
316	-161.22	686.14	1.53	1534.59	0	-218.63	-499.98	-0	-0	-0	2109	0	-203	-0	0	0	0	903	0	-403	0	-0	-0	-0	300	0	-203	-0	-0	-0	-0	300	0	200	-0
317	-160.41	687.38	-0.88	1537.69	0	-218.77	99.01	-0	-0	-0	2109	0	-203	-0	-0	-0	-0	903	0	-403	-0	-0	-0	-0	300	0	-203	-0	-0	-0	-0	300	0	200	-0
318	-160.09	690.19	-3.47	1542.58	0	-219.59	114.88	-0	-0	-0	2109	0	-203	-0	-0	-0	-0	903	0	-403	-0	-0	-0	-0	300	0	-203	-0	-0	-0	-0	300	0	200	-0
319	-162.66	710.86	-3.79	1541.86	0	-219.97	206.12	-0	-0	-0	2109	0	-203	-0	-0	-0	-0	903	0	-403	-0	-0	-0	-0	300	0	-203	-0	-0	-0	-0	300	0	200	-0
320	-165.39	733.72	-1.21	1544.23	0	-220.35	467.15	-0	-0	-0	2109	0	-203	-0	-0	-0	-0	903	0	-403	-0	-0	-0	-0	300	0	-203	-0	-0	-0	-0	300	0	200	-0
321	-167.64	746.25	1.19	1543.95	0	-220.71	-602.51	-0	-0	-0	2109	0	-203	-0	-0	-0	-0	903	0	-403	-0	0	0	0	300	0	-203	0	-0	-0	-0	300	0	200	-0
322	-165.07	763.16	2.8	1544.91	0	-221.09	-698.23	-0	-0	-0	2109	0	-203	-0	-0	-0	-0	903	0	-403	-0	0	0	0	300	0	-203	0	-0	-0	-0	300	0	200	-0
323	-159.44	779.76	6.65	1544.34	0	-221.67	-1318.74	-0	-0	-0	2109	0	-203	-0	-0	-0	-0	903	0	-403	-0	-0	-0	-0	300	0	-203	-0	-0	-0	-0	300	0	200	-0
324	-156.23	799.18	8.11	1546.26	0	-221.41	-777.61	-0	-0	-0	2109	0	-203	-0	-0	-0	-0	903	0	-403	-0	-0	-0	-0	300	0	-203	-0	-0	-0	-0	300	0	200	-0
325	-151.41	815.79	9.08	1544.57	0	-221.58	-894.14	-0	-0	-0	2109	0	-203	-0	-0	-0	-0	903	0	-403	-0	0	0	0	300	0	-203	0	-0	-0	-0	300	0	200	-0
326	-147.39	827.38	5.86	1546.15	0	-221	16.88	-0	-0	-0	2109	0	-203	-0	-0	-0	-0	903	0	-403	-0	-0	-0	-0	300	0	-203	-0	-0	-0	-0	300	0	200	-0
327	-139.68	835.21	3.27	1545.54	0	-221.38	-521.75	-0	-0	-0	2109	0	-203	-0	-0	-0	-0	903	0	-403	-0	0	0	0	300	0	-203	0	-0	-0	-0	300	0	200	-0
328	-135.82	845.56	-1.91	1545.2	0	-220.87	-695.36	-0	-0	-0	2109	0	-203	-0	-0	-0	-0	903	0	-403	-0	-0	-0	-0	300	0	-203	-0	-0	-0	-0	300	0	200	-0
329	-130.35	846.5	-3.52	1546.13	0	-221.25	-560.16	-0	-0	-0	2109	0	-203	-0	-0	-0	-0	903	0	-403	-0	-0	-0	-0	300	0	-203	-0	-0	-0	-0	300	0	200	-0
330	-126.01	854.65	-4.98	1545.99	0	-220.19	-794.24	-0	-0	-0	2109	0	-203	-0	-0	-0	-0	903	0	-403	-0	-0	-0	-0	300	0	-203	-0	-0	-0	-0	300	0	200	-0
331	-119.75	853.08	-1.92	1545.76	0	-221.07	-948.45	-0	-0	-0	2109	0	-203	-0	-0	-0	-0	903	0	-403	-0	-0	-0	-0	300	0	-203	-0	-0	-0	-0	300	0	200	-0
332	-114.44	850.26	-2.42	1546.56	0	-221.11	-1537.31	-0	-0	-0	2109	0	-203	-0	-0	-0	-0	903	0	-403	-0	-0	-0	-0	300	0	-203	-0	-0	-0	-0	300	0	200	-0
333	-108.66	846.79	-1.92	1547.86	0	-222.44	-740.13	-0	-0	-0	2109	0	-203	-0	-0	-0	-0	903	0	-403	-0	-0	-0	-0	300	0	-203	-0	-0	-0	-0	300	0	200	-0
334	-108.5	840.21	0.49	1549.17	0	-222.33	-1059	-0	-0	-0	2109	0	-203	-0	-0	-0	-0	903	0	-403	-0	0	0	0	300	0	-203	0	-0	-0	-0	300	0	200	-0
335	-102.71	838.64	-0.63	1550.11	0	-222.65	-881.68	-0	-0	-0	2109	0	-203	-0	-0	-0	-0	903	0	-403	-0	-0	-0	-0	300	0	-203	-0	-0	-0	-0	300	0	200	-0
336	-102.39	835.82	1.78	1549.9	0	-222.8	-906.05	-0	-0	-0	2109	0	-203	-0	-0	-0	-0	903	0	-403	-0	-0	-0	-0	300	0	-203	-0	-0	-0	-0	300	0	200	-0
337	-97.73	826.41	-0.32	1552.95	0	-222.97	-1053.81	-0	-0	-0	2109	0	-203	-0	-0	-0	-0	903	0	-403	-0	0	0	0	300	0	-203	0	-0	-0	-0	300	0	200	-0
338	-93.71	821.39	0.15	1553.16	0	-223.43	-1175.21	-0	-0	-0	2109	0	-203	-0	-0	-0	-0	903	0	-403	-0	-0	-0	-0	300	0	-203	-0	-0	-0	-0	300	0	200	-0
339	-90.82	811.05	1.29	1555.56	0	-223.58	-974.96	-0	-0	-0	2109	0	-203	-0	-0	-0	-0	903	0	-403	-0	-0	-0	-0	300	0	-203	-0	-0	-0	-0	300	0	200	-0
340	-84.39	799.12	1.44	1556.69	0	-225.1	-1304.03	-0	-0	-0	2109	0	-203	-0	-0	-0	-0	903	0	-403	-0	-0	-0	-0	300	0	-203	-0	-0	-0	-0	300	0	200	-0
341	-82.78	790.35	3.06	1558.62	0	-225.06	-659.44	-0	-0	-0	2109	0	-203	-0	-0	-0	-0	903	0	-403	-0	-0	-0	-0	300	0	-203	-0	-0	-0	-0	300	0	200	-0
342	-77	781.57	4.5	1559.73	0	-225.42	-1088.77	-0	-0	-0	2109	0	-203	-0	-0	-0	-0	903	0	-403	-0	-0	-0	-0	300	0	-203	-0	-0	-0	-0	300	0	200	-0
343	-73.94	762.76	4.97	1561.41	0	-226.24	-1227.96	-0	-0	-0	2109	0	-203	-0	-0	-0	-0	903	0	-403	-0	-0	-0	-0	300	0	-203	-0	-0	-0	-0	300	0	200	-0
344	-70.73	758.98	5.3	1564.7	0	-227.52	-1310.42	-0	-0	-0	2109	0	-203	-0	-0	-0	-0	903	0	-403	-0	-0	-0	-0	300	0	-203	-0	-0	-0	-0	300	0	200	-0
345	-70.09	737.67	6.1	1565.93	0	-227.77	-1638.29	-0	-0	-0	2109	0	-203	-0	-0	-0	-0	903	0	-403	-0	-0	-0	-0	300	0	-203	-0	-0	-0	-0	300	0	200	-0
346	-69.77	731.4	7.4	1566.81	0	-228.11	-1219	-0	-0	-0	2109	0	-203	-0	-0	-0	-0	903	0	-403	-0	-0	-0	-0	300	0	-203	-0	-0	-0	-0	300	0	200	-0
347	-67.52	714.78	6.73	1569.51	0	-229.63	-1998.33	-0	-0	-0	2109	0	-203	-0	-0	-0	-0	903	0	-403	-0	-0	-0	-0	300	0	-203	-0	-0	-0	-0	300	0	200	-0
348	-63.82	699.11	8.19	1572.99	0	-229.6	-1541.85	-0	-0	-0	2109	0	-203	-0	-0	-0	-0	903	0	-403	-0	-0	-0	-0	300	0	-203	-0	-0	-0	-0	300	0	200	-0
349	-61.09	684.37	9.63	1575.08	0	-231.22	-1941.35	-0	-0	-0	2109	0	-203	-0	-0	-0	-0	903	0	-403	-0	-0	-0	-0	300	0	-203	-0	-0	-0	-0	300	0	200	-0
350	-59.96	668.39	10.29	1576.73	0	-231.8	-1513.1	-0	-0	-0	2109	0	-203	-0	0	0	0	903	0	-403	0	-0	-0	-0	300	0	-203	-0	-0	-0	-0	300	0	200	-0
351	-55.79	651.15	10.12	1579	0	-232.06	-1595.69	-0	-0	-0	2109	0	-203	-0	-0	-0	-0	903	0	-403	-0	-0	-0	-0	300	0	-203	-0	-0	-0	-0	300	0	200	-0
352	-54.98	637.99	11.74	1581.16	0	-232.42	-1235.24	-0	-0	-0	2109	0	-203	-0	-0	-0	-0	903	0	-403	-0	-0	-0	-0	300	0	-203	-0	-0	-0	-0	300	0	200	-0
353	-51.61	621.06	13.01	1583.27	0	-233.86	-2148.18	-0	-0	-0	2109	0	-203	-0	-0	-0	-0	903	0	-403	-0	-0	-0	-0	300	0	-203	-0	-0	-0	-0	300	0	200	-0
354	-47.91	617.93	11.72	1584.36	0	-233.5	-2098.64	-0	-0	-0	2109	0	-203	-0	-0	-0	-0	903	0	-403	-0	-0	-0	-0	300	0	-203	-0	-0	-0	-0	300	0	200	-0
355	-44.06	604.76	11.08	1587.2	0	-235.59	-2002.86	-0	-0	-0	2109	0	-203	-0	-0	-0	-0	903	0	-403	-0	-0	-0	-0	300	0	-203	-0	-0	-0	-0	300	0	200	-0
356	-44.86	591.28	12.2	1590.16	0	-235.67	-2239.11	-0	-0	-0	2109	0	-203	-0	-0	-0	-0	903	0	-403	-0	-0	-0	-0	300	0	-203	-0	-0	-0	-0	300	0	200	-0
357	-39.88	582.82	11.56	1592.33	0	-236.4	-1882.8	-0	-0	-0	2109	0	-203	-0	-0	-0	-0	903	0	-403	-0	0	0	0	300	0	-203	0	-0	-0	-0	300	0	200	-0
358	-37.15	565.59	11.88	1593.32	0	-236.79	-1967.21	-0	-0	-0	2109	0	-203	-0	-0	-0	-0	903	0	-403	-0	-0	-0	-0	300	0	-203	-0	-0	-0	-0	300	0	200	-0
359	-33.61	551.17	9.94	1598.19	0	-237.44	-1914.84	-0	-0	-0	2109	0	-203	-0	-0	-0	-0	903	0	-403	-0	-0	-0	-0	300	0	-203	-0	-0	-0	-0	300	0	200	-0
360	-33.13	542.08	11.38	1597.81	0	-238.1	-2563.58	-0	-0	-0	2109	0	-203	-0	-0	-0	-0	903	0	-403	-0	-0	-0	-0	300	0	-203	-0	-0	-0	-0	300	0	200	-0
361	-29.11	533	10.1	1600.8	0	-238.04	-1948.43	-0	-0	-0	2109	0	-203	-0	-0	-0	-0	903	0	-403	-0	-0	-0	-0	300	0	-203	-0	-0	-0	-0	300	0	200	-0
362	-29.75	524.22	11.54	1601.61	0	-238.79	-2510.36	-0	-0	-0	2109	0	-203	-0	-0	-0	-0	903	0	-403	-0	-0	-0	-0	300	0	-203	-0	-0	-0	-0	300	0	200	-0
363	-27.02	518.57	8	1604.84	0	-239.36	-2260.57	-0	-0	-0	2109	0	-203	-0	-0	-0	-0	903	0	-403	-0	-0	-0	-0	300	0	-203	-0	-0	-0	-0	300	0	200	-0
364	-25.09	505.09	9.94	1607.54	0	-241.12	-1846.13	-0	-0	-0	2109	0	-203	-0	-0	-0	-0	903	0	-403	-0	-0	-0	-0	300	0	-203	-0	-0	-0	-0	300	0	200	-0
365	-25.74	496.64	7.66	1610.09	0	-240.55	-2482.82	-0	-0	-0	2109	0	-203	-0	-0	-0	-0	903	0	-403	-0	-0	-0	-0	300	0	-203	-0	-0	-0	-0	300	0	200	-0
366	-22.52	489.73	10.88	1611.36	0	-242.76	-2343.61	-0	-0	-0	2109	0	-203	-0	-0	-0	-0	903	0	-403	-0	-0	-0	-0	300	0	-203	-0	-0	-0	-0	300	0	200	-0
367	-22.68	483.47	8.63	1613.75	0	-241.95	-2402.61	-0	-0	-0	2109	0	-203	-0	-0	-0	-0	903	0	-403	-0	-0	-0	-0	300	0	-203	-0	-0	-0	-0	300	0	200	-0
368	-18.83	476.26	8.46	1615.12	0	-243.74	-2415.21	-0	-0	-0	2109	0	-203	-0	-0	-0	-0	903	0	-403	-0	0	0	0	300	0	-203	0	-0	-0	-0	300	0	200	-0
369	-19.15	473.13	5.72	1616.07	0	-243.01	-2717.48	-0	-0	-0	2109	0	-203	-0	-0	-0	-0	903	0	-403	-0	-0	-0	-0	300	0	-203	-0	-0	-0	-0	300	0	200	-0
370	-16.9	463.72	8.95	1618.27	0	-244.31	-2076.53	-0	-0	-0	2109	0	-203	-0	-0	-0	-0	903	0	-403	-0	-0	-0	-0	300	0	-203	-0	-0	-0	-0	300	0	200	-0
371	-17.06	460.59	9.27	1620.65	0	-244.07	-2286.3	-0	-0	-0	2109	0	-203	-0	-0	-0	-0	903	0	-403	-0	-0	-0	-0	300	0	-203	-0	-0	-0	-0	300	0	200	-0
372	-14.65	455.88	9.75	1624.43	0	-244.69	-1986.98	-0	-0	-0	2109	0	-203	-0	-0	-0	-0	903	0	-403	-0	0	0	0	300	0	-203	0	-0	-0	-0	300	0	200	-0
373	-14.17	451.49	11.21	1622.85	0	-246.27	-1794.13	-0	-0	-0	2109	0	-203	-0	-0	-0	-0	903	0	-403	-0	-0	-0	-0	300	0	-203	-0	-0	-0	-0	300	0	200	-0
374	-14.65	452.12	11.2	1625.41	0	-245.21	-1675.79	-0	-0	-0	2109	0	-203	-0	-0	-0	-0	903	0	-403	-0	-0	-0	-0	300	0	-203	-0	-0	-0	-0	300	0	200	-0
375	-12.88	448.67	12.65	1626.38	0	-246.31	-1814.37	-0	-0	-0	2109	0	-203	-0	-0	-0	-0	903	0	-403	-0	-0	-0	-0	300	0	-203	-0	-0	-0	-0	300	0	200	-0
376	-11.59	446.46	10.88	1632.3	0	-247.13	-1410.18	-0	-0	-0	2109	0	-203	-0	-0	-0	-0	903	0	-403	-0	-0	-0	-0	300	0	-203	-0	-0	-0	-0	300	0	200	-0
377	-12.88	443.65	12.33	1630	0	-247.34	-1785.05	-0	-0	-0	2109	0	-203	-0	-0	-0	-0	903	0	-403	-0	-0	-0	-0	300	0	-203	-0	-0	-0	-0	300	0	200	-0
378	-12.23	443.33	12.82	1633.7	0	-247.24	-1227.76	-0	-0	-0	2109	0	-203	-0	0	0	0	903	0	-403	0	-0	-0	-0	300	0	-203	-0	-0	-0	-0	300	0	200	-0
379	-10.95	447.71	13.61	1631.46	0	-247.05	-1451.56	-0	-0	-0	2109	0	-203	-0	0	0	0	903	0	-403	0	-0	-0	-0	300	0	-203	-0	-0	-0	-0	300	0	200	-0
380	-10.15	444.58	12	1632.71	0	-247.87	-1478.62	-0	-0	-0	2109	0	-203	-0	-0	-0	-0	903	0	-403	-0	-0	-0	-0	300	0	-203	-0	-0	-0	-0	300	0	200	-0
381	-8.86	453.65	11.52	1634.32	0	-248.43	-1410.59	-0	-0	-0	2109	0	-203	-0	-0	-0	-0	903	0	-403	-0	-0	-0	-0	300	0	-203	-0	-0	-0	-0	300	0	200	-0
382	-10.47	450.84	11.83	1634.53	0	-247.6	-1535.48	-0	-0	-0	2109	0	-203	-0	-0	-0	-0	903	0	-403	-0	-0	-0	-0	300	0	-203	-0	-0	-0	-0	300	0	200	-0
383	-6.29	444.56	11.84	1639.34	0	-248.91	-1132.1	-0	-0	-0	2109	0	-203	-0	-0	-0	-0	903	0	-403	-0	-0	-0	-0	300	0	-203	-0	-0	-0	-0	300	0	200	-0
384	-4.04	453.34	12.64	1635.33	0	-248.26	-1375.48	-0	-0	-0	2109	0	-203	-0	-0	-0	-0	903	0	-403	-0	-0	-0	-0	300	0	-203	-0	-0	-0	-0	300	0	200	-0
385	-1.79	459.91	9.24	1635.49	0	-248.21	-1605.79	-0	-0	-0	2109	0	-203	-0	-0	-0	-0	903	0	-403	-0	-0	-0	-0	300	0	-203	-0	-0	-0	-0	300	0	200	-0
386	-2.11	467.74	10.86	1636.09	0	-247.05	-1400.61	-0	-0	-0	2109	0	-203	-0	-0	-0	-0	903	0	-403	-0	0	0	0	300	0	-203	0	-0	-0	-0	300	0	200	-0
387	-0.66	474.63	7.62	1635.93	0	-247.21	-1796.02	-0	-0	-0	2109	0	-203	-0	-0	-0	-0	903	0	-403	-0	-0	-0	-0	300	0	-203	-0	-0	-0	-0	300	0	200	-0
388	1.11	479.33	7.14	1634.96	0	-248.15	-1966.83	-0	-0	-0	2109	0	-203	-0	-0	-0	-0	903	0	-403	-0	-0	-0	-0	300	0	-203	-0	-0	-0	-0	300	0	200	-0
389	2.23	487.77	7.29	1637.59	0	-248.2	-1851.68	-0	-0	-0	2109	0	-203	-0	-0	-0	-0	903	0	-403	-0	-0	-0	-0	300	0	-203	-0	-0	-0	-0	300	0	200	-0
390	5.45	500.31	7.61	1634.85	0	-247.33	-1921.88	-0	-0	-0	2109	0	-203	-0	-0	-0	-0	903	0	-403	-0	-0	-0	-0	300	0	-203	-0	-0	-0	-0	300	0	200	-0
391	5.13	501.87	6.16	1636.54	0	-247.26	-1684.3	-0	-0	-0	2109	0	-203	-0	-0	-0	-0	903	0	-403	-0	-0	-0	-0	300	0	-203	-0	-0	-0	-0	300	0	200	-0
392	8.34	516.58	7.77	1635.91	0	-248.54	-1826.67	-0	-0	-0	2109	0	-203	-0	0	0	0	903	0	-403	0	-0	-0	-0	300	0	-203	-0	-0	-0	-0	300	0	200	-0
393	10.91	520.34	5.01	1636.41	0	-247.45	-1985.27	-0	-0	-0	2109	0	-203	-0	-0	-0	-0	903	0	-403	-0	-0	-0	-0	300	0	-203	-0	-0	-0	-0	300	0	200	-0
394	14.45	531.3	4.85	1636.98	0	-247.6	-1682.16	-0	-0	-0	2109	0	-203	-0	-0	-0	-0	903	0	-403	-0	-0	-0	-0	300	0	-203	-0	-0	-0	-0	300	0	200	-0
395	15.09	544.14	5	1636.13	0	-247.29	-2049.74	-0	-0	-0	2109	0	-203	-0	-0	-0	-0	903	0	-403	-0	-0	-0	-0	300	0	-203	-0	-0	-0	-0	300	0	200	-0
396	18.15	552.89	4.67	1637.05	0	-248.79	-2282.13	-0	-0	-0	2109	0	-203	-0	-0	-0	-0	903	0	-403	-0	-0	-0	-0	300	0	-203	-0	-0	-0	-0	300	0	200	-0
397	19.43	565.42	4.66	1637.35	0	-248.04	-1876.82	-0	-0	-0	2109	0	-203	-0	-0	-0	-0	903	0	-403	-0	-0	-0	-0	300	0	-203	-0	-0	-0	-0	300	0	200	-0
398	22.97	571.37	5.14	1638.8	0	-247.99	-1745.56	-0	-0	-0	2109	0	-203	-0	-0	-0	-0	903	0	-403	-0	-0	-0	-0	300	0	-203	-0	-0	-0	-0	300	0	200	-0
399	25.54	588.91	3.51	1636.76	0	-247.8	-2710.88	-0	-0	-0	2109	0	-203	-0	-0	-0	-0	903	0	-403	-0	-0	-0	-0	300	0	-203	-0	-0	-0	-0	300	0	200	-0
400	28.6	602.05	4.65	1637.47	0	-248.48	-1383.35	-0	-0	-0	2109	0	-203	-0	-0	-0	-0	903	0	-403	-0	-0	-0	-0	300	0	-203	-0	-0	-0	-0	300	0	200	-0
401	30.84	605.81	4.62	1637.45	0	-248.19	-2364.74	-0	-0	-0	2109	0	-203	-0	-0	-0	-0	903	0	-403	-0	-0	-0	-0	300	0	-203	-0	-0	-0	-0	300	0	200	-0
402	33.74	622.4	3.98	1637.08	0	-247.94	-2290.81	-0	-0	-0	2109	0	-203	-0	-0	-0	-0	903	0	-403	-0	-0	-0	-0	300	0	-203	-0	-0	-0	-0	300	0	200	-0
403	37.27	634.92	4.94	1637.72	0	-248.52	-2110.06	-0	-0	-0	2109	0	-203	-0	-0	-0	-0	903	0	-403	-0	-0	-0	-0	300	0	-203	-0	-0	-0	-0	300	0	200	-0
404	39.69	643.69	5.25	1638.25	0	-247.64	-2243.17	-0	-0	-0	2109	0	-203	-0	-0	-0	-0	903	0	-403	-0	-0	-0	-0	300	0	-203	-0	-0	-0	-0	300	0	200	-0
405	46.11	654.02	4.12	1637.49	0	-248.34	-2044.99	-0	-0	-0	2109	0	-203	-0	-0	-0	-0	903	0	-403	-0	0	0	0	300	0	-203	0	-0	-0	-0	300	0	200	-0
406	48.53	660.6	5.41	1638.34	0	-247.5	-1589.45	-0	-0	-0	2109	0	-203	-0	-0	-0	-0	903	0	-403	-0	-0	-0	-0	300	0	-203	-0	-0	-0	-0	300	0	200	-0
407	55.11	675	4.59	1637.28	0	-248.06	-2230.14	-0	-0	-0	2109	0	-203	-0	-0	-0	-0	903	0	-403	-0	-0	-0	-0	300	0	-203	-0	-0	-0	-0	300	0	200	-0
408	58.81	679.07	5.38	1638.14	0	-247.67	-2300.56	-0	-0	-0	2109	0	-203	-0	-0	-0	-0	903	0	-403	-0	-0	-0	-0	300	0	-203	-0	-0	-0	-0	300	0	200	-0
409	64.11	691.59	6.19	1639.2	0	-247.68	-1729.37	-0	-0	-0	2109	0	-203	-0	-0	-0	-0	903	0	-403	-0	-0	-0	-0	300	0	-203	-0	-0	-0	-0	300	0	200	-0
410	67.17	698.49	3.92	1638.81	0	-247.28	-2384.51	-0	-0	-0	2109	0	-203	-0	-0	-0	-0	903	0	-403	-0	-0	-0	-0	300	0	-203	-0	-0	-0	-0	300	0	200	-0
411	72.15	706.62	5.85	1639.92	0	-248.23	-1811.24	-0	-0	-0	2109	0	-203	-0	-0	-0	-0	903	0	-403	-0	-0	-0	-0	300	0	-203	-0	-0	-0	-0	300	0	200	-0
412	76.81	716.96	6.32	1637.68	0	-246.97	-2396.42	-0	-0	-0	2109	0	-203	-0	-0	-0	-0	903	0	-403	-0	-0	-0	-0	300	0	-203	-0	-0	-0	-0	300	0	200	-0
413	84.04	720.08	6.81	1641.07	0	-247.69	-1309.64	-0	-0	-0	2109	0	-203	-0	-0	-0	-0	903	0	-403	-0	-0	-0	-0	300	0	-203	-0	-0	-0	-0	300	0	200	-0
414	86.13	736.69	6.81	1638.25	0	-247.24	-1694.43	-0	-0	-0	2109	0	-203	-0	-0	-0	-0	903	0	-403	-0	-0	-0	-0	300	0	-203	-0	-0	-0	-0	300	0	200	-0
415	90.15	731.99	5.83	1640.13	0	-247.02	-1855.29	-0	-0	-0	2109	0	-203	-0	-0	-0	-0	903	0	-403	-0	-0	-0	-0	300	0	-203	-0	-0	-0	-0	300	0	200	-0
416	93.36	739.18	7.6	1640.81	0	-247.14	-1877.27	-0	-0	-0	2109	0	-203	-0	-0	-0	-0	903	0	-403	-0	-0	-0	-0	300	0	-203	-0	-0	-0	-0	300	0	200	-0
417	97.7	745.45	6.63	1640.97	0	-246.32	-1606.23	-0	-0	-0	2109	0	-203	-0	-0	-0	-0	903	0	-403	-0	-0	-0	-0	300	0	-203	-0	-0	-0	-0	300	0	200	-0
418	102.84	746.7	6.47	1640.73	0	-247.27	-1340.39	-0	-0	-0	2109	0	-203	-0	-0	-0	-0	903	0	-403	-0	-0	-0	-0	300	0	-203	-0	-0	-0	-0	300	0	200	-0
419	104.61	750.46	4.86	1642.51	0	-246.65	-1390.05	-0	-0	-0	2109	0	-203	-0	-0	-0	-0	903	0	-403	-0	-0	-0	-0	300	0	-203	-0	-0	-0	-0	300	0	200	-0
420	108.79	751.09	4.86	1642.33	0	-245.71	-1722.33	-0	-0	-0	2109	0	-203	-0	-0	-0	-0	903	0	-403	-0	-0	-0	-0	300	0	-203	-0	-0	-0	-0	300	0	200	-0
421	110.08	750.47	6.96	1643.69	0	-244.81	-1101.55	-0	-0	-0	2109	0	-203	-0	-0	-0	-0	903	0	-403	-0	-0	-0	-0	300	0	-203	-0	0	0	0	300	0	200	0
422	114.41	752.04	4.86	1642.93	0	-245.1	-1786.24	-0	-0	-0	2109	0	-203	-0	-0	-0	-0	903	0	-403	-0	-0	-0	-0	300	0	-203	-0	-0	-0	-0	300	0	200	-0
423	119.23	743.89	3.42	1645.08	0	-244.95	-973.44	-0	-0	-0	2109	0	-203	-0	-0	-0	-0	903	0	-403	-0	-0	-0	-0	300	0	-203	-0	-0	-0	-0	300	0	200	-0
424	122.77	747.34	3.9	1643.58	0	-244.88	-1319.69	-0	-0	-0	2109	0	-203	-0	-0	-0	-0	903	0	-403	-0	-0	-0	-0	300	0	-203	-0	-0	-0	-0	300	0	200	-0
425	124.05	743.28	2.6	1644.33	0	-243.62	-1663.31	-0	-0	-0	2109	0	-203	-0	-0	-0	-0	903	0	-403	-0	-0	-0	-0	300	0	-203	-0	-0	-0	-0	300	0	200	-0
426	128.07	734.82	4.23	1646.1	0	-244.55	-1036.94	-0	-0	-0	2109	0	-203	-0	-0	-0	-0	903	0	-403	-0	-0	-0	-0	300	0	-203	-0	-0	-0	-0	300	0	200	-0
427	129.36	733.26	2.29	1644.86	0	-243.69	-1604	-0	-0	-0	2109	0	-203	-0	-0	-0	-0	903	0	-403	-0	-0	-0	-0	300	0	-203	-0	-0	-0	-0	300	0	200	-0
428	135.46	730.76	1.98	1646.26	0	-243.13	-1070.67	-0	-0	-0	2109	0	-203	-0	-0	-0	-0	903	0	-403	-0	-0	-0	-0	300	0	-203	-0	-0	-0	-0	300	0	200	-0
429	136.43	713.85	1.65	1646.84	0	-243.16	-1409.07	-0	-0	-0	2109	0	-203	-0	-0	-0	-0	903	0	-403	-0	-0	-0	-0	300	0	-203	-0	-0	-0	-0	300	0	200	-0
430	139.64	709.78	2.3	1647.6	0	-243.29	-959.34	-0	-0	-0	2109	0	-203	-0	0	0	0	903	0	-403	0	-0	-0	-0	300	0	-203	-0	-0	-0	-0	300	0	200	-0
431	142.37	699.46	1.34	1647.28	0	-242.83	-1290.77	-0	-0	-0	2109	0	-203	-0	-0	-0	-0	903	0	-403	-0	-0	-0	-0	300	0	-203	-0	-0	-0	-0	300	0	200	-0
432	145.74	689.76	-0.1	1647.78	0	-241.69	-1009.41	-0	-0	-0	2109	0	-203	-0	-0	-0	-0	903	0	-403	-0	-0	-0	-0	300	0	-203	-0	-0	-0	-0	300	0	200	-0
433	150.89	675.35	-1.72	1647.84	0	-242.86	-1187.09	6.71	36	5.6	2231	0	-236.35	195.68	-0	-0	-0	903	0	-403	-0	-0	-0	-0	300	0	-203	-0	-0	-0	-0	300	0	200	-0
434	151.85	664.4	-1.85	1648.65	0	-241.55	-522.11	13.43	319.55	22.09	2217.38	0	-230.25	155.2	-0	-0	-0	903	0	-403	-0	-0	-0	-0	300	0	-203	-0	-0	-0	-0	300	0	200	-0
435	153.29	651.88	-3.31	1648.61	0	-241.01	-1285.11	22.7	721.13	98.1	2217.1	0	-231.81	700.14	-0	-0	-0	903	0	-403	-0	0	0	0	300	0	-203	0	-0	-0	-0	300	0	200	-0
436	154.74	630.29	-4.59	1647.95	0	-239.86	-1041.66	8.31	640.1	138.58	2219.65	0	-234.92	1000.93	-0	-0	-0	903	0	-403	-0	-0	-0	-0	300	0	-203	-0	-0	-0	-0	300	0	200	-0
437	157.15	612.13	-5.87	1648.67	0	-240.81	-904.56	-11.83	511.78	130.9	2223.98	0	-236.57	594.6	-0	-0	-0	903	0	-403	-0	-0	-0	-0	300	0	-203	-0	-0	-0	-0	300	0	200	-0
438	156.19	589.9	-7.48	1648.13	0	-240.27	-1046.59	-21.43	460.13	117.3	2225.41	0	-236.77	366.9	-0	-0	-0	903	0	-403	-0	-0	-0	-0	300	0	-203	-0	-0	-0	-0	300	0	200	-0
439	155.7	565.8	-10.69	1649.4	0	-239.81	-1110.88	-34.53	437.9	100.5	2227.16	0	-236.12	-221.42	-0	-0	-0	903	0	-403	-0	-0	-0	-0	300	0	-203	-0	-0	-0	-0	300	0	200	-0
440	153.45	535.75	-12.29	1648.36	0	-238.24	-1305.09	-53.55	444.14	85.13	2231.05	0	-234.61	147.55	-0	-0	-0	903	0	-403	-0	-0	-0	-0	300	0	-203	-0	-0	-0	-0	300	0	200	-0
441	153.45	499.74	-13.9	1652.49	0	-239.37	-1072.15	-74.65	446.01	67.37	2231.91	0	-233.53	-336.43	-0	-0	-0	903	0	-403	-0	0	0	0	300	0	-203	0	-0	-0	-0	300	0	200	-0
442	148.47	472.52	-12.77	1648.63	0	-236.51	-1577.69	-94.63	435.36	51.36	2235.59	0	-232.59	-92.22	-0	-0	-0	903	0	-403	-0	-0	-0	-0	300	0	-203	-0	-0	-0	-0	300	0	200	-0
443	145.42	433.38	-12.59	1649.77	0	-236.67	-692.26	-108.22	423.14	37.12	2237.84	0	-231.77	-431.86	-0	-0	-0	903	0	-403	-0	-0	-0	-0	300	0	-203	-0	-0	-0	-0	300	0	200	-0
444	138.51	392.99	-13.57	1647.61	0	-235.39	-1402.73	-116.85	412.8	26.24	2240.21	0	-230.21	-209.55	-0	-0	-0	903	0	-403	-0	-0	-0	-0	300	0	-203	-0	-0	-0	-0	300	0	200	-0
445	125.33	350.71	-15	1653.08	0	-236.62	-925.7	-113.98	405.6	15.51	2242.11	0	-229.65	-244.28	-0	-0	-0	903	0	-403	-0	-0	-0	-0	300	0	-203	-0	-0	-0	-0	300	0	200	-0
446	110.71	314.4	-12.1	1650.72	0	-235.05	-983.37	-107.26	419.04	8.47	2244.13	0	-227.55	227.98	-0	-0	-0	903	0	-403	-0	-0	-0	-0	300	0	-203	-0	-0	-0	-0	300	0	200	-0
447	97.37	269	-15.31	1651.59	0	-232.26	-1140.95	-98.95	450.32	-1.13	2245.91	0	-225.37	413.61	-0	-0	-0	903	0	-403	-0	0	0	0	300	0	-203	0	-0	-0	-0	300	0	200	-0
448	82.43	222.34	-13.38	1651.63	0	-234.13	-1135.65	-99.42	504.12	-13.3	2248.37	0	-221.33	1598.46	-0	-0	-0	903	0	-403	-0	-0	-0	-0	300	0	-203	-0	-0	-0	-0	300	0	200	-0
449	64.75	177.88	-13.69	1656.53	0	-230.63	-1371.18	-106.46	552.93	-23.55	2249.49	0	-221.16	1981.21	-0	-0	-0	903	0	-403	-0	-0	-0	-0	300	0	-203	-0	-0	-0	-0	300	0	200	-0
450	50.61	139.68	-12.07	1654.31	0	-230.68	-959.45	-121.32	582.02	-27.23	2250.81	0	-219.08	2076.01	-0	-0	-0	903	0	-403	-0	-0	-0	-0	300	0	-203	-0	-0	-0	-0	300	0	200	-0
451	36.15	109	-12.39	1655.24	0	-222.8	-1048.36	-135.23	596.72	-23.54	2254.27	0	-219.47	1752.84	-0	-0	-0	903	0	-403	-0	-0	-0	-0	300	0	-203	-0	-0	-0	-0	300	0	200	-0
452	30.69	85.82	-8.37	1663.32	0	-225.94	-763.93	-148.5	610.49	-20.66	2255.9	0	-218.99	1201.27	-0	-0	-0	903	0	-403	-0	-0	-0	-0	300	0	-203	-0	-0	-0	-0	300	0	200	-0
453	23.46	72.05	-10.3	1662.49	0	-212.85	-1374.3	-156.65	632.38	-18.89	2259.89	0	-218.2	700.95	-0	-0	-0	903	0	-403	-0	-0	-0	-0	300	0	-203	-0	-0	-0	-0	300	0	200	-0
454	18.96	61.08	-5.78	1649.12	0	-222.8	-144.68	-164.96	672.12	-14.89	2260.15	0	-217.52	177.77	-0	-0	-0	903	0	-403	-0	-0	-0	-0	300	0	-203	-0	-0	-0	-0	300	0	200	-0
455	12.53	39.16	-4.34	1679.83	0	-211.08	-983.55	-170.72	711.23	-11.2	2262.98	0	-217.28	-114.03	-0	-0	-0	903	0	-403	-0	-0	-0	-0	300	0	-203	-0	-0	-0	-0	300	0	200	-0
456	7.07	37.91	-3.53	1642.24	0	-204.37	-253.72	-172.64	745.97	-5.91	2263.15	0	-217.24	-481.3	-0	-0	-0	903	0	-403	-0	-0	-0	-0	300	0	-203	-0	-0	-0	-0	300	0	200	-0
457	-0	-0	-0	1506	0	-203	-0	-172	773.5	-3.67	2264.17	0	-216.79	-233.52	-0	-0	-0	903	0	-403	-0	-0	-0	-0	300	0	-203	-0	-0	-0	-0	300	0	200	-0
458	-0	-0	-0	1506	0	-203	-0	-169.12	800.1	-3.51	2264.58	0	-217.41	-268.2	-0	-0	-0	903	0	-403	-0	0	0	0	300	0	-203	0	-0	-0	-0	300	0	200	-0
459	-0	-0	-0	1506	0	-203	-0	-166.88	832.32	-5.75	2265.83	0	-216.94	177.64	-0	-0	-0	903	0	-403	-0	-0	-0	-0	300	0	-203	-0	-0	-0	-0	300	0	200	-0
460	-0	-0	-0	1506	0	-203	-0	-164.96	868	-3.68	2265.12	0	-217.04	803.79	-0	-0	-0	903	0	-403	-0	0	0	0	300	0	-203	0	-0	-0	-0	300	0	200	-0
461	-0	-0	-0	1506	0	-203	-0	-164	889.59	-1.75	2266.09	0	-217.23	610.63	-0	-0	-0	903	0	-403	-0	-0	-0	-0	300	0	-203	-0	-0	-0	-0	300	0	200	-0
462	-0	-0	-0	1506	0	-203	-0	-162.56	905.86	4.33	2266.39	0	-217.32	784.28	-0	-0	-0	903	0	-403	-0	0	0	0	300	0	-203	0	-0	-0	-0	300	0	200	-0
463	-0	-0	-0	1506	0	-203	-0	-159.37	907.74	7.7	2267.75	0	-217.61	-383.36	-0	-0	-0	903	0	-403	-0	-0	-0	-0	300	0	-203	-0	-0	-0	-0	300	0	200	-0
464	-0	-0	-0	1506	0	-203	-0	-157.13	912.13	12.02	2268.34	0	-217.97	-246.98	-0	-0	-0	903	0	-403	-0	-0	-0	-0	300	0	-203	-0	-0	-0	-0	300	0	200	-0
465	-0	-0	-0	1506	0	-203	-0	-155.05	916.82	14.75	2267.84	0	-217.38	-313.27	-0	-0	-0	903	0	-403	-0	-0	-0	-0	300	0	-203	-0	-0	-0	-0	300	0	200	-0
466	-0	-0	-0	1506	0	-203	-0	-153.13	920.89	16.03	2268.25	0	-217.87	-277.79	-0	-0	-0	903	0	-403	-0	-0	-0	-0	300	0	-203	-0	-0	-0	-0	300	0	200	-0
467	-0	-0	-0	1506	0	-203	-0	-149.62	921.52	15.07	2269.01	0	-217.66	-540.46	-0	-0	-0	903	0	-403	-0	-0	-0	-0	300	0	-203	-0	-0	-0	-0	300	0	200	-0
468	-0	-0	-0	1506	0	-203	-0	-145.3	923.08	13.31	2269.98	0	-217.36	-343.16	-0	-0	-0	903	0	-403	-0	-0	-0	-0	300	0	-203	-0	-0	-0	-0	300	0	200	-0
469	-0	-0	-0	1506	0	-203	-0	-139.39	920.88	11.55	2270.06	0	-217.61	-433.74	0	0	0	903	0	-403	0	-0	-0	-0	300	0	-203	-0	-0	-0	-0	300	0	200	-0
470	-0	-0	-0	1506	0	-203	-0	-134.59	920.57	11.07	2270.29	0	-216.78	-179.51	-0	-0	-0	903	0	-403	-0	-0	-0	-0	300	0	-203	-0	-0	-0	-0	300	0	200	-0
471	-0	-0	-0	1506	0	-203	-0	-129.95	915.56	11.23	2271.42	0	-217.18	-498.86	-0	-0	-0	903	0	-403	-0	-0	-0	-0	300	0	-203	-0	-0	-0	-0	300	0	200	-0
472	-0	-0	-0	1506	0	-203	-0	-126.28	906.17	13.63	2271.78	0	-216.7	-248.16	-0	-0	-0	903	0	-403	-0	-0	-0	-0	300	0	-203	-0	-0	-0	-0	300	0	200	-0
473	-0	-0	-0	1506	0	-203	-0	-121	897.72	14.27	2272.55	0	-216.58	-244.9	-0	-0	-0	903	0	-403	-0	-0	-0	-0	300	0	-203	-0	-0	-0	-0	300	0	200	-0
474	-0	-0	-0	1506	0	-203	-0	-118.61	888.64	16.51	2272.16	0	-216.05	-371.28	-0	-0	-0	903	0	-403	-0	0	0	0	300	0	-203	0	-0	-0	-0	300	0	200	-0
475	-0	-0	-0	1506	0	-203	-0	-113.65	874.56	16.67	2274.27	0	-216.04	-0.77	-0	-0	-0	903	0	-403	-0	-0	-0	-0	300	0	-203	-0	-0	-0	-0	300	0	200	-0
476	-0	-0	-0	1506	0	-203	-0	-111.25	863.91	15.55	2274.27	0	-215.47	-206.71	-0	-0	-0	903	0	-403	-0	-0	-0	-0	300	0	-203	-0	-0	-0	-0	300	0	200	-0
477	-0	-0	-0	1506	0	-203	-0	-106.14	847.95	14.75	2275.23	0	-215.18	7.84	-0	-0	-0	903	0	-403	-0	-0	-0	-0	300	0	-203	-0	-0	-0	-0	300	0	200	-0
478	-0	-0	-0	1506	0	-203	-0	-102.94	833.86	13.31	2275.75	0	-214.34	-92.18	0	0	0	903	0	-403	0	0	0	0	300	0	-203	0	-0	-0	-0	300	0	200	-0
479	-0	-0	-0	1506	0	-203	-0	-98.3	816.02	10.75	2276.83	0	-213.67	-215.69	-0	-0	-0	903	0	-403	-0	-0	-0	-0	300	0	-203	-0	-0	-0	-0	300	0	200	-0
480	-0	-0	-0	1506	0	-203	-0	-93.67	800.37	10.1	2278.04	0	-213.54	-89.03	-0	-0	-0	903	0	-403	-0	-0	-0	-0	300	0	-203	-0	-0	-0	-0	300	0	200	-0
481	-0	-0	-0	1506	0	-203	-0	-91.27	779.7	8.98	2279.78	0	-211.87	-7	-0	-0	-0	903	0	-403	-0	-0	-0	-0	300	0	-203	-0	-0	-0	-0	300	0	200	-0
482	-0	-0	-0	1506	0	-203	-0	-87.44	760.92	6.58	2281.77	0	-211.54	-52.98	-0	-0	-0	903	0	-403	-0	-0	-0	-0	300	0	-203	-0	-0	-0	-0	300	0	200	-0
483	-0	-0	-0	1506	0	-203	-0	-84.56	742.77	4.5	2282.63	0	-210.57	-115.02	-0	-0	-0	903	0	-403	-0	-0	-0	-0	300	0	-203	-0	-0	-0	-0	300	0	200	-0
484	-0	-0	-0	1506	0	-203	-0	-81.2	730.25	4.66	2282.75	0	-209.76	374.73	0	0	0	903	0	-403	0	-0	-0	-0	300	0	-203	-0	-0	-0	-0	300	0	200	-0
485	-0	-0	-0	1506	0	-203	-0	-76.41	706.77	1.3	2285.39	0	-208.45	-129.02	-0	-0	-0	903	0	-403	-0	-0	-0	-0	300	0	-203	-0	-0	-0	-0	300	0	200	-0
486	-0	-0	-0	1506	0	-203	-0	-72.25	692.05	1.29	2286.98	0	-207.75	304.09	-0	-0	-0	903	0	-403	-0	-0	-0	-0	300	0	-203	-0	-0	-0	-0	300	0	200	-0
487	-0	-0	-0	1506	0	-203	-0	-69.69	676.09	0.01	2286.65	0	-206.45	115.76	-0	-0	-0	903	0	-403	-0	-0	-0	-0	300	0	-203	-0	-0	-0	-0	300	0	200	-0
488	-0	-0	-0	1506	0	-203	-0	-65.06	661.06	-0.95	2288.94	0	-205.92	294.71	-0	-0	-0	903	0	-403	-0	-0	-0	-0	300	0	-203	-0	-0	-0	-0	300	0	200	-0
489	-0	-0	-0	1506	0	-203	-0	-60.42	640.4	-1.59	2290.79	0	-204.65	197.06	0	0	0	903	0	-403	0	-0	-0	-0	300	0	-203	-0	-0	-0	-0	300	0	200	-0
490	-0	-0	-0	1506	0	-203	-0	-56.42	627.56	-2.87	2292.32	0	-203.28	357.52	-0	-0	-0	903	0	-403	-0	-0	-0	-0	300	0	-203	-0	-0	-0	-0	300	0	200	-0
491	-0	-0	-0	1506	0	-203	-0	-53.39	611.6	-2.23	2292.32	0	-202.8	226.14	-0	-0	-0	903	0	-403	-0	-0	-0	-0	300	0	-203	-0	-0	-0	-0	300	0	200	-0
492	-0	-0	-0	1506	0	-203	-0	-49.39	596.58	-3.19	2294.74	0	-201.11	336.72	-0	-0	-0	903	0	-403	-0	-0	-0	-0	300	0	-203	-0	-0	-0	-0	300	0	200	-0
493	-0	-0	-0	1506	0	-203	-0	-45.08	580.62	-4.15	2296	0	-200.94	146.91	-0	-0	-0	903	0	-403	-0	-0	-0	-0	300	0	-203	-0	-0	-0	-0	300	0	200	-0
494	-0	-0	-0	1506	0	-203	-0	-41.72	563.71	-3.99	2297.67	0	-198.99	538.31	-0	-0	-0	903	0	-403	-0	-0	-0	-0	300	0	-203	-0	-0	-0	-0	300	0	200	-0
495	-0	-0	-0	1506	0	-203	-0	-38.2	551.82	-3.83	2298.64	0	-198.34	390.19	-0	-0	-0	903	0	-403	-0	-0	-0	-0	300	0	-203	-0	-0	-0	-0	300	0	200	-0
496	-0	-0	-0	1506	0	-203	-0	-36.28	535.85	-4.95	2300.61	0	-196.97	292.56	-0	-0	-0	903	0	-403	-0	-0	-0	-0	300	0	-203	-0	-0	-0	-0	300	0	200	-0
497	-0	-0	-0	1506	0	-203	-0	-31.65	525.52	-3.68	2301.58	0	-195.66	655.75	-0	-0	-0	903	0	-403	-0	-0	-0	-0	300	0	-203	-0	-0	-0	-0	300	0	200	-0
498	-0	-0	-0	1506	0	-203	-0	-29.41	508.31	-5.6	2304.74	0	-194.63	219.3	-0	-0	-0	903	0	-403	-0	-0	-0	-0	300	0	-203	-0	-0	-0	-0	300	0	200	-0
499	-0	-0	-0	1506	0	-203	-0	-25.89	497.35	-5.76	2306	0	-193.63	490.59	-0	-0	-0	903	0	-403	-0	-0	-0	-0	300	0	-203	-0	-0	-0	-0	300	0	200	-0
500	-0	-0	-0	1506	0	-203	-0	-24.29	488.9	-5.6	2305.59	0	-192.29	420.25	0	0	0	903	0	-403	0	0	0	0	300	0	-203	0	-0	-0	-0	300	0	200	-0
501	-0	-0	-0	1506	0	-203	-0	-22.22	475.75	-6.88	2309.13	0	-191.33	393.21	-0	-0	-0	903	0	-403	-0	-0	-0	-0	300	0	-203	-0	-0	-0	-0	300	0	200	-0
502	-0	-0	-0	1506	0	-203	-0	-21.26	468.87	-6.56	2308.16	0	-190	288.69	-0	-0	-0	903	0	-403	-0	-0	-0	-0	300	0	-203	-0	-0	-0	-0	300	0	200	-0
503	-0	-0	-0	1506	0	-203	-0	-17.58	454.47	-8.16	2311.83	0	-188.44	29.93	-0	-0	-0	903	0	-403	-0	-0	-0	-0	300	0	-203	-0	-0	-0	-0	300	0	200	-0
504	-0	-0	-0	1506	0	-203	-0	-16.78	445.7	-6.88	2313.37	0	-187.67	157.63	-0	-0	-0	903	0	-403	-0	-0	-0	-0	300	0	-203	-0	-0	-0	-0	300	0	200	-0
505	-0	-0	-0	1506	0	-203	-0	-14.7	436.31	-8	2314.84	0	-185.74	284.83	-0	-0	-0	903	0	-403	-0	-0	-0	-0	300	0	-203	-0	-0	-0	-0	300	0	200	-0
506	-0	-0	-0	1506	0	-203	-0	-14.54	430.05	-5.92	2315.24	0	-185.6	567.91	-0	-0	-0	903	0	-403	-0	-0	-0	-0	300	0	-203	-0	-0	-0	-0	300	0	200	-0
507	-0	-0	-0	1506	0	-203	-0	-12.47	420.35	-7.2	2317.41	0	-183.83	307.31	-0	-0	-0	903	0	-403	-0	-0	-0	-0	300	0	-203	-0	-0	-0	-0	300	0	200	-0
508	-0	-0	-0	1506	0	-203	-0	-11.03	413.46	-6.72	2320.14	0	-183.99	321.21	-0	-0	-0	903	0	-403	-0	-0	-0	-0	300	0	-203	-0	-0	-0	-0	300	0	200	-0
509	-0	-0	-0	1506	0	-203	-0	-10.23	405.32	-6.08	2322.62	0	-181.68	289.67	-0	-0	-0	903	0	-403	-0	0	0	0	300	0	-203	0	-0	-0	-0	300	0	200	-0
510	-0	-0	-0	1506	0	-203	-0	-9.27	401.88	-4.8	2324.4	0	-181.44	803.73	-0	-0	-0	903	0	-403	-0	-0	-0	-0	300	0	-203	-0	-0	-0	-0	300	0	200	-0
511	-0	-0	-0	1506	0	-203	-0	-6.71	396.24	-5.76	2323.67	0	-180.11	249.21	-0	-0	-0	903	0	-403	-0	-0	-0	-0	300	0	-203	-0	-0	-0	-0	300	0	200	-0
512	-0	-0	-0	1506	0	-203	-0	-7.03	392.17	-4.8	2326.98	0	-179.47	680.42	-0	-0	-0	903	0	-403	-0	-0	-0	-0	300	0	-203	-0	-0	-0	-0	300	0	200	-0
513	-0	-0	-0	1506	0	-203	-0	-5.59	390.61	-4.16	2325.94	0	-179.2	618.95	-0	-0	-0	903	0	-403	-0	-0	-0	-0	300	0	-203	-0	-0	-0	-0	300	0	200	-0
514	-0	-0	-0	1506	0	-203	-0	-4.63	389.04	-3.68	2329.35	0	-177.4	766.47	-0	-0	-0	903	0	-403	-0	-0	-0	-0	300	0	-203	-0	-0	-0	-0	300	0	200	-0
515	-0	-0	-0	1506	0	-203	-0	-2.07	385.28	-4	2330.19	0	-177.97	549.57	-0	-0	-0	903	0	-403	-0	-0	-0	-0	300	0	-203	-0	-0	-0	-0	300	0	200	-0
516	-0	-0	-0	1506	0	-203	-0	-2.39	385.59	-3.68	2330.78	0	-175.52	938.3	-0	-0	-0	903	0	-403	-0	-0	-0	-0	300	0	-203	-0	-0	-0	-0	300	0	200	-0
517	-0	-0	-0	1506	0	-203	-0	-0.63	388.72	-3.68	2331.15	0	-176.9	907.05	-0	-0	-0	903	0	-403	-0	-0	-0	-0	300	0	-203	-0	-0	-0	-0	300	0	200	-0
518	-0	-0	-0	1506	0	-203	-0	-1.11	385.58	-3.68	2332.24	0	-174.35	835.37	-0	-0	-0	903	0	-403	-0	0	0	0	300	0	-203	0	-0	-0	-0	300	0	200	-0
519	-0	-0	-0	1506	0	-203	-0	0.96	389.65	-4	2333.86	0	-174.98	1024.48	-0	-0	-0	903	0	-403	-0	-0	-0	-0	300	0	-203	-0	-0	-0	-0	300	0	200	-0
520	-0	-0	-0	1506	0	-203	-0	1.44	388.39	-4.16	2334.32	0	-174.13	550.71	-0	-0	-0	903	0	-403	-0	-0	-0	-0	300	0	-203	-0	-0	-0	-0	300	0	200	-0
521	-0	-0	-0	1506	0	-203	-0	2.56	392.14	-5.13	2334.86	0	-173.76	1058.78	-0	-0	-0	903	0	-403	-0	-0	-0	-0	300	0	-203	-0	-0	-0	-0	300	0	200	-0
522	-0	-0	-0	1506	0	-203	-0	2.88	398.4	-5.12	2333.86	0	-174.41	788.33	-0	-0	-0	903	0	-403	-0	-0	-0	-0	300	0	-203	-0	-0	-0	-0	300	0	200	-0
523	-0	-0	-0	1506	0	-203	-0	3.36	398.39	-6.41	2337.06	0	-173.06	941.22	-0	-0	-0	903	0	-403	-0	-0	-0	-0	300	0	-203	-0	-0	-0	-0	300	0	200	-0
524	-0	-0	-0	1506	0	-203	-0	4	406.84	-6.57	2335.63	0	-173.8	929.97	-0	-0	-0	903	0	-403	-0	-0	-0	-0	300	0	-203	-0	-0	-0	-0	300	0	200	-0
525	-0	-0	-0	1506	0	-203	-0	5.44	405.27	-8.01	2338.99	0	-171.91	640.68	-0	-0	-0	903	0	-403	-0	0	0	0	300	0	-203	0	-0	-0	-0	300	0	200	-0
526	-0	-0	-0	1506	0	-203	-0	6.4	413.08	-7.53	2340.66	0	-172.54	1178.44	-0	-0	-0	903	0	-403	-0	-0	-0	-0	300	0	-203	-0	-0	-0	-0	300	0	200	-0
527	-0	-0	-0	1506	0	-203	-0	6.88	419.02	-9.29	2338.47	0	-171.47	706.18	-0	-0	-0	903	0	-403	-0	-0	-0	-0	300	0	-203	-0	-0	-0	-0	300	0	200	-0
528	-0	-0	-0	1506	0	-203	-0	8.32	422.77	-9.93	2341.04	0	-172.18	897.23	-0	-0	-0	903	0	-403	-0	-0	-0	-0	300	0	-203	-0	-0	-0	-0	300	0	200	-0
529	-0	-0	-0	1506	0	-203	-0	9.92	427.46	-11.21	2340.87	0	-170.82	629.49	-0	-0	-0	903	0	-403	-0	-0	-0	-0	300	0	-203	-0	-0	-0	-0	300	0	200	-0
530	-0	-0	-0	1506	0	-203	-0	10.4	436.53	-12.49	2341.41	0	-171.03	1060.74	-0	-0	-0	903	0	-403	-0	-0	-0	-0	300	0	-203	-0	-0	-0	-0	300	0	200	-0
531	-0	-0	-0	1506	0	-203	-0	12	439.96	-12.97	2342.75	0	-171.25	698.33	0	0	0	903	0	-403	0	-0	-0	-0	300	0	-203	-0	-0	-0	-0	300	0	200	-0
532	-0	-0	-0	1506	0	-203	-0	12.96	450.91	-13.13	2343.14	0	-171.29	1117.82	-0	-0	-0	903	0	-403	-0	-0	-0	-0	300	0	-203	-0	-0	-0	-0	300	0	200	-0
533	-0	-0	-0	1506	0	-203	-0	15.84	454.03	-14.09	2344.87	0	-170.96	785.41	-0	-0	-0	903	0	-403	-0	-0	-0	-0	300	0	-203	-0	-0	-0	-0	300	0	200	-0
534	-0	-0	-0	1506	0	-203	-0	17.28	465.29	-14.25	2344.96	0	-170.3	906.62	-0	-0	-0	903	0	-403	-0	-0	-0	-0	300	0	-203	-0	-0	-0	-0	300	0	200	-0
535	-0	-0	-0	1506	0	-203	-0	19.51	473.73	-14.42	2345.07	0	-170.66	1011.72	-0	-0	-0	903	0	-403	-0	-0	-0	-0	300	0	-203	-0	-0	-0	-0	300	0	200	-0
536	-0	-0	-0	1506	0	-203	-0	21.59	486.86	-14.74	2343.79	0	-169.72	1117.2	-0	-0	-0	903	0	-403	-0	-0	-0	-0	300	0	-203	-0	-0	-0	-0	300	0	200	-0
537	-0	-0	-0	1506	0	-203	-0	23.35	495	-14.74	2345.66	0	-170.42	887.87	-0	-0	-0	903	0	-403	-0	-0	-0	-0	300	0	-203	-0	-0	-0	-0	300	0	200	-0
538	-0	-0	-0	1506	0	-203	-0	26.39	504.38	-16.18	2345.77	0	-170.58	694.4	-0	-0	-0	903	0	-403	-0	-0	-0	-0	300	0	-203	-0	-0	-0	-0	300	0	200	-0
539	-0	-0	-0	1506	0	-203	-0	31.02	515.63	-15.22	2346.61	0	-170.62	765.76	-0	-0	-0	903	0	-403	-0	-0	-0	-0	300	0	-203	-0	-0	-0	-0	300	0	200	-0
540	-0	-0	-0	1506	0	-203	-0	32.62	528.15	-15.38	2345.15	0	-170.26	923.73	-0	-0	-0	903	0	-403	-0	0	0	0	300	0	-203	0	-0	-0	-0	300	0	200	-0
541	-0	-0	-0	1506	0	-203	-0	37.1	537.21	-13.46	2347.04	0	-169.74	1554.67	-0	-0	-0	903	0	-403	-0	-0	-0	-0	300	0	-203	-0	-0	-0	-0	300	0	200	-0
542	-0	-0	-0	1506	0	-203	-0	38.7	549.72	-14.42	2346.77	0	-170.04	957.71	0	0	0	903	0	-403	0	-0	-0	-0	300	0	-203	-0	-0	-0	-0	300	0	200	-0
543	-0	-0	-0	1506	0	-203	-0	42.22	560.35	-14.42	2347.47	0	-170.13	1206.07	-0	-0	-0	903	0	-403	-0	-0	-0	-0	300	0	-203	-0	-0	-0	-0	300	0	200	-0
544	-0	-0	-0	1506	0	-203	-0	44.93	569.42	-14.26	2348.19	0	-170.19	968.46	0	0	0	903	0	-403	0	-0	-0	-0	300	0	-203	-0	-0	-0	-0	300	0	200	-0
545	-0	-0	-0	1506	0	-203	-0	47.65	585.68	-13.62	2346.68	0	-170.15	1274.51	-0	-0	-0	903	0	-403	-0	-0	-0	-0	300	0	-203	-0	-0	-0	-0	300	0	200	-0
546	-0	-0	-0	1506	0	-203	-0	51.65	593.18	-12.5	2347.79	0	-170.1	1034.88	-0	-0	-0	903	0	-403	-0	0	0	0	300	0	-203	0	-0	-0	-0	300	0	200	-0
547	-0	-0	-0	1506	0	-203	-0	54.85	602.57	-13.3	2349.52	0	-170.93	1138.54	-0	-0	-0	903	0	-403	-0	-0	-0	-0	300	0	-203	-0	-0	-0	-0	300	0	200	-0
548	-0	-0	-0	1506	0	-203	-0	57.24	616.96	-11.06	2347.55	0	-171.26	1046.88	-0	-0	-0	903	0	-403	-0	-0	-0	-0	300	0	-203	-0	-0	-0	-0	300	0	200	-0
549	-0	-0	-0	1506	0	-203	-0	59.8	626.34	-9.94	2347.56	0	-171.3	1495.74	-0	-0	-0	903	0	-403	-0	-0	-0	-0	300	0	-203	-0	-0	-0	-0	300	0	200	-0
550	-0	-0	-0	1506	0	-203	-0	63.48	635.41	-8.18	2348.87	0	-171.91	1469.71	-0	-0	-0	903	0	-403	-0	-0	-0	-0	300	0	-203	-0	-0	-0	-0	300	0	200	-0
551	-0	-0	-0	1506	0	-203	-0	66.2	643.54	-8.34	2348.96	0	-171.27	1329.46	-0	-0	-0	903	0	-403	-0	-0	-0	-0	300	0	-203	-0	-0	-0	-0	300	0	200	-0
552	-0	-0	-0	1506	0	-203	-0	70.03	652.62	-6.1	2349.83	0	-172.41	1665.75	-0	-0	-0	903	0	-403	-0	-0	-0	-0	300	0	-203	-0	-0	-0	-0	300	0	200	-0
553	-0	-0	-0	1506	0	-203	-0	73.07	660.12	-4.66	2347.69	0	-172.2	1632.71	-0	-0	-0	903	0	-403	-0	-0	-0	-0	300	0	-203	-0	-0	-0	-0	300	0	200	-0
554	-0	-0	-0	1506	0	-203	-0	76.27	667.32	-3.22	2348.82	0	-173.05	1829.87	-0	-0	-0	903	0	-403	-0	-0	-0	-0	300	0	-203	-0	-0	-0	-0	300	0	200	-0
555	-0	-0	-0	1506	0	-203	-0	80.9	664.81	-2.73	2351.38	0	-172.57	1415.24	-0	-0	-0	903	0	-403	-0	-0	-0	-0	300	0	-203	-0	-0	-0	-0	300	0	200	-0
556	-0	-0	-0	1506	0	-203	-0	83.78	672.33	0.31	2350.74	0	-173.47	2119.6	-0	-0	-0	903	0	-403	-0	-0	-0	-0	300	0	-203	-0	-0	-0	-0	300	0	200	-0
557	-0	-0	-0	1506	0	-203	-0	86.5	677.96	0.95	2349.29	0	-174.01	1785.4	0	0	0	903	0	-403	0	-0	-0	-0	300	0	-203	-0	-0	-0	-0	300	0	200	-0
558	-0	-0	-0	1506	0	-203	-0	90.97	676.71	2.55	2351.35	0	-173.95	1988.68	-0	-0	-0	903	0	-403	-0	-0	-0	-0	300	0	-203	-0	-0	-0	-0	300	0	200	-0
559	-0	-0	-0	1506	0	-203	-0	94.97	676.41	4.31	2351.28	0	-174.64	1891.75	-0	-0	-0	903	0	-403	-0	-0	-0	-0	300	0	-203	-0	-0	-0	-0	300	0	200	-0
560	-0	-0	-0	1506	0	-203	-0	97.53	677.34	6.07	2351.59	0	-174.73	2120	-0	-0	-0	903	0	-403	-0	-0	-0	-0	300	0	-203	-0	-0	-0	-0	300	0	200	-0
561	-0	-0	-0	1506	0	-203	-0	101.36	676.72	8.31	2351.16	0	-175.32	2176.13	-0	-0	-0	903	0	-403	-0	-0	-0	-0	300	0	-203	-0	-0	-0	-0	300	0	200	-0
562	-0	-0	-0	1506	0	-203	-0	102.96	675.48	8.63	2350.79	0	-175.69	1912.36	-0	-0	-0	903	0	-403	-0	0	0	0	300	0	-203	0	-0	-0	-0	300	0	200	-0
563	-0	-0	-0	1506	0	-203	-0	107.76	670.16	10.71	2352.03	0	-176.39	2212.27	0	0	0	903	0	-403	0	-0	-0	-0	300	0	-203	-0	-0	-0	-0	300	0	200	-0
564	-0	-0	-0	1506	0	-203	-0	109.84	664.54	11.03	2352.35	0	-176.36	1807.81	-0	-0	-0	903	0	-403	-0	-0	-0	-0	300	0	-203	-0	-0	-0	-0	300	0	200	-0
565	-0	-0	-0	1506	0	-203	-0	113.99	659.85	12.63	2352.96	0	-176.68	2168.14	-0	-0	-0	903	0	-403	-0	-0	-0	-0	300	0	-203	-0	-0	-0	-0	300	0	200	-0
566	-0	-0	-0	1506	0	-203	-0	116.07	656.41	13.75	2352.2	0	-177.09	2052.52	-0	-0	-0	903	0	-403	-0	-0	-0	-0	300	0	-203	-0	-0	-0	-0	300	0	200	-0
567	-0	-0	-0	1506	0	-203	-0	118.47	649.85	14.55	2352.81	0	-177.29	2280.91	-0	-0	-0	903	0	-403	-0	0	0	0	300	0	-203	0	-0	-0	-0	300	0	200	-0
568	-0	-0	-0	1506	0	-203	-0	122.3	637.97	13.75	2354.31	0	-177.69	1757.24	-0	-0	-0	903	0	-403	-0	-0	-0	-0	300	0	-203	-0	-0	-0	-0	300	0	200	-0
569	-0	-0	-0	1506	0	-203	-0	125.5	630.15	12.48	2354.92	0	-178.24	1402.71	-0	-0	-0	903	0	-403	-0	-0	-0	-0	300	0	-203	-0	-0	-0	-0	300	0	200	-0
570	-0	-0	-0	1506	0	-203	-0	127.9	627.03	14.71	2353.13	0	-178.07	1811.48	0	0	0	903	0	-403	0	-0	-0	-0	300	0	-203	-0	-0	-0	-0	300	0	200	-0
571	-0	-0	-0	1506	0	-203	-0	130.78	614.21	13.43	2354.89	0	-178.31	1497.24	-0	-0	-0	903	0	-403	-0	-0	-0	-0	300	0	-203	-0	-0	-0	-0	300	0	200	-0
572	-0	-0	-0	1506	0	-203	-0	132.85	605.14	14.39	2354.92	0	-179.54	1889.39	-0	-0	-0	903	0	-403	-0	-0	-0	-0	300	0	-203	-0	-0	-0	-0	300	0	200	-0
573	-0	-0	-0	1506	0	-203	-0	136.37	590.75	13.27	2356.75	0	-179.06	1573.27	-0	-0	-0	903	0	-403	-0	-0	-0	-0	300	0	-203	-0	-0	-0	-0	300	0	200	-0
574	-0	-0	-0	1506	0	-203	-0	139.41	580.12	12.79	2356.58	0	-180.34	1494.37	0	0	0	903	0	-403	0	-0	-0	-0	300	0	-203	-0	-0	-0	-0	300	0	200	-0
575	-0	-0	-0	1506	0	-203	-0	140.53	569.49	12.8	2354.92	0	-179.91	1049.62	0	0	0	903	0	-403	0	-0	-0	-0	300	0	-203	-0	-0	-0	-0	300	0	200	-0
576	-0	-0	-0	1506	0	-203	-0	143.08	555.74	13.91	2356.28	0	-180.86	1502.8	-0	-0	-0	903	0	-403	-0	-0	-0	-0	300	0	-203	-0	-0	-0	-0	300	0	200	-0
577	-0	-0	-0	1506	0	-203	-0	142.6	539.16	13.75	2357.22	0	-180.81	1543.5	-0	-0	-0	903	0	-403	-0	0	0	0	300	0	-203	0	-0	-0	-0	300	0	200	-0
578	-0	-0	-0	1506	0	-203	-0	144.84	523.84	14.07	2356.93	0	-181.2	1485.08	-0	-0	-0	903	0	-403	-0	-0	-0	-0	300	0	-203	-0	-0	-0	-0	300	0	200	-0
579	-0	-0	-0	1506	0	-203	-0	145.8	507.9	13.59	2355.07	0	-181.96	1015.74	-0	-0	-0	903	0	-403	-0	-0	-0	-0	300	0	-203	-0	-0	-0	-0	300	0	200	-0
580	-0	-0	-0	1506	0	-203	-0	145.64	490.38	14.23	2356.7	0	-182.21	1408.15	-0	-0	-0	903	0	-403	-0	-0	-0	-0	300	0	-203	-0	-0	-0	-0	300	0	200	-0
581	-0	-0	-0	1506	0	-203	-0	144.68	468.5	13.91	2355.62	0	-182.7	868.76	-0	-0	-0	903	0	-403	-0	-0	-0	-0	300	0	-203	-0	-0	-0	-0	300	0	200	-0
582	-0	-0	-0	1506	0	-203	-0	143.24	443.48	13.75	2356.97	0	-182.92	1290.89	-0	-0	-0	903	0	-403	-0	-0	-0	-0	300	0	-203	-0	-0	-0	-0	300	0	200	-0
583	-0	-0	-0	1506	0	-203	-0	142.12	414.71	13.27	2356.85	0	-184.28	799.07	0	0	0	903	0	-403	0	0	0	0	300	0	-203	0	-0	-0	-0	300	0	200	-0
584	-0	-0	-0	1506	0	-203	-0	138.12	385.94	13.59	2357.97	0	-184	960.63	-0	-0	-0	903	0	-403	-0	-0	-0	-0	300	0	-203	-0	-0	-0	-0	300	0	200	-0
585	-0	-0	-0	1506	0	-203	-0	132.85	357.17	12.63	2356.65	0	-185.74	646.08	-0	-0	-0	903	0	-403	-0	-0	-0	-0	300	0	-203	-0	-0	-0	-0	300	0	200	-0
586	-0	-0	-0	1506	0	-203	-0	126.93	324.33	12.31	2356.35	0	-184.82	466.42	-0	-0	-0	903	0	-403	-0	-0	-0	-0	300	0	-203	-0	-0	-0	-0	300	0	200	-0
587	-0	-0	-0	1506	0	-203	-0	119.1	289.62	12.48	2356.41	0	-186.61	350.57	-0	-0	-0	903	0	-403	-0	-0	-0	-0	300	0	-203	-0	-0	-0	-0	300	0	200	-0
588	-0	-0	-0	1506	0	-203	-0	106.95	253.65	12.47	2357.87	0	-185.59	355.51	-0	-0	-0	903	0	-403	-0	-0	-0	-0	300	0	-203	-0	-0	-0	-0	300	0	200	-0
589	-0	-0	-0	1506	0	-203	-0	93.68	215.81	11.52	2358.84	0	-187.77	440.67	-0	-0	-0	903	0	-403	-0	-0	-0	-0	300	0	-203	-0	-0	-0	-0	300	0	200	-0
590	-0	-0	-0	1506	0	-203	-0	78.81	178.28	10.88	2352.69	0	-187.63	1.62	-0	-0	-0	903	0	-403	-0	-0	-0	-0	300	0	-203	-0	-0	-0	-0	300	0	200	-0
591	-0	-0	-0	1506	0	-203	-0	63.46	134.8	10.24	2362.25	0	-188.7	322.42	-0	-0	-0	903	0	-403	-0	-0	-0	-0	300	0	-203	-0	-0	-0	-0	300	0	200	-0
592	-0	-0	-0	1506	0	-203	-0	46.52	94.45	10.08	2360.47	0	-186.16	367.91	-0	-0	-0	903	0	-403	-0	-0	-0	-0	300	0	-203	-0	-0	-0	-0	300	0	200	-0
593	-0	-0	-0	1506	0	-203	-0	32.61	58.48	6.88	2378.58	0	-185.37	44.22	-0	-0	-0	903	0	-403	-0	-0	-0	-0	300	0	-203	-0	-0	-0	-0	300	0	200	-0
594	-0	-0	-0	1506	0	-203	-0	21.74	32.84	6.08	2386.53	0	-179.46	-41.07	0	0	0	903	0	-403	0	-0	-0	-0	300	0	-203	-0	-0	-0	-0	300	0	200	-0
595	-0	-0	-0	1506	0	-203	-0	-0	-0	-0	2109	0	-203	-0	-0	-0	-0	903	0	-403	-0	-0	-0	-0	300	0	-203	-0	-0	-0	-0	300	0	200	-0
596	-0	-0	-0	1506	0	-203	-0	-0	-0	-0	2109	0	-203	-0	-0	-0	-0	903	0	-403	-0	-0	-0	-0	300	0	-203	-0	-0	-0	-0	300	0	200	-0
597	-0	-0	-0	1506	0	-203	-0	-0	-0	-0	2109	0	-203	-0	-0	-0	-0	903	0	-403	-0	-0	-0	-0	300	0	-203	-0	-0	-0	-0	300	0	200	-0
598	-0	-0	-0	1506	0	-203	-0	-0	-0	-0	2109	0	-203	-0	-0	-0	-0	903	0	-403	-0	-0	-0	-0	300	0	-203	-0	-0	-0	-0	300	0	200	-0
599	-0	-0	-0	1506	0	-203	-0	-0	-0	-0	2109	0	-203	-0	-0	-0	-0	903	0	-403	-0	0	0	0	300	0	-203	0	-0	-0	-0	300	0	200	-0
600	-0	-0	-0	1506	0	-203	-0	-0	-0	-0	2109	0	-203	-0	-0	-0	-0	903	0	-403	-0	-0	-0	-0	300	0	-203	-0	-0	-0	-0	300	0	200	-0
601	-0	-0	-0	1506	0	-203	-0	-0	-0	-0	2109	0	-203	-0	-0	-0	-0	903	0	-403	-0	-0	-0	-0	300	0	-203	-0	-0	-0	-0	300	0	200	-0
602	-0	-0	-0	1506	0	-203	-0	-0	-0	-0	2109	0	-203	-0	-0	-0	-0	903	0	-403	-0	0	0	0	300	0	-203	0	-0	-0	-0	300	0	200	-0
603	-0	-0	-0	1506	0	-203	-0	-0	-0	-0	2109	0	-203	-0	-0	-0	-0	903	0	-403	-0	-0	-0	-0	300	0	-203	-0	-0	-0	-0	300	0	200	-0
604	-0	-0	-0	1506	0	-203	-0	-0	-0	-0	2109	0	-203	-0	-0	-0	-0	903	0	-403	-0	-0	-0	-0	300	0	-203	-0	-0	-0	-0	300	0	200	-0
605	-0	-0	-0	1506	0	-203	-0	-0	-0	-0	2109	0	-203	-0	-0	-0	-0	903	0	-403	-0	-0	-0	-0	300	0	-203	-0	-0	-0	-0	300	0	200	-0
606	-0	-0	-0	1506	0	-203	-0	-0	-0	-0	2109	0	-203	-0	-0	-0	-0	903	0	-403	-0	-0	-0	-0	300	0	-203	-0	-0	-0	-0	300	0	200	-0
607	-0	-0	-0	1506	0	-203	-0	-0	-0	-0	2109	0	-203	-0	-0	-0	-0	903	0	-403	-0	-0	-0	-0	300	0	-203	-0	-0	-0	-0	300	0	200	-0
608	-0	-0	-0	1506	0	-203	-0	-0	-0	-0	2109	0	-203	-0	-0	-0	-0	903	0	-403	-0	-0	-0	-0	300	0	-203	-0	-0	-0	-0	300	0	200	-0
609	-0	-0	-0	1506	0	-203	-0	-0	-0	-0	2109	0	-203	-0	-0	-0	-0	903	0	-403	-0	-0	-0	-0	300	0	-203	-0	-0	-0	-0	300	0	200	-0
610	-0	-0	-0	1506	0	-203	-0	-0	-0	-0	2109	0	-203	-0	-0	-0	-0	903	0	-403	-0	-0	-0	-0	300	0	-203	-0	-0	-0	-0	300	0	200	-0
611	-0	-0	-0	1506	0	-203	-0	-0	-0	-0	2109	0	-203	-0	-0	-0	-0	903	0	-403	-0	-0	-0	-0	300	0	-203	-0	-0	-0	-0	300	0	200	-0
612	-0	-0	-0	1506	0	-203	-0	-0	-0	-0	2109	0	-203	-0	-0	-0	-0	903	0	-403	-0	-0	-0	-0	300	0	-203	-0	-0	-0	-0	300	0	200	-0
613	-0	-0	-0	1506	0	-203	-0	-0	-0	-0	2109	0	-203	-0	-0	-0	-0	903	0	-403	-0	-0	-0	-0	300	0	-203	-0	-0	-0	-0	300	0	200	-0
614	-0	-0	-0	1506	0	-203	-0	-0	-0	-0	2109	0	-203	-0	-0	-0	-0	903	0	-403	-0	-0	-0	-0	300	0	-203	-0	-0	-0	-0	300	0	200	-0
615	-0	-0	-0	1506	0	-203	-0	-0	-0	-0	2109	0	-203	-0	-0	-0	-0	903	0	-403	-0	0	0	0	300	0	-203	0	-0	-0	-0	300	0	200	-0
616	-0	-0	-0	1506	0	-203	-0	-0	-0	-0	2109	0	-203	-0	-0	-0	-0	903	0	-403	-0	-0	-0	-0	300	0	-203	-0	-0	-0	-0	300	0	200	-0
617	-0	-0	-0	1506	0	-203	-0	-0	-0	-0	2109	0	-203	-0	-0	-0	-0	903	0	-403	-0	0	0	0	300	0	-203	0	-0	-0	-0	300	0	200	-0
618	-0	-0	-0	1506	0	-203	-0	-0	-0	-0	2109	0	-203	-0	-0	-0	-0	903	0	-403	-0	-0	-0	-0	300	0	-203	-0	-0	-0	-0	300	0	200	-0
619	-0	-0	-0	1506	0	-203	-0	-0	-0	-0	2109	0	-203	-0	-0	-0	-0	903	0	-403	-0	-0	-0	-0	300	0	-203	-0	-0	-0	-0	300	0	200	-0
620	-0	-0	-0	1506	0	-203	-0	-0	-0	-0	2109	0	-203	-0	-0	-0	-0	903	0	-403	-0	-0	-0	-0	300	0	-203	-0	-0	-0	-0	300	0	200	-0
621	-0	-0	-0	1506	0	-203	-0	-0	-0	-0	2109	0	-203	-0	-0	-0	-0	903	0	-403	-0	-0	-0	-0	300	0	-203	-0	-0	-0	-0	300	0	200	-0
622	-0	-0	-0	1506	0	-203	-0	-0	-0	-0	2109	0	-203	-0	-0	-0	-0	903	0	-403	-0	-0	-0	-0	300	0	-203	-0	-0	-0	-0	300	0	200	-0
623	-0	-0	-0	1506	0	-203	-0	-0	-0	-0	2109	0	-203	-0	-0	-0	-0	903	0	-403	-0	0	0	0	300	0	-203	0	-0	-0	-0	300	0	200	-0
624	-0	-0	-0	1506	0	-203	-0	-0	-0	-0	2109	0	-203	-0	-0	-0	-0	903	0	-403	-0	0	0	0	300	0	-203	0	-0	-0	-0	300	0	200	-0
625	-0	-0	-0	1506	0	-203	-0	-0	-0	-0	2109	0	-203	-0	-0	-0	-0	903	0	-403	-0	0	0	0	300	0	-203	0	-0	-0	-0	300	0	200	-0
626	-0	-0	-0	1506	0	-203	-0	-0	-0	-0	2109	0	-203	-0	-0	-0	-0	903	0	-403	-0	-0	-0	-0	300	0	-203	-0	-0	-0	-0	300	0	200	-0
627	-0	-0	-0	1506	0	-203	-0	-0	-0	-0	2109	0	-203	-0	-0	-0	-0	903	0	-403	-0	-0	-0	-0	300	0	-203	-0	-0	-0	-0	300	0	200	-0
628	-0	-0	-0	1506	0	-203	-0	-0	-0	-0	2109	0	-203	-0	-0	-0	-0	903	0	-403	-0	-0	-0	-0	300	0	-203	-0	-0	-0	-0	300	0	200	-0
629	-0	-0	-0	1506	0	-203	-0	-0	-0	-0	2109	0	-203	-0	-0	-0	-0	903	0	-403	-0	0	0	0	300	0	-203	0	-0	-0	-0	300	0	200	-0
630	-0	-0	-0	1506	0	-203	-0	-0	-0	-0	2109	0	-203	-0	-0	-0	-0	903	0	-403	-0	-0	-0	-0	300	0	-203	-0	-0	-0	-0	300	0	200	-0
631	-0	-0	-0	1506	0	-203	-0	-0	-0	-0	2109	0	-203	-0	-0	-0	-0	903	0	-403	-0	-0	-0	-0	300	0	-203	-0	-0	-0	-0	300	0	200	-0
632	-0	-0	-0	1506	0	-203	-0	-0	-0	-0	2109	0	-203	-0	-0	-0	-0	903	0	-403	-0	0	0	0	300	0	-203	0	-0	-0	-0	300	0	200	-0
633	-0	-0	-0	1506	0	-203	-0	-0	-0	-0	2109	0	-203	-0	-0	-0	-0	903	0	-403	-0	-0	-0	-0	300	0	-203	-0	-0	-0	-0	300	0	200	-0
634	-0	-0	-0	1506	0	-203	-0	-0	-0	-0	2109	0	-203	-0	0	0	0	903	0	-403	0	-0	-0	-0	300	0	-203	-0	-0	-0	-0	300	0	200	-0
