Time	Fx1	Fy1	Fz1	COPx1	COPy1	COPz1	Ty1	Fx2	Fy2	Fz2	COPx2	COPy2	COPz2	Ty2	Fx3	Fy3	Fz3	COPx3	COPy3	COPz3	Ty3	Fx4	Fy4	Fz4	COPx4	COPy4	COPz4	Ty4	Fx5	Fy5	Fz5	COPx5	COPy5	COPz5	Ty5
1	0	0	0	1506	0	-203	0	0	0	0	2109	0	-203	0	0	0	0	903	0	-403	0	0	0	0	300	0	-203	0	0	0	0	300	0	200	0
2	-0	-0	-0	1506	0	-203	-0	-0	-0	-0	2109	0	-203	-0	-0	-0	-0	903	0	-403	-0	-0	-0	-0	300	0	-203	-0	-0	-0	-0	300	0	200	-0
3	-0	-0	-0	1506	0	-203	-0	-0	-0	-0	2109	0	-203	-0	-0	-0	-0	903	0	-403	-0	-0	-0	-0	300	0	-203	-0	-0	-0	-0	300	0	200	-0
4	-0	-0	-0	1506	0	-203	-0	-0	-0	-0	2109	0	-203	-0	-0	-0	-0	903	0	-403	-0	0	0	0	300	0	-203	0	-0	-0	-0	300	0	200	-0
5	-0	-0	-0	1506	0	-203	-0	-0	-0	-0	2109	0	-203	-0	-0	-0	-0	903	0	-403	-0	0	0	0	300	0	-203	0	-0	-0	-0	300	0	200	-0
6	-0	-0	-0	1506	0	-203	-0	-0	-0	-0	2109	0	-203	-0	-0	-0	-0	903	0	-403	-0	-0	-0	-0	300	0	-203	-0	-0	-0	-0	300	0	200	-0
7	-0	-0	-0	1506	0	-203	-0	-0	-0	-0	2109	0	-203	-0	-0	-0	-0	903	0	-403	-0	0	0	0	300	0	-203	0	-0	-0	-0	300	0	200	-0
8	-0	-0	-0	1506	0	-203	-0	-0	-0	-0	2109	0	-203	-0	-0	-0	-0	903	0	-403	-0	-0	-0	-0	300	0	-203	-0	-0	-0	-0	300	0	200	-0
9	-0	-0	-0	1506	0	-203	-0	-0	-0	-0	2109	0	-203	-0	-0	-0	-0	903	0	-403	-0	-0	-0	-0	300	0	-203	-0	0	0	0	300	0	200	0
10	-0	-0	-0	1506	0	-203	-0	-0	-0	-0	2109	0	-203	-0	-0	-0	-0	903	0	-403	-0	-6.18	67.33	-0.48	14.04	0	-214.27	73.17	0	0	0	300	0	200	0
11	-0	-0	-0	1506	0	-203	-0	-0	-0	-0	2109	0	-203	-0	-0	-0	-0	903	0	-403	-0	-14.46	334.49	25.25	24.27	0	-217.8	195.58	-0	-0	-0	300	0	200	-0
12	-0	-0	-0	1506	0	-203	-0	-0	-0	-0	2109	0	-203	-0	-0	-0	-0	903	0	-403	-0	-32.65	374.67	42.01	27.01	0	-217.87	-80.68	-0	-0	-0	300	0	200	-0
13	-0	-0	-0	1506	0	-203	-0	-0	-0	-0	2109	0	-203	-0	-0	-0	-0	903	0	-403	-0	-68.42	464.53	30	34.51	0	-215.14	-350.05	-0	-0	-0	300	0	200	-0
14	-0	-0	-0	1506	0	-203	-0	-0	-0	-0	2109	0	-203	-0	-0	-0	-0	903	0	-403	-0	-98.55	483	12.01	42.2	0	-212.28	-244.93	-0	-0	-0	300	0	200	-0
15	-0	-0	-0	1506	0	-203	-0	-0	-0	-0	2109	0	-203	-0	-0	-0	-0	903	0	-403	-0	-89.46	488.7	-1.43	48.82	0	-209.15	364.46	-0	-0	-0	300	0	200	-0
16	-0	-0	-0	1506	0	-203	-0	-0	-0	-0	2109	0	-203	-0	-0	-0	-0	903	0	-403	-0	-89.53	503.36	-13.44	55.48	0	-206.48	602.45	-0	-0	-0	300	0	200	-0
17	-0	-0	-0	1506	0	-203	-0	-0	-0	-0	2109	0	-203	-0	-0	-0	-0	903	0	-403	-0	-113.15	532.14	-18.67	62.85	0	-205.13	241.72	-0	-0	-0	300	0	200	-0
18	-0	-0	-0	1506	0	-203	-0	-0	-0	-0	2109	0	-203	-0	-0	-0	-0	903	0	-403	-0	-127.81	582.09	-11.74	67.68	0	-204.63	-222.06	-0	-0	-0	300	0	200	-0
19	-0	-0	-0	1506	0	-203	-0	-0	-0	-0	2109	0	-203	-0	-0	-0	-0	903	0	-403	-0	-128.21	635.58	-3.6	70.67	0	-203.48	-168.9	-0	-0	-0	300	0	200	-0
20	-0	-0	-0	1506	0	-203	-0	-0	-0	-0	2109	0	-203	-0	0	0	0	903	0	-403	0	-122.65	682.82	0.34	72.2	0	-203.5	-123.73	-0	-0	-0	300	0	200	-0
21	-0	-0	-0	1506	0	-203	-0	-0	-0	-0	2109	0	-203	-0	-0	-0	-0	903	0	-403	-0	-119.87	716.48	1.49	74.62	0	-203.1	-294.63	-0	-0	-0	300	0	200	-0
22	-0	-0	-0	1506	0	-203	-0	-0	-0	-0	2109	0	-203	-0	-0	-0	-0	903	0	-403	-0	-113.01	737.93	-1.02	76.6	0	-202.7	-416.26	-0	-0	-0	300	0	200	-0
23	-0	-0	-0	1506	0	-203	-0	-0	-0	-0	2109	0	-203	-0	-0	-0	-0	903	0	-403	-0	-106.77	758.29	-7.19	78.81	0	-201.51	-447.41	-0	-0	-0	300	0	200	-0
24	-0	-0	-0	1506	0	-203	-0	-0	-0	-0	2109	0	-203	-0	-0	-0	-0	903	0	-403	-0	-98.96	769.97	-11.27	80.89	0	-200.24	-518.28	-0	-0	-0	300	0	200	-0
25	-0	-0	-0	1506	0	-203	-0	-0	-0	-0	2109	0	-203	-0	-0	-0	-0	903	0	-403	-0	-92.72	772.41	-14.66	83.71	0	-198.93	-440.77	-0	-0	-0	300	0	200	-0
26	-0	-0	-0	1506	0	-203	-0	-0	-0	-0	2109	0	-203	-0	-0	-0	-0	903	0	-403	-0	-89.12	771.6	-18.33	87.25	0	-197.32	-392.38	-0	-0	-0	300	0	200	-0
27	-0	-0	-0	1506	0	-203	-0	-0	-0	-0	2109	0	-203	-0	-0	-0	-0	903	0	-403	-0	-85.59	770.51	-22.19	91.36	0	-195.32	-392.36	-0	-0	-0	300	0	200	-0
28	-0	-0	-0	1506	0	-203	-0	-0	-0	-0	2109	0	-203	-0	-0	-0	-0	903	0	-403	-0	-82.74	769.97	-26.13	95.71	0	-193.49	-463.43	-0	-0	-0	300	0	200	-0
29	-0	-0	-0	1506	0	-203	-0	-0	-0	-0	2109	0	-203	-0	-0	-0	-0	903	0	-403	-0	-79.55	764.54	-29.19	99.51	0	-190.99	-483.2	-0	-0	-0	300	0	200	-0
30	-0	-0	-0	1506	0	-203	-0	-0	-0	-0	2109	0	-203	-0	0	0	0	903	0	-403	0	-76.15	759.11	-31.63	104.25	0	-188.9	-302.91	-0	-0	-0	300	0	200	-0
31	-0	-0	-0	1506	0	-203	-0	-0	-0	-0	2109	0	-203	-0	-0	-0	-0	903	0	-403	-0	-72.15	751.51	-32.04	108.29	0	-186.87	-115.85	-0	-0	-0	300	0	200	-0
32	-0	-0	-0	1506	0	-203	-0	-0	-0	-0	2109	0	-203	-0	-0	-0	-0	903	0	-403	-0	-67.13	741.73	-30.54	111.71	0	-185.06	35.56	-0	-0	-0	300	0	200	-0
33	-0	-0	-0	1506	0	-203	-0	-0	-0	-0	2109	0	-203	-0	-0	-0	-0	903	0	-403	-0	-61.56	731.42	-29.19	115.07	0	-183.54	187.41	-0	-0	-0	300	0	200	-0
34	-0	-0	-0	1506	0	-203	-0	-0	-0	-0	2109	0	-203	-0	-0	-0	-0	903	0	-403	-0	-56.74	715.94	-28.51	117.95	0	-181.94	335.14	-0	-0	-0	300	0	200	-0
35	-0	-0	-0	1506	0	-203	-0	-0	-0	-0	2109	0	-203	-0	-0	-0	-0	903	0	-403	-0	-52.2	701.55	-29.19	121.32	0	-180.21	327.48	-0	-0	-0	300	0	200	-0
36	-0	-0	-0	1506	0	-203	-0	-0	-0	-0	2109	0	-203	-0	-0	-0	-0	903	0	-403	-0	-48.39	688.79	-31.22	124.77	0	-178.53	236.89	-0	-0	-0	300	0	200	-0
37	-0	-0	-0	1506	0	-203	-0	-0	-0	-0	2109	0	-203	-0	-0	-0	-0	903	0	-403	-0	-44.73	677.66	-33.73	127.61	0	-176.93	116.63	-0	-0	-0	300	0	200	-0
38	-0	-0	-0	1506	0	-203	-0	-0	-0	-0	2109	0	-203	-0	-0	-0	-0	903	0	-403	-0	-40.11	669.51	-34.75	130.23	0	-175.64	-86.64	-0	-0	-0	300	0	200	-0
39	-0	-0	-0	1506	0	-203	-0	-0	-0	-0	2109	0	-203	-0	-0	-0	-0	903	0	-403	-0	-36.04	663.54	-34.34	132.72	0	-175	-24.23	-0	-0	-0	300	0	200	-0
40	-0	-0	-0	1506	0	-203	-0	-0	-0	-0	2109	0	-203	-0	0	0	0	903	0	-403	0	-32.17	659.74	-31.9	134.87	0	-174.46	76.26	-0	-0	-0	300	0	200	-0
41	-0	-0	-0	1506	0	-203	-0	-0	-0	-0	2109	0	-203	-0	-0	-0	-0	903	0	-403	-0	-27.83	657.57	-29.05	136.74	0	-174.24	276.47	-0	-0	-0	300	0	200	-0
42	-0	-0	-0	1506	0	-203	-0	-0	-0	-0	2109	0	-203	-0	-0	-0	-0	903	0	-403	-0	-24.16	657.3	-26.06	138.83	0	-173.88	542.89	-0	-0	-0	300	0	200	-0
43	-0	-0	-0	1506	0	-203	-0	-0	-0	-0	2109	0	-203	-0	-0	-0	-0	903	0	-403	-0	-20.23	658.11	-23.48	140.91	0	-173.49	676.4	-0	-0	-0	300	0	200	-0
44	-0	-0	-0	1506	0	-203	-0	-0	-0	-0	2109	0	-203	-0	-0	-0	-0	903	0	-403	-0	-16.36	659.74	-21.99	143.25	0	-173.02	799.9	0	0	0	300	0	200	0
45	-0	-0	-0	1506	0	-203	-0	-0	-0	-0	2109	0	-203	-0	-0	-0	-0	903	0	-403	-0	-13.17	662.46	-22.06	145.33	0	-172.27	851.33	-0	-0	-0	300	0	200	-0
46	-0	-0	-0	1506	0	-203	-0	-0	-0	-0	2109	0	-203	-0	-0	-0	-0	903	0	-403	-0	-10.11	666.8	-22.87	147.79	0	-171.62	768.33	-0	-0	-0	300	0	200	-0
47	-0	-0	-0	1506	0	-203	-0	-0	-0	-0	2109	0	-203	-0	-0	-0	-0	903	0	-403	-0	-6.11	671.41	-24.57	149.94	0	-170.83	752.84	-0	-0	-0	300	0	200	-0
48	-0	-0	-0	1506	0	-203	-0	-0	-0	-0	2109	0	-203	-0	-0	-0	-0	903	0	-403	-0	-2.24	674.94	-25.72	151.95	0	-169.75	724.63	-0	-0	-0	300	0	200	-0
49	-0	-0	-0	1506	0	-203	-0	-0	-0	-0	2109	0	-203	-0	-0	-0	-0	903	0	-403	-0	1.9	681.19	-26.61	154.54	0	-169.03	662.77	-0	-0	-0	300	0	200	-0
50	-0	-0	-0	1506	0	-203	-0	-0	-0	-0	2109	0	-203	-0	-0	-0	-0	903	0	-403	-0	6.86	687.43	-27.62	156.61	0	-168.27	718.26	-0	-0	-0	300	0	200	-0
51	-0	-0	-0	1506	0	-203	-0	-0	-0	-0	2109	0	-203	-0	-0	-0	-0	903	0	-403	-0	11.61	696.39	-28.78	158.71	0	-167.69	830.73	-0	-0	-0	300	0	200	-0
52	-0	-0	-0	1506	0	-203	-0	-0	-0	-0	2109	0	-203	-0	-0	-0	-0	903	0	-403	-0	17.17	706.71	-30.14	160.56	0	-167.11	858.65	-0	-0	-0	300	0	200	-0
53	-0	-0	-0	1506	0	-203	-0	-0	-0	-0	2109	0	-203	-0	-0	-0	-0	903	0	-403	-0	22.94	716.21	-31.9	161.87	0	-166.37	804.46	-0	-0	-0	300	0	200	-0
54	-0	-0	-0	1506	0	-203	-0	-0	-0	-0	2109	0	-203	-0	-0	-0	-0	903	0	-403	-0	30.2	728.43	-35.63	163.22	0	-165.98	456.34	-0	-0	-0	300	0	200	-0
55	-0	-0	-0	1506	0	-203	-0	-0	-0	-0	2109	0	-203	-0	-0	-0	-0	903	0	-403	-0	36.52	740.65	-36.11	164.56	0	-165.91	567.28	-0	-0	-0	300	0	200	-0
56	-0	-0	-0	1506	0	-203	-0	-0	-0	-0	2109	0	-203	-0	-0	-0	-0	903	0	-403	-0	42.83	754.49	-36.31	165.7	0	-165.95	691.97	-0	-0	-0	300	0	200	-0
57	-0	-0	-0	1506	0	-203	-0	-0	-0	-0	2109	0	-203	-0	-0	-0	-0	903	0	-403	-0	51.31	769.15	-36.11	166.48	0	-165.97	804.18	0	0	0	300	0	200	0
58	-0	-0	-0	1506	0	-203	-0	-0	-0	-0	2109	0	-203	-0	-0	-0	-0	903	0	-403	-0	60.14	785.99	-36.24	167.2	0	-166.19	990.95	-0	-0	-0	300	0	200	-0
59	-0	-0	-0	1506	0	-203	-0	-0	-0	-0	2109	0	-203	-0	-0	-0	-0	903	0	-403	-0	68.28	800.92	-36.52	168.14	0	-166.3	1099	-0	-0	-0	300	0	200	-0
60	-0	-0	-0	1506	0	-203	-0	-0	-0	-0	2109	0	-203	-0	0	0	0	903	0	-403	0	76.09	811.78	-37.2	168.79	0	-166.56	1330.12	0	0	0	300	0	200	0
61	-0	-0	-0	1506	0	-203	-0	-0	-0	-0	2109	0	-203	-0	-0	-0	-0	903	0	-403	-0	83.21	818.3	-37.13	169.6	0	-166.63	1273.56	-0	-0	-0	300	0	200	-0
62	-0	-0	-0	1506	0	-203	-0	-0	-0	-0	2109	0	-203	-0	-0	-0	-0	903	0	-403	-0	90.88	821.82	-37.74	170.74	0	-167.02	1292.33	-0	-0	-0	300	0	200	-0
63	-0	-0	-0	1506	0	-203	-0	-0	-0	-0	2109	0	-203	-0	-0	-0	-0	903	0	-403	-0	98.35	816.12	-37.94	171.38	0	-167.17	1172.11	-0	-0	-0	300	0	200	-0
64	-0	-0	-0	1506	0	-203	-0	-0	-0	-0	2109	0	-203	-0	-0	-0	-0	903	0	-403	-0	105.34	807.44	-38.15	172.5	0	-167.64	1090.39	0	0	0	300	0	200	0
65	-0	-0	-0	1506	0	-203	-0	-0	-0	-0	2109	0	-203	-0	-0	-0	-0	903	0	-403	-0	110.02	793.59	-37.4	173.81	0	-168.14	992.24	0	0	0	300	0	200	0
66	-0	-0	-0	1506	0	-203	-0	-0	-0	-0	2109	0	-203	-0	-0	-0	-0	903	0	-403	-0	114.71	777.84	-36.11	175.05	0	-168.94	927.15	-0	-0	-0	300	0	200	-0
67	-0	-0	-0	1506	0	-203	-0	-0	-0	-0	2109	0	-203	-0	-0	-0	-0	903	0	-403	-0	116.88	758.57	-34.48	177.76	0	-169.95	1116.76	-0	-0	-0	300	0	200	-0
68	-0	-0	-0	1506	0	-203	-0	-0	-0	-0	2109	0	-203	-0	12.15	151.22	-4.41	623.37	0	-265.47	553.97	117.69	765.9	-37.06	197.36	0	-174.89	3827.91	-0	-0	-0	300	0	200	-0
69	-0	-0	-0	1506	0	-203	-0	-0	-0	-0	2109	0	-203	-0	-12.08	398.29	-43.58	623.44	0	-261.89	700.24	132.63	751.51	-43.85	206.9	0	-177.16	6285.51	-0	-0	-0	300	0	200	-0
70	-0	-0	-0	1506	0	-203	-0	-0	-0	-0	2109	0	-203	-0	-54.91	419.73	-41.81	625.27	0	-261.11	436.08	128.08	666.8	-28.1	192.03	0	-175.14	2647.91	-0	-0	-0	300	0	200	-0
71	-0	-0	-0	1506	0	-203	-0	-0	-0	-0	2109	0	-203	-0	-99.64	462.9	-19.55	628.95	0	-263.26	329.28	124.28	587.52	-13.57	183.54	0	-176.03	678.52	-0	-0	-0	300	0	200	-0
72	-0	-0	-0	1506	0	-203	-0	-0	-0	-0	2109	0	-203	-0	-102.08	454.76	-4.07	632.92	0	-265.73	855.49	117.08	524.53	-7.06	185.54	0	-177.84	744.17	-0	-0	-0	300	0	200	-0
73	-0	-0	-0	1506	0	-203	-0	-0	-0	-0	2109	0	-203	-0	-86.2	567.43	1.29	643.75	0	-271.19	674.04	109.01	452.59	-1.22	187.52	0	-179.6	775.53	-0	-0	-0	300	0	200	-0
74	-0	-0	-0	1506	0	-203	-0	-0	-0	-0	2109	0	-203	-0	-109.89	592.68	5.16	648.09	0	-272.08	847.41	99.3	371.95	3.19	189.72	0	-181.42	623.85	-0	-0	-0	300	0	200	-0
75	-0	-0	-0	1506	0	-203	-0	-0	-0	-0	2109	0	-203	-0	-129.5	625.8	16.76	654.57	0	-274.42	473.93	84.44	281.82	4.28	191.65	0	-182.79	591.78	-0	-0	-0	300	0	200	-0
76	-0	-0	-0	1506	0	-203	-0	-0	-0	-0	2109	0	-203	-0	-135.07	685.8	19.28	659.62	0	-276.44	1136.73	61.56	192.49	4.34	196.39	0	-185.16	553.1	-0	-0	-0	300	0	200	-0
77	-0	-0	-0	1506	0	-203	-0	-0	-0	-0	2109	0	-203	-0	-135.21	737.66	18.05	662.82	0	-277.52	1512.79	34.28	118.37	3.73	206.79	0	-186.11	400.38	-0	-0	-0	300	0	200	-0
78	-0	-0	-0	1506	0	-203	-0	-0	-0	-0	2109	0	-203	-0	-128.42	775.67	15.95	665.27	0	-278.09	1424.34	7.13	70.86	0.61	222.34	0	-187.43	181.21	-0	-0	-0	300	0	200	-0
79	-0	-0	-0	1506	0	-203	-0	-0	-0	-0	2109	0	-203	-0	-124.21	803.09	15.48	667.43	0	-278.66	1544.53	-0.07	47.51	-0.54	229.75	0	-189.94	64.89	-0	-0	-0	300	0	200	-0
80	-0	-0	-0	1506	0	-203	-0	-0	-0	-0	2109	0	-203	-0	-117.08	825.35	14.66	669.37	0	-279.58	1526.8	-1.83	28.78	-0.27	236.26	0	-190.54	43.59	-0	-0	-0	300	0	200	-0
81	-0	-0	-0	1506	0	-203	-0	-0	-0	-0	2109	0	-203	-0	-108.19	838.38	14.93	670.47	0	-279.85	1623.29	-0	-0	-0	300	0	-203	-0	-0	-0	-0	300	0	200	-0
82	-0	-0	-0	1506	0	-203	-0	-0	-0	-0	2109	0	-203	-0	-97.6	838.65	16.76	671.41	0	-280.63	1644.79	-0	-0	-0	300	0	-203	-0	-0	-0	-0	300	0	200	-0
83	-0	-0	-0	1506	0	-203	-0	-0	-0	-0	2109	0	-203	-0	-88.03	829.15	20.23	672.84	0	-281.67	1524.26	-0	-0	-0	300	0	-203	-0	-0	-0	-0	300	0	200	-0
84	-0	-0	-0	1506	0	-203	-0	-0	-0	-0	2109	0	-203	-0	-80.23	815.58	23.42	673.71	0	-282.92	1501.26	-0	-0	-0	300	0	-203	-0	-0	-0	-0	300	0	200	-0
85	-0	-0	-0	1506	0	-203	-0	-0	-0	-0	2109	0	-203	-0	-72.76	798.47	27.56	674.75	0	-283.97	1508.94	0	0	0	300	0	-203	0	-0	-0	-0	300	0	200	-0
86	-0	-0	-0	1506	0	-203	-0	-0	-0	-0	2109	0	-203	-0	-65.36	782.18	32.17	677.03	0	-285.69	1532.33	-0	-0	-0	300	0	-203	-0	-0	-0	-0	300	0	200	-0
87	-0	-0	-0	1506	0	-203	-0	-0	-0	-0	2109	0	-203	-0	-58.1	764.26	34.62	679.28	0	-287.56	1479.92	-0	-0	-0	300	0	-203	-0	-0	-0	-0	300	0	200	-0
88	-0	-0	-0	1506	0	-203	-0	-0	-0	-0	2109	0	-203	-0	-51.04	746.34	35.43	681.8	0	-289.26	1457.59	-0	-0	-0	300	0	-203	-0	-0	-0	-0	300	0	200	-0
89	-0	-0	-0	1506	0	-203	-0	-0	-0	-0	2109	0	-203	-0	-44.19	726.8	35.63	683.4	0	-290.83	1316.99	-0	-0	-0	300	0	-203	-0	0	0	0	300	0	200	0
90	-0	-0	-0	1506	0	-203	-0	-0	-0	-0	2109	0	-203	-0	-38.96	709.96	34.68	685.7	0	-292.31	1202.68	-0	-0	-0	300	0	-203	-0	-0	-0	-0	300	0	200	-0
91	-0	-0	-0	1506	0	-203	-0	-0	-0	-0	2109	0	-203	-0	-34.34	693.67	32.51	687.41	0	-293.68	1042.99	-0	-0	-0	300	0	-203	-0	-0	-0	-0	300	0	200	-0
92	-0	-0	-0	1506	0	-203	-0	-0	-0	-0	2109	0	-203	-0	-29.39	682.27	30.27	689.59	0	-294.99	910.08	-0	-0	-0	300	0	-203	-0	-0	-0	-0	300	0	200	-0
93	-0	-0	-0	1506	0	-203	-0	-0	-0	-0	2109	0	-203	-0	-23.55	673.85	28.71	691.57	0	-296.41	891.47	0	0	0	300	0	-203	0	-0	-0	-0	300	0	200	-0
94	-0	-0	-0	1506	0	-203	-0	-0	-0	-0	2109	0	-203	-0	-19.75	665.17	28.17	693.79	0	-297.65	963.09	-0	-0	-0	300	0	-203	-0	-0	-0	-0	300	0	200	-0
95	-0	-0	-0	1506	0	-203	-0	-0	-0	-0	2109	0	-203	-0	-15.41	657.02	29.46	695.5	0	-298.71	850.54	-0	-0	-0	300	0	-203	-0	-0	-0	-0	300	0	200	-0
96	-0	-0	-0	1506	0	-203	-0	-0	-0	-0	2109	0	-203	-0	-12.62	651.32	31.09	698.1	0	-300.23	841.03	-0	-0	-0	300	0	-203	-0	-0	-0	-0	300	0	200	-0
97	-0	-0	-0	1506	0	-203	-0	-0	-0	-0	2109	0	-203	-0	-10.05	647.25	30.88	699.78	0	-301.1	970.96	-0	-0	-0	300	0	-203	-0	-0	-0	-0	300	0	200	-0
98	-0	-0	-0	1506	0	-203	-0	-0	-0	-0	2109	0	-203	-0	-5.84	646.7	30.2	701.53	0	-302.02	782.72	-0	-0	-0	300	0	-203	-0	-0	-0	-0	300	0	200	-0
99	-0	-0	-0	1506	0	-203	-0	-0	-0	-0	2109	0	-203	-0	-1.83	648.88	28.91	703.5	0	-302.8	697.15	0	0	0	300	0	-203	0	0	0	0	300	0	200	0
100	-0	-0	-0	1506	0	-203	-0	-0	-0	-0	2109	0	-203	-0	2.24	651.59	27.56	705.05	0	-303.07	472.24	-0	-0	-0	300	0	-203	-0	-0	-0	-0	300	0	200	-0
101	-0	-0	-0	1506	0	-203	-0	-0	-0	-0	2109	0	-203	-0	6.72	654.85	26.4	706.71	0	-303.65	269.68	-0	-0	-0	300	0	-203	-0	-0	-0	-0	300	0	200	-0
102	-0	-0	-0	1506	0	-203	-0	-0	-0	-0	2109	0	-203	-0	10.79	660.28	25.93	709.66	0	-304.49	126.66	-0	-0	-0	300	0	-203	-0	0	0	0	300	0	200	0
103	-0	-0	-0	1506	0	-203	-0	-0	-0	-0	2109	0	-203	-0	14.19	664.9	26.27	712.7	0	-305.42	128.49	-0	-0	-0	300	0	-203	-0	-0	-0	-0	300	0	200	-0
104	-0	-0	-0	1506	0	-203	-0	-0	-0	-0	2109	0	-203	-0	17.31	671.41	28.3	716.85	0	-306.66	-21.5	-0	-0	-0	300	0	-203	-0	-0	-0	-0	300	0	200	-0
105	-0	-0	-0	1506	0	-203	-0	-0	-0	-0	2109	0	-203	-0	19.68	675.76	29.46	720.41	0	-308.24	84.64	-0	-0	-0	300	0	-203	-0	-0	-0	-0	300	0	200	-0
106	-0	-0	-0	1506	0	-203	-0	-0	-0	-0	2109	0	-203	-0	22.26	681.18	31.29	724.95	0	-309.36	-15.58	-0	-0	-0	300	0	-203	-0	-0	-0	-0	300	0	200	-0
107	-0	-0	-0	1506	0	-203	-0	-0	-0	-0	2109	0	-203	-0	24.57	686.07	31.97	729.47	0	-310.93	120.36	-0	-0	-0	300	0	-203	-0	-0	-0	-0	300	0	200	-0
108	-0	-0	-0	1506	0	-203	-0	-0	-0	-0	2109	0	-203	-0	26.81	692.04	32.78	734.04	0	-312.16	274.5	-0	-0	-0	300	0	-203	-0	-0	-0	-0	300	0	200	-0
109	-0	-0	-0	1506	0	-203	-0	-0	-0	-0	2109	0	-203	-0	28.64	698.83	34.14	739.07	0	-313.52	373.87	-0	-0	-0	300	0	-203	-0	-0	-0	-0	300	0	200	-0
110	-0	-0	-0	1506	0	-203	-0	-0	-0	-0	2109	0	-203	-0	30.95	707.52	35.84	743.83	0	-314.81	398.14	-0	-0	-0	300	0	-203	-0	-0	-0	-0	300	0	200	-0
111	-0	-0	-0	1506	0	-203	-0	-0	-0	-0	2109	0	-203	-0	32.85	716.21	37.4	748.6	0	-315.94	486.8	-0	-0	-0	300	0	-203	-0	-0	-0	-0	300	0	200	-0
112	-0	-0	-0	1506	0	-203	-0	-0	-0	-0	2109	0	-203	-0	36.24	726.8	38.69	753.29	0	-316.94	508.54	-0	-0	-0	300	0	-203	-0	-0	-0	-0	300	0	200	-0
113	-0	-0	-0	1506	0	-203	-0	-0	-0	-0	2109	0	-203	-0	40.93	737.66	39.71	756.94	0	-317.67	561.85	-0	-0	-0	300	0	-203	-0	-0	-0	-0	300	0	200	-0
114	-0	-0	-0	1506	0	-203	-0	-0	-0	-0	2109	0	-203	-0	45.75	751.77	41	760.43	0	-318.33	484.29	-0	-0	-0	300	0	-203	-0	0	0	0	300	0	200	0
115	-0	-0	-0	1506	0	-203	-0	-0	-0	-0	2109	0	-203	-0	53.15	763.72	42.22	762.73	0	-318.37	-230.64	-0	-0	-0	300	0	-203	-0	-0	-0	-0	300	0	200	-0
116	-0	-0	-0	1506	0	-203	-0	-0	-0	-0	2109	0	-203	-0	60.34	776.21	42.49	764.64	0	-318.35	-805.15	-0	-0	-0	300	0	-203	-0	-0	-0	-0	300	0	200	-0
117	-0	-0	-0	1506	0	-203	-0	-0	-0	-0	2109	0	-203	-0	68.08	788.7	42.22	766.42	0	-318.64	-1332.4	-0	-0	-0	300	0	-203	-0	-0	-0	-0	300	0	200	-0
118	-0	-0	-0	1506	0	-203	-0	-0	-0	-0	2109	0	-203	-0	77.24	795.48	42.42	767.54	0	-317.96	-2138.84	-0	-0	-0	300	0	-203	-0	-0	-0	-0	300	0	200	-0
119	-0	-0	-0	1506	0	-203	-0	-0	-0	-0	2109	0	-203	-0	85.66	802.82	43.1	769.08	0	-317.96	-2884.78	0	0	0	300	0	-203	0	-0	-0	-0	300	0	200	-0
120	-0	-0	-0	1506	0	-203	-0	-0	-0	-0	2109	0	-203	-0	93.6	802.54	45.14	769.69	0	-317.18	-3880.54	-0	-0	-0	300	0	-203	-0	0	0	0	300	0	200	0
121	-0	-0	-0	1506	0	-203	-0	-0	-0	-0	2109	0	-203	-0	101.13	800.64	46.15	770.58	0	-316.61	-4677.28	-0	-0	-0	300	0	-203	-0	-0	-0	-0	300	0	200	-0
122	-0	-0	-0	1506	0	-203	-0	-0	-0	-0	2109	0	-203	-0	108.19	799.29	46.36	772.34	0	-316.5	-5234.29	-0	-0	-0	300	0	-203	-0	-0	-0	-0	300	0	200	-0
123	-4.34	34.84	-3.74	1235.27	0	-165.9	354.82	-0	-0	-0	2109	0	-203	-0	115.05	788.97	46.63	773.59	0	-315.47	-5924.46	0	0	0	300	0	-203	0	-0	-0	-0	300	0	200	-0
124	-27.79	254.1	17.63	1244.46	0	-195.97	-484.11	-0	-0	-0	2109	0	-203	-0	119.39	784.35	45.95	781.11	0	-312.85	-6170.89	-0	-0	-0	300	0	-203	-0	-0	-0	-0	300	0	200	-0
125	-45.79	321.53	36.8	1248.83	0	-197.25	-23.19	0	0	0	2109	0	-203	0	125.02	758.02	48.8	782.82	0	-311.62	-7090.13	0	0	0	300	0	-203	0	-0	-0	-0	300	0	200	-0
126	-78.74	411.87	30.61	1252.05	0	-196.46	-1358.27	-0	-0	-0	2109	0	-203	-0	127.26	705.89	42.9	780.43	0	-310.97	-6746.37	-0	-0	-0	300	0	-203	-0	-0	-0	-0	300	0	200	-0
127	-98.83	441.07	13.9	1255.14	0	-191.28	-1063.71	-0	-0	-0	2109	0	-203	-0	128.08	652.95	24.91	779.85	0	-309.64	-4785.11	-0	-0	-0	300	0	-203	-0	-0	-0	-0	300	0	200	-0
128	-90.64	472.77	0.92	1262.03	0	-186.77	-501.3	-0	-0	-0	2109	0	-203	-0	121.9	596.21	12.76	781.48	0	-307.44	-2928.7	-0	-0	-0	300	0	-203	-0	-0	-0	-0	300	0	200	-0
129	-91.92	481.25	-8.16	1267.11	0	-183.19	13.4	-0	-0	-0	2109	0	-203	-0	118.24	531.86	8.28	782.57	0	-305.29	-2234.19	0	0	0	300	0	-203	0	-0	-0	-0	300	0	200	-0
130	-111.85	510.43	-17.57	1274.58	0	-179.67	-186.17	-0	-0	-0	2109	0	-203	-0	111.52	459.37	1.97	783.99	0	-302.99	-1041.68	-0	-0	-0	300	0	-203	-0	-0	-0	-0	300	0	200	-0
131	-125.68	557.81	-15.14	1278.76	0	-177.86	-791.81	-0	-0	-0	2109	0	-203	-0	101.27	381.18	-2.92	784.9	0	-300.68	74.42	-0	-0	-0	300	0	-203	-0	0	0	0	300	0	200	0
132	-132.59	604.86	-9.8	1280.33	0	-177.64	-1232.04	-0	-0	-0	2109	0	-203	-0	87.63	293.76	-5.09	784.97	0	-298.39	-61.07	-0	-0	-0	300	0	-203	-0	-0	-0	-0	300	0	200	-0
133	-130.18	648.47	-8.82	1282.05	0	-177.12	-539.19	-0	-0	-0	2109	0	-203	-0	68.15	204.71	-6.79	785.7	0	-295.94	-101.84	-0	-0	-0	300	0	-203	-0	-0	-0	-0	300	0	200	-0
134	-128.41	689.26	-10.6	1284.86	0	-176.36	-44.41	-0	-0	-0	2109	0	-203	-0	43.71	121.09	-5.02	784.77	0	-296.62	79.39	-0	-0	-0	300	0	-203	-0	-0	-0	-0	300	0	200	-0
135	-121.98	711.85	-13.36	1285.96	0	-176.12	-77.96	-0	-0	-0	2109	0	-203	-0	17.17	57.01	-2.1	790.76	0	-286.88	-82.1	-0	-0	-0	300	0	-203	-0	-0	-0	-0	300	0	200	-0
136	-112.98	732.58	-17.76	1286.61	0	-173.05	-577.2	-0	-0	-0	2109	0	-203	-0	2.51	24.98	-0.34	792.01	0	-310.23	144.31	-0	-0	-0	300	0	-203	-0	-0	-0	-0	300	0	200	-0
137	-107.52	753.92	-23.62	1288.67	0	-171.38	-1252.62	-0	-0	-0	2109	0	-203	-0	-3.8	16.56	1.15	799.73	0	-297.24	413.87	-0	-0	-0	300	0	-203	-0	-0	-0	-0	300	0	200	-0
138	-100.93	752.68	-27.82	1289.4	0	-169.39	-173.82	-0	-0	-0	2109	0	-203	-0	-0	-0	-0	903	0	-403	-0	0	0	0	300	0	-203	0	-0	-0	-0	300	0	200	-0
139	-95.62	751.11	-32.21	1292.03	0	-168.35	-116.04	-0	-0	-0	2109	0	-203	-0	-0	-0	-0	903	0	-403	-0	-0	-0	-0	300	0	-203	-0	-0	-0	-0	300	0	200	-0
140	-90.16	748.93	-35.27	1294.02	0	-165.78	695.33	-0	-0	-0	2109	0	-203	-0	-0	-0	-0	903	0	-403	-0	-0	-0	-0	300	0	-203	-0	-0	-0	-0	300	0	200	-0
141	-81.16	752.7	-36.1	1297.82	0	-163.82	-287.62	-0	-0	-0	2109	0	-203	-0	-0	-0	-0	903	0	-403	-0	-0	-0	-0	300	0	-203	-0	-0	-0	-0	300	0	200	-0
142	-75.85	742.99	-38.37	1297.89	0	-161.89	-415.9	-0	-0	-0	2109	0	-203	-0	-0	-0	-0	903	0	-403	-0	-0	-0	-0	300	0	-203	-0	-0	-0	-0	300	0	200	-0
143	-73.6	734.53	-39.34	1298.97	0	-160.2	5.24	-0	-0	-0	2109	0	-203	-0	-0	-0	-0	903	0	-403	-0	-0	-0	-0	300	0	-203	-0	-0	-0	-0	300	0	200	-0
144	-68.46	726.99	-40.3	1303.2	0	-159.41	292.76	-0	-0	-0	2109	0	-203	-0	-0	-0	-0	903	0	-403	-0	0	0	0	300	0	-203	0	0	0	0	300	0	200	0
145	-60.59	716.65	-39.47	1304.04	0	-157.41	761.17	-0	-0	-0	2109	0	-203	-0	-0	-0	-0	903	0	-403	-0	-0	-0	-0	300	0	-203	-0	-0	-0	-0	300	0	200	-0
146	-55.12	709.75	-36.23	1307.22	0	-156.96	711.46	-0	-0	-0	2109	0	-203	-0	-0	-0	-0	903	0	-403	-0	-0	-0	-0	300	0	-203	-0	-0	-0	-0	300	0	200	-0
147	-50.94	698.76	-34.59	1312.19	0	-156.4	1135.89	-0	-0	-0	2109	0	-203	-0	-0	-0	-0	903	0	-403	-0	-0	-0	-0	300	0	-203	-0	-0	-0	-0	300	0	200	-0
148	-44.03	682.14	-32.98	1311.72	0	-155.1	492.36	-0	-0	-0	2109	0	-203	-0	-0	-0	-0	903	0	-403	-0	0	0	0	300	0	-203	0	-0	-0	-0	300	0	200	-0
149	-40.66	672.41	-32.81	1314.29	0	-154.34	207.7	-0	-0	-0	2109	0	-203	-0	-0	-0	-0	903	0	-403	-0	-0	-0	-0	300	0	-203	-0	-0	-0	-0	300	0	200	-0
150	-35.19	657.05	-33.46	1314.89	0	-153.31	132.91	-0	-0	-0	2109	0	-203	-0	-0	-0	-0	903	0	-403	-0	-0	-0	-0	300	0	-203	-0	-0	-0	-0	300	0	200	-0
151	-31.98	652.03	-35.56	1316.15	0	-152.62	342.94	-0	-0	-0	2109	0	-203	-0	0	0	0	903	0	-403	0	-0	-0	-0	300	0	-203	-0	-0	-0	-0	300	0	200	-0
152	-26.68	646.68	-34.26	1318.76	0	-153.1	45	-0	-0	-0	2109	0	-203	-0	-0	-0	-0	903	0	-403	-0	-0	-0	-0	300	0	-203	-0	-0	-0	-0	300	0	200	-0
153	-20.73	640.41	-34.41	1319.52	0	-153.33	801.31	-0	-0	-0	2109	0	-203	-0	-0	-0	-0	903	0	-403	-0	-0	-0	-0	300	0	-203	-0	-0	-0	-0	300	0	200	-0
154	-17.35	641.66	-30.69	1322.68	0	-152.8	76.22	-0	-0	-0	2109	0	-203	-0	-0	-0	-0	903	0	-403	-0	-0	-0	-0	300	0	-203	-0	-0	-0	-0	300	0	200	-0
155	-12.53	640.72	-29.06	1322.09	0	-152.66	445.84	-0	-0	-0	2109	0	-203	-0	-0	-0	-0	903	0	-403	-0	0	0	0	300	0	-203	0	-0	-0	-0	300	0	200	-0
156	-7.07	647.31	-25.99	1325.05	0	-152.19	-649.27	-0	-0	-0	2109	0	-203	-0	-0	-0	-0	903	0	-403	-0	-0	-0	-0	300	0	-203	-0	-0	-0	-0	300	0	200	-0
157	-6.26	646.06	-25.17	1327.09	0	-150.98	-287.98	-0	-0	-0	2109	0	-203	-0	-0	-0	-0	903	0	-403	-0	-0	-0	-0	300	0	-203	-0	-0	-0	-0	300	0	200	-0
158	-1.76	648.88	-29.69	1328.87	0	-150.09	526.08	-0	-0	-0	2109	0	-203	-0	-0	-0	-0	903	0	-403	-0	0	0	0	300	0	-203	0	-0	-0	-0	300	0	200	-0
159	1.61	655.47	-28.55	1333.1	0	-149.45	502.6	-0	-0	-0	2109	0	-203	-0	-0	-0	-0	903	0	-403	-0	-0	-0	-0	300	0	-203	-0	-0	-0	-0	300	0	200	-0
160	5.47	663.32	-31.3	1334.95	0	-148.63	429.11	-0	-0	-0	2109	0	-203	-0	-0	-0	-0	903	0	-403	-0	-0	-0	-0	300	0	-203	-0	-0	-0	-0	300	0	200	-0
161	9.33	672.09	-31.79	1339.88	0	-148.15	121.33	-0	-0	-0	2109	0	-203	-0	-0	-0	-0	903	0	-403	-0	-0	-0	-0	300	0	-203	-0	-0	-0	-0	300	0	200	-0
162	14.79	677.76	-33.73	1340.55	0	-146.19	205.91	-0	-0	-0	2109	0	-203	-0	-0	-0	-0	903	0	-403	-0	-0	-0	-0	300	0	-203	-0	-0	-0	-0	300	0	200	-0
163	20.26	684.66	-39.54	1344.61	0	-144.86	727.68	-0	-0	-0	2109	0	-203	-0	-0	-0	-0	903	0	-403	-0	-0	-0	-0	300	0	-203	-0	-0	-0	-0	300	0	200	-0
164	23.95	697.85	-42.45	1347.73	0	-143.24	569.67	-0	-0	-0	2109	0	-203	-0	-0	-0	-0	903	0	-403	-0	-0	-0	-0	300	0	-203	-0	-0	-0	-0	300	0	200	-0
165	27.97	703.5	-43.74	1349.82	0	-141.89	654.45	-0	-0	-0	2109	0	-203	-0	-0	-0	-0	903	0	-403	-0	-0	-0	-0	300	0	-203	-0	-0	-0	-0	300	0	200	-0
166	30.86	726.71	-45.03	1355.85	0	-141.23	527.47	-0	-0	-0	2109	0	-203	-0	-0	-0	-0	903	0	-403	-0	-0	-0	-0	300	0	-203	-0	0	0	0	300	0	200	0
167	38.74	743.97	-48.59	1358.24	0	-140.81	123.76	-0	-0	-0	2109	0	-203	-0	-0	-0	-0	903	0	-403	-0	-0	-0	-0	300	0	-203	-0	-0	-0	-0	300	0	200	-0
168	44.37	751.5	-49.56	1359.08	0	-139.9	226.05	-0	-0	-0	2109	0	-203	-0	-0	-0	-0	903	0	-403	-0	0	0	0	300	0	-203	0	-0	-0	-0	300	0	200	-0
169	49.83	771.9	-50.36	1362.24	0	-138.83	564.9	-0	-0	-0	2109	0	-203	-0	-0	-0	-0	903	0	-403	-0	-0	-0	-0	300	0	-203	-0	-0	-0	-0	300	0	200	-0
170	60.44	789.15	-53.58	1364.51	0	-139.33	729.48	-0	-0	-0	2109	0	-203	-0	-0	-0	-0	903	0	-403	-0	-0	-0	-0	300	0	-203	-0	-0	-0	-0	300	0	200	-0
171	65.9	806.09	-52.93	1363.45	0	-139.88	923.58	-0	-0	-0	2109	0	-203	-0	-0	-0	-0	903	0	-403	-0	-0	-0	-0	300	0	-203	-0	-0	-0	-0	300	0	200	-0
172	72.01	813.31	-51.48	1364.23	0	-139.57	778.29	-0	-0	-0	2109	0	-203	-0	-0	-0	-0	903	0	-403	-0	-0	-0	-0	300	0	-203	-0	-0	-0	-0	300	0	200	-0
173	82.94	823.97	-50.5	1365.63	0	-140.24	474.25	-0	-0	-0	2109	0	-203	-0	-0	-0	-0	903	0	-403	-0	-0	-0	-0	300	0	-203	-0	-0	-0	-0	300	0	200	-0
174	91.3	825.53	-50.81	1366.31	0	-140.97	1030.58	-0	-0	-0	2109	0	-203	-0	-0	-0	-0	903	0	-403	-0	-0	-0	-0	300	0	-203	-0	-0	-0	-0	300	0	200	-0
175	96.28	824.28	-50.15	1367.15	0	-141.29	1296.58	-0	-0	-0	2109	0	-203	-0	0	0	0	903	0	-403	0	-0	-0	-0	300	0	-203	-0	-0	-0	-0	300	0	200	-0
176	103.03	819.26	-47.89	1368.23	0	-141.15	695.86	-0	-0	-0	2109	0	-203	-0	-0	-0	-0	903	0	-403	-0	0	0	0	300	0	-203	0	-0	-0	-0	300	0	200	-0
177	110.59	807.96	-49.65	1369.24	0	-141.23	1317.93	-0	-0	-0	2109	0	-203	-0	-0	-0	-0	903	0	-403	-0	-0	-0	-0	300	0	-203	-0	-0	-0	-0	300	0	200	-0
178	118.3	788.18	-47.37	1370.5	0	-142.74	1336.44	-0	-0	-0	2109	0	-203	-0	-0	-0	-0	903	0	-403	-0	-0	-0	-0	300	0	-203	-0	-0	-0	-0	300	0	200	-0
179	127.94	814.41	-45.56	1393.75	0	-149.1	818.53	-0	-0	-0	2109	0	-203	-0	-0	-0	-0	903	0	-403	-0	-0	-0	-0	300	0	-203	-0	-0	-0	-0	300	0	200	-0
180	133.08	1093.2	-69.08	1499.55	0	-174.11	7572.25	-0.16	58.53	-7.82	1840.41	0	-240.83	-76.81	-0	-0	-0	903	0	-403	-0	-0	-0	-0	300	0	-203	-0	-0	-0	-0	300	0	200	-0
181	123.92	996.41	-70.64	1488	0	-170.83	10416.4	-12.95	84.2	-10.7	1839.17	0	-245.2	91.99	-0	-0	-0	903	0	-403	-0	-0	-0	-0	300	0	-203	-0	-0	-0	-0	300	0	200	-0
182	103.67	940.53	-51.91	1497.51	0	-173.89	9314.67	-31.65	134.91	-6.71	1843.94	0	-249.63	188.91	-0	-0	-0	903	0	-403	-0	-0	-0	-0	300	0	-203	-0	-0	-0	-0	300	0	200	-0
183	87.11	834.88	-23.85	1493.03	0	-174.34	6585.51	-46.84	161.52	-3.04	1842.41	0	-255.04	-310.24	-0	-0	-0	903	0	-403	-0	0	0	0	300	0	-203	0	-0	-0	-0	300	0	200	-0
184	91.28	750.84	-7.88	1495.05	0	-177.25	4795.23	-43.32	190.95	-2.41	1844.38	0	-253.94	-88.13	-0	-0	-0	903	0	-403	-0	-0	-0	-0	300	0	-203	-0	-0	-0	-0	300	0	200	-0
185	92.4	682.09	2.45	1515.83	0	-182.15	3684.72	-45.88	272.33	-1.62	1853.12	0	-259.54	88.34	0	0	0	903	0	-403	0	0	0	0	300	0	-203	0	-0	-0	-0	300	0	200	-0
186	69.73	588.31	7.48	1528.9	0	-187.34	4377.17	-69.06	326.16	0.12	1864.31	0	-260.08	-57.06	-0	-0	-0	903	0	-403	-0	-0	-0	-0	300	0	-203	-0	-0	-0	-0	300	0	200	-0
187	51.57	479.49	14.73	1551.55	0	-191.8	3647.83	-86.48	385.32	1.07	1871.93	0	-262.22	-251.99	-0	-0	-0	903	0	-403	-0	-0	-0	-0	300	0	-203	-0	-0	-0	-0	300	0	200	-0
188	30.99	394.14	17.95	1600.3	0	-200.47	3343.7	-91.28	447.3	-1.17	1870.96	0	-264.49	-684.13	-0	-0	-0	903	0	-403	-0	-0	-0	-0	300	0	-203	-0	-0	-0	-0	300	0	200	-0
189	-0.03	329.16	17.44	1661.09	0	-212.75	2217.17	-91.61	495.51	-2.62	1872.36	0	-264.26	-668.5	-0	-0	-0	903	0	-403	-0	-0	-0	-0	300	0	-203	-0	-0	-0	-0	300	0	200	-0
190	-20.61	285.54	18.08	1710.99	0	-224.04	1355.29	-89.53	528.99	-5.65	1873.68	0	-263.71	-393.53	-0	-0	-0	903	0	-403	-0	-0	-0	-0	300	0	-203	-0	-0	-0	-0	300	0	200	-0
191	-28.48	279.88	18.2	1729.01	0	-227.13	-504.51	-87.45	555.6	-4.69	1874.19	0	-263.22	-1201.77	-0	-0	-0	903	0	-403	-0	-0	-0	-0	300	0	-203	-0	-0	-0	-0	300	0	200	-0
192	-27.84	266.7	17.89	1748.15	0	-231.49	-299.86	-81.38	575.01	-4.53	1876.53	0	-263.66	-579.38	-0	-0	-0	903	0	-403	-0	-0	-0	-0	300	0	-203	-0	-0	-0	-0	300	0	200	-0
193	-21.57	252.9	17.88	1767.52	0	-235.43	-191.68	-72.91	580.64	-6.13	1876.47	0	-264.24	-457.81	-0	-0	-0	903	0	-403	-0	0	0	0	300	0	-203	0	-0	-0	-0	300	0	200	-0
194	-13.7	243.17	19	1781.35	0	-240.38	566.85	-65.08	579.08	-5.01	1875.09	0	-264.24	-628.88	-0	-0	-0	903	0	-403	-0	-0	-0	-0	300	0	-203	-0	0	0	0	300	0	200	0
195	-11.77	241.6	20.45	1781.7	0	-241.11	746.45	-58.04	571.88	-2.29	1875.25	0	-264.19	-902.07	-0	-0	-0	903	0	-403	-0	-0	-0	-0	300	0	-203	-0	-0	-0	-0	300	0	200	-0
196	-9.84	240.98	21.89	1776.56	0	-242.49	738.34	-51.81	564.06	2.02	1876.87	0	-263.94	-1194.39	-0	-0	-0	903	0	-403	-0	-0	-0	-0	300	0	-203	-0	-0	-0	-0	300	0	200	-0
197	-7.75	231.91	23.48	1775.41	0	-240.31	218.47	-46.21	553.72	3.3	1877.65	0	-263.95	-847.39	-0	-0	-0	903	0	-403	-0	-0	-0	-0	300	0	-203	-0	-0	-0	-0	300	0	200	-0
198	-7.75	216.56	23	1787.86	0	-240.12	470.61	-39.5	542.77	5.69	1879.69	0	-265.18	-1023.6	-0	-0	-0	903	0	-403	-0	0	0	0	300	0	-203	0	-0	-0	-0	300	0	200	-0
199	-5.5	216.57	22.5	1784.88	0	-240.57	132.21	-33.9	532.13	7.13	1880.08	0	-266.15	-894.98	-0	-0	-0	903	0	-403	-0	-0	-0	-0	300	0	-203	-0	-0	-0	-0	300	0	200	-0
200	-4.38	208.75	22.67	1780.89	0	-239.61	508.04	-29.27	518.36	7.45	1880.47	0	-266.5	-1175.24	-0	-0	-0	903	0	-403	-0	-0	-0	-0	300	0	-203	-0	-0	-0	-0	300	0	200	-0
201	-1.97	204.05	21.7	1782.57	0	-242.35	338.87	-23.04	511.47	7.3	1882.87	0	-266.05	-996.33	-0	-0	-0	903	0	-403	-0	0	0	0	300	0	-203	0	-0	-0	-0	300	0	200	-0
202	1.25	195.6	19.92	1777.04	0	-242.76	25.61	-19.84	497.07	8.1	1882.17	0	-266.28	-1325.11	-0	-0	-0	903	0	-403	-0	-0	-0	-0	300	0	-203	-0	-0	-0	-0	300	0	200	-0
203	-0.19	189.98	17.99	1774.14	0	-239.68	-89.69	-13.61	490.81	7.3	1883.45	0	-266.25	-1225.19	-0	-0	-0	903	0	-403	-0	0	0	0	300	0	-203	0	-0	-0	-0	300	0	200	-0
204	1.25	186.23	15.08	1772.52	0	-237.94	-801.58	-9.77	487.05	6.02	1886.47	0	-266.56	-831.64	-0	-0	-0	903	0	-403	-0	-0	-0	-0	300	0	-203	-0	-0	-0	-0	300	0	200	-0
205	2.86	175.27	11.87	1785.7	0	-236.08	-602.84	-5.46	482.04	5.54	1886.4	0	-267.11	-1119.17	-0	-0	-0	903	0	-403	-0	-0	-0	-0	300	0	-203	-0	-0	-0	-0	300	0	200	-0
206	4.79	169.96	12.67	1777.67	0	-235.35	-102.98	-5.14	483.92	7.3	1888.59	0	-267.46	-1802.67	-0	-0	-0	903	0	-403	-0	-0	-0	-0	300	0	-203	-0	-0	-0	-0	300	0	200	-0
207	4.47	158.7	11.24	1781.08	0	-235.25	300.3	-3.7	491.43	5.06	1894.89	0	-266.24	-1236.37	-0	-0	-0	903	0	-403	-0	-0	-0	-0	300	0	-203	-0	-0	-0	-0	300	0	200	-0
208	5.76	154.63	12.03	1780.2	0	-233.67	187.41	-0.5	489.55	5.38	1894.13	0	-268.29	-1273.48	-0	-0	-0	903	0	-403	-0	-0	-0	-0	300	0	-203	-0	-0	-0	-0	300	0	200	-0
209	6.88	148.38	11.06	1773.54	0	-230.22	29.31	1.89	496.13	6.33	1896.83	0	-268.78	-1272.63	-0	-0	-0	903	0	-403	-0	-0	-0	-0	300	0	-203	-0	0	0	0	300	0	200	0
210	6.4	132.72	10.25	1787	0	-232.61	-164	5.09	503.95	6.81	1899.81	0	-269.43	-1158.81	-0	-0	-0	903	0	-403	-0	-0	-0	-0	300	0	-203	-0	-0	-0	-0	300	0	200	-0
211	4.31	130.23	10.57	1770.45	0	-231.92	-411.59	6.84	518.97	8.07	1906.75	0	-269.99	-627.29	-0	-0	-0	903	0	-403	-0	-0	-0	-0	300	0	-203	-0	-0	-0	-0	300	0	200	-0
212	8.01	118.33	11.54	1776.3	0	-230	332.63	8.12	529.61	10.94	1908.8	0	-272.5	-1157.26	-0	-0	-0	903	0	-403	-0	-0	-0	-0	300	0	-203	-0	-0	-0	-0	300	0	200	-0
213	5.28	104.56	10.24	1774.71	0	-232.74	-102.75	8.43	544.64	13.01	1911.82	0	-273.85	-1288.61	0	0	0	903	0	-403	0	-0	-0	-0	300	0	-203	-0	-0	-0	-0	300	0	200	-0
214	6.24	92.67	10.08	1781.31	0	-226.93	330.92	8.27	562.16	13	1916.84	0	-275.52	-1277.1	-0	-0	-0	903	0	-403	-0	-0	-0	-0	300	0	-203	-0	0	0	0	300	0	200	0
215	8.49	80.16	7.66	1781.88	0	-223.69	-262.68	8.91	579.37	12.99	1921.84	0	-276.42	-1194.47	-0	-0	-0	903	0	-403	-0	0	0	0	300	0	-203	0	-0	-0	-0	300	0	200	-0
216	7.21	72.02	9.59	1780.88	0	-218.5	701.37	9.86	597.53	17.3	1925.93	0	-279.12	-1367.12	-0	-0	-0	903	0	-403	-0	-0	-0	-0	300	0	-203	-0	-0	-0	-0	300	0	200	-0
217	6.57	58.25	7.14	1767.87	0	-225.51	-929.97	9.7	613.8	17.44	1931.38	0	-280.03	-790.85	-0	-0	-0	903	0	-403	-0	-0	-0	-0	300	0	-203	-0	-0	-0	-0	300	0	200	-0
218	5.93	43.23	7.14	1785.7	0	-205.56	-267.61	11.29	631.33	20.46	1936.83	0	-282.19	-501.13	0	0	0	903	0	-403	0	-0	-0	-0	300	0	-203	-0	-0	-0	-0	300	0	200	-0
219	6.57	36.97	7.94	1752.4	0	-204.94	-36.23	13.69	647.6	24.61	1941.92	0	-283.84	-1154.74	-0	-0	-0	903	0	-403	-0	-0	-0	-0	300	0	-203	-0	-0	-0	-0	300	0	200	-0
220	7.7	24.74	5.34	1802.68	0	-212.47	-282.76	16.4	656.68	25.72	1943.95	0	-285.56	-733.12	-0	-0	-0	903	0	-403	-0	-0	-0	-0	300	0	-203	-0	-0	-0	-0	300	0	200	-0
221	7.06	24.43	5.81	1710.07	0	-234.68	-473.85	18.16	677.02	30.18	1949.49	0	-285.7	-805.01	-0	-0	-0	903	0	-403	-0	-0	-0	-0	300	0	-203	-0	0	0	0	300	0	200	0
222	-0	-0	-0	1506	0	-203	-0	24.07	687.66	34.17	1953.1	0	-287.86	-432.59	-0	-0	-0	903	0	-403	-0	-0	-0	-0	300	0	-203	-0	-0	-0	-0	300	0	200	-0
223	-0	-0	-0	1506	0	-203	-0	30.94	702.37	36.72	1955.32	0	-288.85	-384.75	-0	-0	-0	903	0	-403	-0	-0	-0	-0	300	0	-203	-0	-0	-0	-0	300	0	200	-0
224	-0	-0	-0	1506	0	-203	-0	38.45	721.78	40.55	1957.7	0	-290.35	-822.48	-0	-0	-0	903	0	-403	-0	-0	-0	-0	300	0	-203	-0	-0	-0	-0	300	0	200	-0
225	-0	-0	-0	1506	0	-203	-0	48.51	738.06	42.31	1958.64	0	-291.06	-658.94	-0	-0	-0	903	0	-403	-0	-0	-0	-0	300	0	-203	-0	-0	-0	-0	300	0	200	-0
226	-0	-0	-0	1506	0	-203	-0	58.42	759.65	43.59	1960.49	0	-290.8	-731.82	-0	-0	-0	903	0	-403	-0	-0	-0	-0	300	0	-203	-0	0	0	0	300	0	200	0
227	-0	-0	-0	1506	0	-203	-0	70.89	770.3	43.11	1960.88	0	-291.08	-827.26	-0	-0	-0	903	0	-403	-0	-0	-0	-0	300	0	-203	-0	-0	-0	-0	300	0	200	-0
228	-0	-0	-0	1506	0	-203	-0	80.64	788.13	45.51	1961.41	0	-290.32	-1128.82	0	0	0	903	0	-403	0	-0	-0	-0	300	0	-203	-0	-0	-0	-0	300	0	200	-0
229	-0	-0	-0	1506	0	-203	-0	88.47	796.59	45.19	1961.17	0	-290.5	-820.9	-0	-0	-0	903	0	-403	-0	-0	-0	-0	300	0	-203	-0	0	0	0	300	0	200	0
230	-0	-0	-0	1506	0	-203	-0	97.42	801.91	45.36	1961.83	0	-290.89	-1138.8	-0	-0	-0	903	0	-403	-0	-0	-0	-0	300	0	-203	-0	-0	-0	-0	300	0	200	-0
231	-0	-0	-0	1506	0	-203	-0	106.37	798.79	47.44	1961.16	0	-291.39	-1180.59	-0	-0	-0	903	0	-403	-0	-0	-0	-0	300	0	-203	-0	-0	-0	-0	300	0	200	-0
232	-0	-0	-0	1506	0	-203	-0	115.16	802.54	45.7	1963.78	0	-290.33	-1015.39	-0	-0	-0	903	0	-403	-0	-0	-0	-0	300	0	-203	-0	-0	-0	-0	300	0	200	-0
233	-0	-0	-0	1506	0	-203	-0	120.28	817.84	43.8	1980.65	0	-285.65	-1458.69	-0	-0	-0	903	0	-403	-0	-0	-0	-0	300	0	-203	-0	-0	-0	-0	300	0	200	-0
234	-0	-0	-0	1506	0	-203	-0	131.15	957.61	57.44	2049.38	0	-267.02	-6368.87	-0	-0	-0	903	0	-403	-0	-0	-0	-0	300	0	-203	-0	-0	-0	-0	300	0	200	-0
235	-0	-0	-0	1506	0	-203	-0	129.87	896.91	52.99	2045.15	0	-268.23	-8578.14	-0	-0	-0	903	0	-403	-0	0	0	0	300	0	-203	0	-0	-0	-0	300	0	200	-0
236	-0	-0	-0	1506	0	-203	-0	119.17	832.75	27.56	2044.65	0	-267.01	-4809.72	-0	-0	-0	903	0	-403	-0	0	0	0	300	0	-203	0	-0	-0	-0	300	0	200	-0
237	-0	-0	-0	1506	0	-203	-0	112.47	745.75	0.21	2038.39	0	-267.26	888.9	-0	-0	-0	903	0	-403	-0	-0	-0	-0	300	0	-203	-0	-0	-0	-0	300	0	200	-0
238	-0	-0	-0	1506	0	-203	-0	114.24	668.76	-11.93	2039.75	0	-266.09	3256.13	0	0	0	903	0	-403	0	-0	-0	-0	300	0	-203	-0	-0	-0	-0	300	0	200	-0
239	-0	-0	-0	1506	0	-203	-0	109.93	588.02	-18.46	2042.46	0	-264.54	2848.39	-0	-0	-0	903	0	-403	-0	-0	-0	-0	300	0	-203	-0	-0	-0	-0	300	0	200	-0
240	-0	-0	-0	1506	0	-203	-0	98.43	493.51	-24.84	2043.06	0	-263.39	3436.19	-0	-0	-0	903	0	-403	-0	-0	-0	-0	300	0	-203	-0	-0	-0	-0	300	0	200	-0
241	-0	-0	-0	1506	0	-203	-0	87.09	408.06	-28.5	2051.7	0	-257.59	3649.17	-0	-0	-0	903	0	-403	-0	-0	-0	-0	300	0	-203	-0	-0	-0	-0	300	0	200	-0
242	-0	-0	-0	1506	0	-203	-0	70.64	322.62	-29.76	2073.86	0	-251.39	2729.01	-0	-0	-0	903	0	-403	-0	-0	-0	-0	300	0	-203	-0	0	0	0	300	0	200	0
243	-0	-0	-0	1506	0	-203	-0	41.88	233.73	-27.03	2118.87	0	-242.55	1563.51	-0	-0	-0	903	0	-403	-0	-0	-0	-0	300	0	-203	-0	-0	-0	-0	300	0	200	-0
244	-0	-0	-0	1506	0	-203	-0	13.44	162.99	-23.5	2200.04	0	-222.27	873.03	-0	-0	-0	903	0	-403	-0	-0	-0	-0	300	0	-203	-0	-0	-0	-0	300	0	200	-0
245	-0	-0	-0	1506	0	-203	-0	-2.7	116.36	-20.79	2294.97	0	-202.72	996.25	-0	-0	-0	903	0	-403	-0	-0	-0	-0	300	0	-203	-0	-0	-0	-0	300	0	200	-0
246	-0	-0	-0	1506	0	-203	-0	-10.53	107.91	-19.68	2326.36	0	-198.38	1707.08	-0	-0	-0	903	0	-403	-0	-0	-0	-0	300	0	-203	-0	-0	-0	-0	300	0	200	-0
247	-0	-0	-0	1506	0	-203	-0	-14.69	92.88	-20.48	2356.68	0	-188.33	1749.67	-0	-0	-0	903	0	-403	-0	-0	-0	-0	300	0	-203	-0	0	0	0	300	0	200	0
248	-0	-0	-0	1506	0	-203	-0	-7.65	78.17	-22.88	2405.2	0	-175.01	-62.88	-0	-0	-0	903	0	-403	-0	-0	-0	-0	300	0	-203	-0	-0	-0	-0	300	0	200	-0
249	-0	-0	-0	1506	0	-203	-0	-6.53	72.54	-21.12	2406.5	0	-175.8	-117.35	-0	-0	-0	903	0	-403	-0	-0	-0	-0	300	0	-203	-0	-0	-0	-0	300	0	200	-0
250	-0	-0	-0	1506	0	-203	-0	-0	-0	-0	2109	0	-203	-0	-0	-0	-0	903	0	-403	-0	-0	-0	-0	300	0	-203	-0	-0	-0	-0	300	0	200	-0
251	-0	-0	-0	1506	0	-203	-0	-4.62	59.72	-20.48	2397.53	0	-172.53	155.03	-0	-0	-0	903	0	-403	-0	-0	-0	-0	300	0	-203	-0	-0	-0	-0	300	0	200	-0
252	-0	-0	-0	1506	0	-203	-0	-0	-0	-0	2109	0	-203	-0	-0	-0	-0	903	0	-403	-0	-0	-0	-0	300	0	-203	-0	-0	-0	-0	300	0	200	-0
253	-0	-0	-0	1506	0	-203	-0	-0	-0	-0	2109	0	-203	-0	-0	-0	-0	903	0	-403	-0	-0	-0	-0	300	0	-203	-0	-0	-0	-0	300	0	200	-0
254	-0	-0	-0	1506	0	-203	-0	-0	-0	-0	2109	0	-203	-0	-0	-0	-0	903	0	-403	-0	-0	-0	-0	300	0	-203	-0	-0	-0	-0	300	0	200	-0
255	-0	-0	-0	1506	0	-203	-0	-0	-0	-0	2109	0	-203	-0	-0	-0	-0	903	0	-403	-0	0	0	0	300	0	-203	0	-0	-0	-0	300	0	200	-0
256	-0	-0	-0	1506	0	-203	-0	0.18	31.58	-11.51	2404.4	0	-174.35	199.43	-0	-0	-0	903	0	-403	-0	-0	-0	-0	300	0	-203	-0	-0	-0	-0	300	0	200	-0
257	-0	-0	-0	1506	0	-203	-0	-0	-0	-0	2109	0	-203	-0	-0	-0	-0	903	0	-403	-0	-0	-0	-0	300	0	-203	-0	-0	-0	-0	300	0	200	-0
258	-0	-0	-0	1506	0	-203	-0	-0	-0	-0	2109	0	-203	-0	-0	-0	-0	903	0	-403	-0	-0	-0	-0	300	0	-203	-0	0	0	0	300	0	200	0
259	-0	-0	-0	1506	0	-203	-0	-0	-0	-0	2109	0	-203	-0	-0	-0	-0	903	0	-403	-0	0	0	0	300	0	-203	0	0	0	0	300	0	200	0
260	-0	-0	-0	1506	0	-203	-0	-0	-0	-0	2109	0	-203	-0	-0	-0	-0	903	0	-403	-0	-0	-0	-0	300	0	-203	-0	-0	-0	-0	300	0	200	-0
261	-0	-0	-0	1506	0	-203	-0	-0	-0	-0	2109	0	-203	-0	-0	-0	-0	903	0	-403	-0	-0	-0	-0	300	0	-203	-0	-0	-0	-0	300	0	200	-0
262	-0	-0	-0	1506	0	-203	-0	-0	-0	-0	2109	0	-203	-0	-0	-0	-0	903	0	-403	-0	0	0	0	300	0	-203	0	-0	-0	-0	300	0	200	-0
263	-0	-0	-0	1506	0	-203	-0	-0	-0	-0	2109	0	-203	-0	-0	-0	-0	903	0	-403	-0	-0	-0	-0	300	0	-203	-0	-0	-0	-0	300	0	200	-0
264	-0	-0	-0	1506	0	-203	-0	-0	-0	-0	2109	0	-203	-0	-0	-0	-0	903	0	-403	-0	-0	-0	-0	300	0	-203	-0	-0	-0	-0	300	0	200	-0
265	-0	-0	-0	1506	0	-203	-0	-0	-0	-0	2109	0	-203	-0	-0	-0	-0	903	0	-403	-0	-0	-0	-0	300	0	-203	-0	-0	-0	-0	300	0	200	-0
266	-0	-0	-0	1506	0	-203	-0	-0	-0	-0	2109	0	-203	-0	-0	-0	-0	903	0	-403	-0	-0	-0	-0	300	0	-203	-0	0	0	0	300	0	200	0
267	-0	-0	-0	1506	0	-203	-0	-0	-0	-0	2109	0	-203	-0	-0	-0	-0	903	0	-403	-0	-0	-0	-0	300	0	-203	-0	-0	-0	-0	300	0	200	-0
268	-0	-0	-0	1506	0	-203	-0	-0	-0	-0	2109	0	-203	-0	-0	-0	-0	903	0	-403	-0	-0	-0	-0	300	0	-203	-0	-0	-0	-0	300	0	200	-0
269	-0	-0	-0	1506	0	-203	-0	-0	-0	-0	2109	0	-203	-0	-0	-0	-0	903	0	-403	-0	0	0	0	300	0	-203	0	-0	-0	-0	300	0	200	-0
270	-0	-0	-0	1506	0	-203	-0	-0	-0	-0	2109	0	-203	-0	-0	-0	-0	903	0	-403	-0	-0	-0	-0	300	0	-203	-0	-0	-0	-0	300	0	200	-0
271	-0	-0	-0	1506	0	-203	-0	-0	-0	-0	2109	0	-203	-0	-0	-0	-0	903	0	-403	-0	-0	-0	-0	300	0	-203	-0	-0	-0	-0	300	0	200	-0
272	-0	-0	-0	1506	0	-203	-0	-0	-0	-0	2109	0	-203	-0	-0	-0	-0	903	0	-403	-0	-0	-0	-0	300	0	-203	-0	-0	-0	-0	300	0	200	-0
273	-0	-0	-0	1506	0	-203	-0	-0	-0	-0	2109	0	-203	-0	-0	-0	-0	903	0	-403	-0	-0	-0	-0	300	0	-203	-0	-0	-0	-0	300	0	200	-0
274	-0	-0	-0	1506	0	-203	-0	-0	-0	-0	2109	0	-203	-0	-0	-0	-0	903	0	-403	-0	0	0	0	300	0	-203	0	-0	-0	-0	300	0	200	-0
275	-0	-0	-0	1506	0	-203	-0	-0	-0	-0	2109	0	-203	-0	-0	-0	-0	903	0	-403	-0	0	0	0	300	0	-203	0	-0	-0	-0	300	0	200	-0
276	-0	-0	-0	1506	0	-203	-0	-0	-0	-0	2109	0	-203	-0	-0	-0	-0	903	0	-403	-0	-0	-0	-0	300	0	-203	-0	-0	-0	-0	300	0	200	-0
277	-0	-0	-0	1506	0	-203	-0	-0	-0	-0	2109	0	-203	-0	-0	-0	-0	903	0	-403	-0	-0	-0	-0	300	0	-203	-0	-0	-0	-0	300	0	200	-0
278	-0	-0	-0	1506	0	-203	-0	-0	-0	-0	2109	0	-203	-0	-0	-0	-0	903	0	-403	-0	-0	-0	-0	300	0	-203	-0	-0	-0	-0	300	0	200	-0
279	-0	-0	-0	1506	0	-203	-0	-0	-0	-0	2109	0	-203	-0	-0	-0	-0	903	0	-403	-0	-0	-0	-0	300	0	-203	-0	-0	-0	-0	300	0	200	-0
280	-0	-0	-0	1506	0	-203	-0	-0	-0	-0	2109	0	-203	-0	-0	-0	-0	903	0	-403	-0	-0	-0	-0	300	0	-203	-0	-0	-0	-0	300	0	200	-0
281	-0	-0	-0	1506	0	-203	-0	-0	-0	-0	2109	0	-203	-0	-0	-0	-0	903	0	-403	-0	-0	-0	-0	300	0	-203	-0	-0	-0	-0	300	0	200	-0
282	-0	-0	-0	1506	0	-203	-0	-0	-0	-0	2109	0	-203	-0	-0	-0	-0	903	0	-403	-0	-0	-0	-0	300	0	-203	-0	-0	-0	-0	300	0	200	-0
283	-0	-0	-0	1506	0	-203	-0	-0	-0	-0	2109	0	-203	-0	0	0	0	903	0	-403	0	-0	-0	-0	300	0	-203	-0	-0	-0	-0	300	0	200	-0
284	-0	-0	-0	1506	0	-203	-0	-0	-0	-0	2109	0	-203	-0	-0	-0	-0	903	0	-403	-0	-0	-0	-0	300	0	-203	-0	-0	-0	-0	300	0	200	-0
285	-0	-0	-0	1506	0	-203	-0	-0	-0	-0	2109	0	-203	-0	-0	-0	-0	903	0	-403	-0	-0	-0	-0	300	0	-203	-0	-0	-0	-0	300	0	200	-0
286	-0	-0	-0	1506	0	-203	-0	-0	-0	-0	2109	0	-203	-0	-0	-0	-0	903	0	-403	-0	-0	-0	-0	300	0	-203	-0	-0	-0	-0	300	0	200	-0
287	-0	-0	-0	1506	0	-203	-0	-0	-0	-0	2109	0	-203	-0	-0	-0	-0	903	0	-403	-0	-0	-0	-0	300	0	-203	-0	-0	-0	-0	300	0	200	-0
288	-0	-0	-0	1506	0	-203	-0	-0	-0	-0	2109	0	-203	-0	-0	-0	-0	903	0	-403	-0	0	0	0	300	0	-203	0	-0	-0	-0	300	0	200	-0
289	-0	-0	-0	1506	0	-203	-0	-0	-0	-0	2109	0	-203	-0	-0	-0	-0	903	0	-403	-0	0	0	0	300	0	-203	0	-0	-0	-0	300	0	200	-0
290	-0	-0	-0	1506	0	-203	-0	-0	-0	-0	2109	0	-203	-0	-0	-0	-0	903	0	-403	-0	0	0	0	300	0	-203	0	-0	-0	-0	300	0	200	-0
291	-0	-0	-0	1506	0	-203	-0	-0	-0	-0	2109	0	-203	-0	-0	-0	-0	903	0	-403	-0	-0	-0	-0	300	0	-203	-0	-0	-0	-0	300	0	200	-0
292	-0	-0	-0	1506	0	-203	-0	-0	-0	-0	2109	0	-203	-0	-0	-0	-0	903	0	-403	-0	-0	-0	-0	300	0	-203	-0	-0	-0	-0	300	0	200	-0
293	-0	-0	-0	1506	0	-203	-0	-0	-0	-0	2109	0	-203	-0	-0	-0	-0	903	0	-403	-0	-0	-0	-0	300	0	-203	-0	-0	-0	-0	300	0	200	-0
294	-0	-0	-0	1506	0	-203	-0	-0	-0	-0	2109	0	-203	-0	-0	-0	-0	903	0	-403	-0	-0	-0	-0	300	0	-203	-0	0	0	0	300	0	200	0
295	-0	-0	-0	1506	0	-203	-0	-0	-0	-0	2109	0	-203	-0	-0	-0	-0	903	0	-403	-0	-0	-0	-0	300	0	-203	-0	-0	-0	-0	300	0	200	-0
296	-0	-0	-0	1506	0	-203	-0	-0	-0	-0	2109	0	-203	-0	-0	-0	-0	903	0	-403	-0	-0	-0	-0	300	0	-203	-0	-0	-0	-0	300	0	200	-0
297	-0	-0	-0	1506	0	-203	-0	-0	-0	-0	2109	0	-203	-0	-0	-0	-0	903	0	-403	-0	-0	-0	-0	300	0	-203	-0	-0	-0	-0	300	0	200	-0
298	-0	-0	-0	1506	0	-203	-0	-0	-0	-0	2109	0	-203	-0	-0	-0	-0	903	0	-403	-0	-0	-0	-0	300	0	-203	-0	-0	-0	-0	300	0	200	-0
299	-0	-0	-0	1506	0	-203	-0	-0	-0	-0	2109	0	-203	-0	-0	-0	-0	903	0	-403	-0	-0	-0	-0	300	0	-203	-0	-0	-0	-0	300	0	200	-0
300	-0	-0	-0	1506	0	-203	-0	-0	-0	-0	2109	0	-203	-0	-0	-0	-0	903	0	-403	-0	-0	-0	-0	300	0	-203	-0	0	0	0	300	0	200	0
301	-0	-0	-0	1506	0	-203	-0	-0	-0	-0	2109	0	-203	-0	-0	-0	-0	903	0	-403	-0	-0	-0	-0	300	0	-203	-0	-0	-0	-0	300	0	200	-0
302	-0	-0	-0	1506	0	-203	-0	-0	-0	-0	2109	0	-203	-0	-0	-0	-0	903	0	-403	-0	-0	-0	-0	300	0	-203	-0	-0	-0	-0	300	0	200	-0
303	-0	-0	-0	1506	0	-203	-0	-0	-0	-0	2109	0	-203	-0	-0	-0	-0	903	0	-403	-0	-0	-0	-0	300	0	-203	-0	-0	-0	-0	300	0	200	-0
304	-0	-0	-0	1506	0	-203	-0	-0	-0	-0	2109	0	-203	-0	-0	-0	-0	903	0	-403	-0	-0	-0	-0	300	0	-203	-0	-0	-0	-0	300	0	200	-0
305	-0	-0	-0	1506	0	-203	-0	-0	-0	-0	2109	0	-203	-0	-0	-0	-0	903	0	-403	-0	-0	-0	-0	300	0	-203	-0	-0	-0	-0	300	0	200	-0
306	-0	-0	-0	1506	0	-203	-0	-0	-0	-0	2109	0	-203	-0	-0	-0	-0	903	0	-403	-0	-0	-0	-0	300	0	-203	-0	0	0	0	300	0	200	0
307	-0	-0	-0	1506	0	-203	-0	-0	-0	-0	2109	0	-203	-0	-0	-0	-0	903	0	-403	-0	0	0	0	300	0	-203	0	-0	-0	-0	300	0	200	-0
308	-0	-0	-0	1506	0	-203	-0	-0	-0	-0	2109	0	-203	-0	-0	-0	-0	903	0	-403	-0	-0	-0	-0	300	0	-203	-0	-0	-0	-0	300	0	200	-0
309	-0	-0	-0	1506	0	-203	-0	-0	-0	-0	2109	0	-203	-0	-0	-0	-0	903	0	-403	-0	-0	-0	-0	300	0	-203	-0	-0	-0	-0	300	0	200	-0
310	-0	-0	-0	1506	0	-203	-0	-0	-0	-0	2109	0	-203	-0	-0	-0	-0	903	0	-403	-0	-0	-0	-0	300	0	-203	-0	0	0	0	300	0	200	0
311	-0	-0	-0	1506	0	-203	-0	-0	-0	-0	2109	0	-203	-0	-0	-0	-0	903	0	-403	-0	-0	-0	-0	300	0	-203	-0	0	0	0	300	0	200	0
312	-0	-0	-0	1506	0	-203	-0	-0	-0	-0	2109	0	-203	-0	-0	-0	-0	903	0	-403	-0	0	0	0	300	0	-203	0	-0	-0	-0	300	0	200	-0
313	-0	-0	-0	1506	0	-203	-0	-0	-0	-0	2109	0	-203	-0	-0	-0	-0	903	0	-403	-0	-0	-0	-0	300	0	-203	-0	-0	-0	-0	300	0	200	-0
314	-0	-0	-0	1506	0	-203	-0	-0	-0	-0	2109	0	-203	-0	-0	-0	-0	903	0	-403	-0	-0	-0	-0	300	0	-203	-0	-0	-0	-0	300	0	200	-0
315	-0	-0	-0	1506	0	-203	-0	-0	-0	-0	2109	0	-203	-0	-0	-0	-0	903	0	-403	-0	-0	-0	-0	300	0	-203	-0	-0	-0	-0	300	0	200	-0
316	-0	-0	-0	1506	0	-203	-0	-0	-0	-0	2109	0	-203	-0	-0	-0	-0	903	0	-403	-0	-0	-0	-0	300	0	-203	-0	-0	-0	-0	300	0	200	-0
317	-0	-0	-0	1506	0	-203	-0	-0	-0	-0	2109	0	-203	-0	-0	-0	-0	903	0	-403	-0	-0	-0	-0	300	0	-203	-0	0	0	0	300	0	200	0
