Time	RHipMomentX	RHipMomentY	RHipMomentZ	LHipMomentX	LHipMomentY	LHipMomentZ	RKneeMomentX	RKneeMomentY	RKneeMomentZ	LKneeMomentX	LKneeMomentY	LKneeMomentZ	RAnkleMomentX	RAnkleMomentY	RAnkleMomentZ	LAnkleMomentX	LAnkleMomentY	LAnkleMomentZ	RGRFX	RGRFY	RGRFZ	LGRFX	LGRFY	LGRFZ
0	NaN	NaN	NaN	-0.0343971	-0.00546857	-0.502856	NaN	NaN	NaN	-0.00541714	0.00311286	-0.313243	NaN	NaN	NaN	0.00637	0.0158514	0.0205114	-0.0714425	0.612295	-0.0488525	-0.00104857	0.668033	-0.07818
1	-0.18642	-0.02178	-0.467623	-0.0248614	-0.00954286	-0.602477	-0.0401325	-0.01125	-0.25296	0.00350429	-0.00133857	-0.321013	0.0117275	0.006385	0.0096025	0.00524857	0.0128471	0.02013	-0.179638	1.59088	-0.133383	-0.0930414	1.78928	-0.192779
2	-0.195808	-0.0199875	-0.590168	0.0257414	-0.0105343	-0.598851	-0.03237	-0.0121525	-0.246557	0.0300914	-0.00336571	-0.261971	0.00508	-0.0005875	-0.00323	-0.00288429	0.00370143	0.00601429	-0.337775	2.87536	-0.238498	-0.274824	3.1897	-0.313
3	-0.121147	-0.01346	-0.577855	0.128219	-0.01049	-0.44472	0.003475	-0.0097975	-0.160645	0.0817329	-0.00446714	-0.13271	-0.008	-0.013495	-0.0286975	-0.0142843	-0.01091	-0.0228757	-0.528197	4.10268	-0.303337	-0.531926	4.41689	-0.360897
4	0.0232275	-0.0088275	-0.47446	0.256009	-0.01314	-0.282166	0.068225	-0.00629	-0.0343925	0.152197	-0.00606429	-0.00439714	-0.0201125	-0.027225	-0.058575	-0.0216114	-0.0260886	-0.0566829	-0.721998	4.9699	-0.277015	-0.805119	5.24993	-0.29147
5	0.175567	-0.0104775	-0.40426	0.359057	-0.0192543	-0.271109	0.144765	-0.00256	0.077815	0.2228	-0.00721143	0.0695114	-0.02572	-0.0349875	-0.0785675	-0.0214257	-0.03595	-0.0800386	-0.88577	5.4326	-0.165255	-1.02998	5.78557	-0.134374
6	0.273938	-0.0184025	-0.445287	0.418757	-0.0289	-0.405403	0.211125	0.0007175	0.158847	0.284447	-0.00606714	0.115367	-0.0244275	-0.0342675	-0.07824	-0.0163014	-0.03874	-0.0861329	-1.01117	5.68566	-0.0219875	-1.19772	6.23662	0.0411686
7	0.307138	-0.0300175	-0.562688	0.460529	-0.04341	-0.568574	0.258483	0.0021125	0.235165	0.340656	-0.00302	0.18331	-0.020895	-0.0297275	-0.06178	-0.0110929	-0.0373086	-0.0800914	-1.12004	5.97027	0.0944	-1.34133	6.74334	0.18064
8	0.304582	-0.04218	-0.687772	0.516391	-0.0627629	-0.69496	0.288765	0.0005175	0.322833	0.393244	-0.000594286	0.273856	-0.019885	-0.0265375	-0.0399175	-0.00848857	-0.0344743	-0.0681786	-1.22465	6.41579	0.152018	-1.46839	7.34177	0.263511
9	0.304548	-0.0524225	-0.786933	0.593471	-0.0838914	-0.784323	0.307875	-0.003435	0.407477	0.439871	-0.000272857	0.356224	-0.022845	-0.0252675	-0.01856	-0.00855571	-0.0311171	-0.0536543	-1.30673	7.01275	0.15296	-1.55013	8.00277	0.295563
10	0.33366	-0.05987	-0.844162	0.674596	-0.102029	-0.833159	0.32411	-0.0076975	0.473313	0.477283	-0.00165857	0.416707	-0.028465	-0.0239025	0.00169	-0.0104686	-0.02753	-0.0383443	-1.34264	7.67255	0.123535	-1.56333	8.65636	0.294506
11	0.39448	-0.06451	-0.845345	0.742469	-0.113657	-0.832969	0.344025	-0.0105125	0.520315	0.50383	-0.00394571	0.459973	-0.0342125	-0.021045	0.022585	-0.0134186	-0.0238857	-0.0225214	-1.3283	8.29675	0.0953	-1.51108	9.22782	0.279023
12	0.467942	-0.06698	-0.795647	0.79556	-0.118647	-0.794341	0.367518	-0.011505	0.55539	0.521289	-0.0063	0.490059	-0.037555	-0.016315	0.046255	-0.0164971	-0.0198057	-0.00553	-1.27798	8.81913	0.0878475	-1.41173	9.66832	0.263196
13	0.532075	-0.069525	-0.723503	0.837261	-0.1195	-0.740409	0.389282	-0.0113275	0.582628	0.532133	-0.00788571	0.50691	-0.0369	-0.0094375	0.0739925	-0.0188529	-0.0146414	0.0129114	-1.21149	9.21277	0.104137	-1.28467	9.95742	0.255741
14	0.577357	-0.0744575	-0.659995	0.868747	-0.119496	-0.686443	0.404643	-0.0108725	0.602372	0.537864	-0.00824	0.51225	-0.032175	-0.00012	0.10627	-0.0200557	-0.00801571	0.0327114	-1.14534	9.47775	0.137638	-1.1472	10.0931	0.261871
15	0.608092	-0.08161	-0.617927	0.894993	-0.120959	-0.63806	0.413395	-0.01039	0.614327	0.541077	-0.00722143	0.509789	-0.024575	0.0115775	0.142995	-0.0201	0.000267143	0.0541429	-1.08942	9.63141	0.180765	-1.01481	10.0899	0.285031
16	0.63522	-0.08881	-0.591577	0.92106	-0.12348	-0.593849	0.418485	-0.009065	0.619097	0.544703	-0.00472714	0.502469	-0.01586	0.02515	0.183598	-0.0192914	0.0102457	0.0778629	-1.0458	9.70306	0.227985	-0.898327	9.98031	0.325653
17	0.665382	-0.0939075	-0.57071	0.944296	-0.12511	-0.551101	0.421925	-0.005975	0.616845	0.548741	-0.000788571	0.491633	-0.0076325	0.03999	0.22717	-0.0181029	0.0217457	0.104336	-1.00967	9.72357	0.275108	-0.800656	9.80611	0.378679
18	0.694565	-0.095185	-0.54851	0.95653	-0.124423	-0.512423	0.422898	-0.0012	0.606685	0.550223	0.00400857	0.476261	-0.0008175	0.055605	0.272443	-0.0169943	0.0343914	0.133299	-0.97355	9.71218	0.317387	-0.717197	9.60461	0.433793
19	0.712423	-0.09098	-0.520575	0.952791	-0.120357	-0.480679	0.418745	0.0043075	0.58819	0.546121	0.00873571	0.454403	0.0043675	0.0714825	0.317845	-0.0162843	0.0476843	0.163686	-0.931998	9.67213	0.348988	-0.640459	9.40068	0.478807
20	0.713295	-0.0809675	-0.485318	0.933439	-0.112227	-0.454916	0.40759	0.00972	0.562505	0.535089	0.0129386	0.426371	0.00809	0.0870525	0.361833	-0.0161086	0.0611114	0.19397	-0.88342	9.59737	0.36557	-0.565383	9.2074	0.504369
21	0.701417	-0.067535	-0.445185	0.902426	-0.100873	-0.432106	0.39003	0.0145725	0.531637	0.517497	0.01685	0.395669	0.01066	0.10175	0.403265	-0.0165129	0.0742129	0.222899	-0.829643	9.48288	0.36738	-0.491477	9.03017	0.507373
22	0.685335	-0.053965	-0.401087	0.866994	-0.0876814	-0.403041	0.368775	0.01856	0.49744	0.495261	0.02096	0.367187	0.012595	0.115145	0.441595	-0.0175129	0.0866657	0.250004	-0.77368	9.33176	0.359625	-0.421484	8.86962	0.491379
23	0.671105	-0.042385	-0.353687	0.83338	-0.0739886	-0.360546	0.347105	0.0214475	0.461035	0.470937	0.0253329	0.343757	0.01463	0.127075	0.476807	-0.01897	0.0983714	0.27555	-0.71757	9.15588	0.350165	-0.358586	8.72366	0.464273
24	0.66067	-0.0339025	-0.31066	0.805089	-0.0614786	-0.31119	0.327358	0.0231225	0.422665	0.447149	0.0293429	0.32389	0.017415	0.137738	0.509125	-0.0204543	0.109424	0.30011	-0.66176	8.97102	0.345637	-0.304199	8.58974	0.434914
25	0.652147	-0.028175	-0.2787	0.784296	-0.0517057	-0.268163	0.310173	0.0238925	0.382613	0.426264	0.0323829	0.304096	0.0210675	0.147523	0.538795	-0.0214743	0.120053	0.32435	-0.605803	8.79085	0.347973	-0.257396	8.46727	0.410397
26	0.641375	-0.023225	-0.255745	0.771153	-0.0445371	-0.235199	0.294443	0.0246125	0.342325	0.409457	0.03463	0.28313	0.02498	0.156862	0.566257	-0.0219214	0.130576	0.34891	-0.549792	8.62394	0.353555	-0.215883	8.35829	0.394521
27	0.625795	-0.017015	-0.236562	0.762873	-0.0383357	-0.207814	0.27822	0.0262725	0.304118	0.396219	0.0369143	0.262031	0.0282975	0.166068	0.59219	-0.0222329	0.141321	0.374316	-0.494848	8.47491	0.356123	-0.177246	8.26591	0.387394
28	0.60769	-0.0088025	-0.217083	0.755999	-0.0315029	-0.184523	0.260517	0.02936	0.269523	0.385289	0.0400443	0.241379	0.0305475	0.175385	0.617465	-0.0230457	0.152613	0.40098	-0.442282	8.34811	0.351115	-0.139466	8.19322	0.386309
29	0.59236	0.0006675	-0.196207	0.748477	-0.0234886	-0.167629	0.242362	0.03368	0.237965	0.37561	0.0443343	0.220456	0.03196	0.185052	0.6429	-0.0247414	0.164767	0.429391	-0.392437	8.24858	0.338255	-0.101046	8.14332	0.3875
30	0.583828	0.0101325	-0.176273	0.739821	-0.0145671	-0.156417	0.226022	0.03846	0.207005	0.366571	0.0495043	0.198254	0.0334725	0.19532	0.669092	-0.0271614	0.178086	0.460199	-0.344465	8.18052	0.321558	-0.0614171	8.11916	0.388007
31	0.582357	0.0188275	-0.160412	0.730846	-0.00537	-0.14727	0.213603	0.04279	0.174078	0.35819	0.0549071	0.174196	0.0362525	0.206423	0.696538	-0.0296943	0.19277	0.494024	-0.297063	8.14603	0.307242	-0.0210371	8.12171	0.386844
32	0.583723	0.026645	-0.148195	0.7228	0.00376286	-0.135424	0.205763	0.046385	0.13865	0.35076	0.05998	0.147886	0.0409125	0.218488	0.725588	-0.03183	0.208897	0.53137	-0.248663	8.14485	0.300445	0.0189043	8.14761	0.385091
33	0.583272	0.0341825	-0.135275	0.716471	0.0128829	-0.116899	0.20189	0.04997	0.101995	0.344623	0.06462	0.119496	0.04715	0.231603	0.75642	-0.0333357	0.226443	0.572437	-0.197215	8.17468	0.302908	0.05714	8.18992	0.385169
34	0.581342	0.0424575	-0.11873	0.712131	0.02205	-0.0917843	0.201433	0.05456	0.065205	0.34021	0.0691857	0.0896729	0.0542475	0.245925	0.789162	-0.0342371	0.245354	0.616979	-0.140888	8.23239	0.313227	0.0929114	8.24148	0.38961
35	0.582703	0.052035	-0.0985775	0.710729	0.0310414	-0.0670486	0.204117	0.0606575	0.0287475	0.337989	0.07411	0.0586043	0.0616175	0.26163	0.823915	-0.0346957	0.265539	0.664461	-0.0789625	8.31554	0.32892	0.126534	8.29797	0.399731
36	0.590658	0.06237	-0.0786425	0.713051	0.0397857	-0.0494886	0.20964	0.0681075	-0.0070475	0.33819	0.07967	0.0261329	0.069105	0.278805	0.860502	-0.0348229	0.286937	0.714283	-0.0117	8.42274	0.348233	0.159529	8.35969	0.415
37	0.60396	0.0726675	-0.06167	0.718734	0.0483086	-0.0393729	0.217525	0.076295	-0.042225	0.340581	0.0860329	-0.00724143	0.07706	0.297345	0.898435	-0.0346614	0.309544	0.765909	0.0605625	8.55266	0.370422	0.19421	8.43093	0.433561
38	0.618935	0.08278	-0.04452	0.726961	0.0565029	-0.0324414	0.226915	0.0845475	-0.07677	0.344781	0.0932486	-0.0405771	0.0859675	0.317025	0.937145	-0.0341071	0.333456	0.818986	0.13797	8.70317	0.394847	0.233187	8.51851	0.453459
39	0.632945	0.092815	-0.0255375	0.737147	0.0645029	-0.0236071	0.236912	0.0925325	-0.110158	0.350643	0.101229	-0.0734371	0.096	0.337605	0.976135	-0.03287	0.358861	0.87343	0.221038	8.87223	0.419863	0.279131	8.63041	0.473666
40	0.645445	0.102545	-0.0065925	0.748763	0.0726929	-0.00978714	0.246818	0.100348	-0.141373	0.35833	0.109799	-0.105894	0.106908	0.358988	1.01508	-0.0305043	0.385971	0.929187	0.310555	9.05834	0.4426	0.334717	8.77326	0.493997
41	0.65848	0.111715	0.010775	0.761676	0.0815514	0.0102971	0.256603	0.108265	-0.169025	0.368071	0.118837	-0.137827	0.118248	0.38126	1.05385	-0.0265314	0.414821	0.985844	0.407183	9.25967	0.46032	0.40244	8.95019	0.514333
42	0.67597	0.120305	0.0269625	0.775131	0.0912729	0.0374029	0.266925	0.116402	-0.191693	0.37948	0.128226	-0.168324	0.129692	0.404495	1.09208	-0.0205743	0.445201	1.04256	0.510792	9.47096	0.471955	0.483841	9.15912	0.53402
43	0.698058	0.12793	0.0427775	0.788079	0.101036	0.0691471	0.277567	0.12436	-0.208517	0.391867	0.137616	-0.19616	0.14139	0.428368	1.1286	-0.0123343	0.476569	1.09808	0.620243	9.68009	0.47837	0.578669	9.39131	0.551934
44	0.719755	0.133563	0.05835	0.800657	0.109613	0.102536	0.287197	0.131213	-0.219277	0.404936	0.146479	-0.220107	0.154128	0.452115	1.16151	-0.00168286	0.508054	1.15082	0.733375	9.8695	0.481627	0.684771	9.63157	0.566839
45	0.73709	0.136542	0.0753075	0.813417	0.116269	0.137183	0.295133	0.136113	-0.22374	0.418297	0.154361	-0.238411	0.168938	0.474908	1.18883	0.0112629	0.538686	1.19899	0.847227	10.0216	0.483657	0.798567	9.86122	0.577971
46	0.750888	0.13738	0.097725	0.826449	0.120953	0.173404	0.302148	0.138893	-0.221118	0.431283	0.160969	-0.249379	0.18623	0.495938	1.20887	0.0262429	0.567657	1.2409	0.958943	10.1225	0.485557	0.91591	10.0618	0.585767
47	0.763315	0.137235	0.128252	0.83928	0.124164	0.210334	0.309307	0.139863	-0.210863	0.443509	0.166131	-0.252399	0.205615	0.514575	1.22048	0.0429414	0.594359	1.27495	1.06625	10.1637	0.48771	1.03329	10.2169	0.591739
48	0.773317	0.136858	0.164928	0.84977	0.126296	0.24571	0.31651	0.139517	-0.193615	0.454373	0.169806	-0.247721	0.226588	0.530882	1.22372	0.0610614	0.618224	1.29969	1.16716	10.1434	0.489895	1.14874	10.3131	0.597203
49	0.777648	0.136247	0.203602	0.853454	0.127013	0.27589	0.32266	0.13876	-0.170582	0.462026	0.171919	-0.236103	0.249072	0.545998	1.22001	0.0802171	0.638611	1.31394	1.26001	10.0659	0.491075	1.2615	10.3394	0.601187
50	0.773828	0.134875	0.236383	0.844437	0.125649	0.297989	0.326765	0.138767	-0.144025	0.463516	0.172239	-0.218849	0.273282	0.561573	1.21126	0.0999257	0.654584	1.3166	1.34416	9.93425	0.488715	1.37113	10.2858	0.599079
51	0.7581	0.13165	0.252065	0.8155	0.121287	0.311379	0.327737	0.13978	-0.117265	0.455341	0.170093	-0.197313	0.298715	0.57762	1.19697	0.11969	0.66446	1.30609	1.42003	9.73765	0.478212	1.47554	10.1385	0.583136
52	0.720725	0.123912	0.246645	0.760509	0.112651	0.316727	0.321852	0.139125	-0.0912475	0.434716	0.16417	-0.172751	0.322192	0.588865	1.17016	0.139113	0.665604	1.27984	1.48675	9.44013	0.45209	1.56983	9.87793	0.545471
53	0.649855	0.107945	0.229025	0.67876	0.0987929	0.315827	0.302063	0.13157	-0.0630025	0.400756	0.153006	-0.14683	0.337743	0.584673	1.11863	0.157766	0.655023	1.23457	1.53771	8.98919	0.401103	1.64709	9.48037	0.482424
54	0.547687	0.0840925	0.21612	0.575431	0.0804686	0.312866	0.264378	0.114675	-0.030545	0.353509	0.136174	-0.120886	0.340463	0.557637	1.03532	0.174139	0.630529	1.1675	1.55988	8.35058	0.322085	1.69879	8.92662	0.394329
55	0.436752	0.0594275	0.221505	0.459321	0.0606429	0.313704	0.214328	0.092655	0.0029925	0.294017	0.114899	-0.09512	0.32905	0.51047	0.925078	0.185091	0.591116	1.07707	1.53971	7.52956	0.225553	1.71483	8.20871	0.285049
56	0.34159	0.0411625	0.247873	0.34294	0.0422686	0.321657	0.16317	0.0720525	0.0330925	0.228	0.0914243	-0.0681843	0.303775	0.45012	0.797285	0.187424	0.53628	0.962504	1.46694	6.55291	0.130783	1.68362	7.32645	0.168954
57	0.26827	0.02965	0.287408	0.238536	0.0264486	0.336437	0.118853	0.055855	0.05845	0.163629	0.0682486	-0.0378743	0.26537	0.380515	0.658035	0.179033	0.465967	0.823909	1.33231	5.4541	0.054635	1.59108	6.28506	0.0669686
58	0.203545	0.019985	0.329815	0.149119	0.0131214	0.355791	0.08188	0.042925	0.0799125	0.105323	0.0473414	-0.00420286	0.216613	0.303782	0.512393	0.158927	0.381541	0.664779	1.12947	4.2881	0.005285	1.42409	5.10748	-0.00808429
59	0.13172	0.0085775	0.36665	0.0736157	0.00211714	0.375667	0.0489	0.0308475	0.0966225	0.0555143	0.0299129	0.02956	0.162893	0.224395	0.369222	0.128347	0.287441	0.494299	0.866943	3.14592	-0.0177225	1.17853	3.85362	-0.05137
60	0.0494975	-0.0033625	0.384992	0.00780429	-0.00609429	0.392084	0.018765	0.018625	0.103745	0.0162086	0.0165971	0.0585614	0.11086	0.149925	0.240688	0.0915457	0.192374	0.327556	0.57787	2.13664	-0.0204975	0.869387	2.63053	-0.0634514
61	-0.030575	-0.012045	0.369918	-0.05352	-0.0108286	0.388963	-0.00528	0.0074925	0.096575	-0.01104	0.00718	0.0739914	0.0665175	0.0882575	0.13727	0.0549129	0.107921	0.182561	0.313912	1.3439	-0.012415	0.539566	1.56952	-0.0522143
62	-0.0917875	-0.01422	0.30349	-0.101266	-0.0124271	0.348896	-0.0203525	-0.0008375	0.06568	-0.0233486	0.00113286	0.0707457	0.032985	0.04273	0.062555	0.0252857	0.04542	0.0746214	0.131853	0.718425	-0.006915	0.256617	0.792434	-0.0306357
63	-0.118758	-0.00984	0.19608	-0.120113	-0.0116786	0.249906	-0.0256925	-0.004665	0.012665	-0.0204	-0.00261714	0.0341157	0.00991	0.012625	0.0133425	0.00355429	0.00503	0.00233286	0.0400925	0.255582	-0.00312	0.0472943	0.170153	-0.00673286
64	-0.09943	-0.0041425	0.130198	-0.103993	-0.00994	0.1495	-0.02138	-0.0034375	-0.0160025	-0.00977857	-0.00363	-0.000791429	-0.00188	-0.001795	-0.01153	-0.00565143	-0.00966857	-0.0281443	0.00406	0.152278	-0.00117	0	0	0
65	-0.0477825	-0.0006325	0.142085	-0.0689314	-0.00674429	0.107201	-0.0119325	0.0012525	-0.0040125	-0.00304286	-0.00218286	-0.0111314	-0.00667	-0.006245	-0.021895	-0.00797857	-0.0130543	-0.03754	0	0	0	0	0	0
66	0.0010175	0.001205	0.153243	-0.03416	-0.00235286	0.134056	-0.00359	0.0052225	-0.0019625	-0.00307	0.00112429	0.00540714	-0.01042	-0.0102125	-0.029505	-0.00785714	-0.0141143	-0.0393214	0	0	0	0	0	0
67	0.0414025	-0.0007275	0.207375	-0.01429	0.00172286	0.182006	0.00262	0.00744	0.03201	-0.00747714	0.00369714	0.0304829	-0.01058	-0.010895	-0.0318025	-0.00651143	-0.0146429	-0.0364186	0	0	0	0	0	0
68	0.059345	-0.0044225	0.228208	-0.0154971	0.00411143	0.209854	0.0047425	0.0063175	0.0536075	-0.0142157	0.00315857	0.0509757	-0.00983	-0.01191	-0.0317575	-0.00466714	-0.0143857	-0.0301043	0	0	0	0	0	0
69	0.059175	-0.008755	0.21542	-0.0318943	0.00511286	0.202174	0.0039975	0.0032675	0.06397	-0.0214343	-0.000202857	0.0605243	-0.00814	-0.012325	-0.0287	-0.00301714	-0.0138643	-0.0232971	0	0	0	0	0	0
70	0.0459525	-0.010775	0.183727	-0.0472286	0.00508714	0.166999	0.0009025	0.000155	0.06404	-0.0260557	-0.00374714	0.0604386	-0.0062	-0.01221	-0.023905	-0.00183	-0.0133329	-0.0180129	0	0	0	0	0	0
71	0.02811	-0.0087875	0.15453	-0.0509414	0.00429857	0.120381	-0.0033425	-0.002035	0.0581625	-0.0266657	-0.00559857	0.05504	-0.004535	-0.0117025	-0.019065	-0.00112857	-0.0128943	-0.0147943	0	0	0	0	0	0
72	0.012375	-0.003895	0.136215	-0.0485471	0.00430286	0.0778614	-0.0071725	-0.00348	0.04889	-0.02567	-0.00590286	0.0480257	-0.0034875	-0.0110525	-0.0155325	-0.000805714	-0.0125343	-0.0130886	0	0	0	0	0	0
73	-0.00122	0.0016025	0.124925	-0.04986	0.00632286	0.0513957	-0.010525	-0.0047475	0.0379725	-0.0257086	-0.00578	0.04132	-0.00304	-0.010445	-0.0136125	-0.00075	-0.0121471	-0.0121857	0	0	0	0	0	0
74	-0.0149675	0.005415	0.112988	-0.0573643	0.00997143	0.0452871	-0.01386	-0.00609	0.0272	-0.02705	-0.00605857	0.0349829	-0.0029325	-0.00984	-0.0127225	-0.000865714	-0.0115986	-0.0116414	0	0	0	0	0	0
75	-0.027935	0.0061975	0.097155	-0.0667814	0.01422	0.0532357	-0.016405	-0.007135	0.0181175	-0.02878	-0.00689571	0.0283614	-0.0029375	-0.0090025	-0.01213	-0.00105571	-0.0108714	-0.0112457	0	0	0	0	0	0
76	-0.035465	0.0050475	0.0820175	-0.0730171	0.0181314	0.0635157	-0.0167225	-0.007365	0.010855	-0.0300186	-0.00786429	0.0213557	-0.002975	-0.0077825	-0.011505	-0.00122	-0.01005	-0.0109257	0	0	0	0	0	0
77	-0.0341875	0.00435	0.07333	-0.0736057	0.0205714	0.0673186	-0.0144275	-0.006615	0.004295	-0.0300157	-0.00827714	0.0141457	-0.00306	-0.0063025	-0.0109475	-0.00132714	-0.00919714	-0.0107214	0	0	0	0	0	0
78	-0.026975	0.0047375	0.0660575	-0.0677486	0.0204629	0.06051	-0.01109	-0.0051825	-0.003225	-0.0281871	-0.00766	0.00661714	-0.00315	-0.00492	-0.0106375	-0.00140714	-0.00830857	-0.0106743	0	0	0	0	0	0
79	-0.01961	0.00503	0.0517575	-0.05538	0.0176557	0.0427257	-0.008695	-0.0035125	-0.01295	-0.02446	-0.00600429	-0.00151	-0.003195	-0.0039375	-0.0106025	-0.00149	-0.00737714	-0.0108414	0	0	0	0	0	0
80	-0.01378	0.0042325	0.0328025	-0.03897	0.0135243	0.0201714	-0.0071275	-0.0017775	-0.0240775	-0.0194857	-0.00357714	-0.00962857	-0.00324	-0.0033275	-0.0107975	-0.00159	-0.00645143	-0.01123	0	0	0	0	0	0
81	-0.0076925	0.002675	0.015695	-0.0221171	0.00992571	0.00109286	-0.00538	-8.5e-05	-0.0344675	-0.0142657	-0.00088	-0.0169914	-0.00331	-0.0029825	-0.0111725	-0.00171571	-0.00564286	-0.0118471	0	0	0	0	0	0
82	-0.000885	0.0018025	0.0029375	-0.00660714	0.00782286	-0.01141	-0.0037225	0.0011325	-0.0429575	-0.00940286	0.00138	-0.0237771	-0.003345	-0.00294	-0.0116275	-0.00185143	-0.00502286	-0.0126757	0	0	0	0	0	0
83	0.005245	0.0021175	-0.0056425	0.00594286	0.00672714	-0.0192671	-0.0028025	0.0015525	-0.0492125	-0.00541286	0.00257714	-0.0301714	-0.0033	-0.00328	-0.0121125	-0.00196857	-0.00465571	-0.0135814	0	0	0	0	0	0
84	0.0092725	0.002775	-0.011775	0.0140214	0.00569429	-0.02564	-0.002825	0.00132	-0.0529425	-0.00299	0.00249571	-0.0359271	-0.0032775	-0.0039975	-0.01277	-0.00202	-0.0046	-0.0144329	0	0	0	0	0	0
85	0.01099	0.003475	-0.01602	0.01754	0.00474143	-0.0332114	-0.0034225	0.0009025	-0.05452	-0.00246	0.00126571	-0.04148	-0.00338	-0.0048975	-0.01363	-0.00196429	-0.00497286	-0.01524	0	0	0	0	0	0
86	0.01035	0.0046	-0.0186475	0.0171043	0.00417143	-0.0434543	-0.0042275	0.000645	-0.0547325	-0.00396429	-0.000815714	-0.0468129	-0.0036	-0.005685	-0.0145375	-0.00178714	-0.00592714	-0.0160829	0	0	0	0	0	0
87	0.005945	0.006	-0.0205325	0.0113	0.00439714	-0.0509957	-0.0055375	0.000585	-0.054185	-0.00780286	-0.00318857	-0.0503414	-0.003855	-0.00629	-0.0154375	-0.00152286	-0.00746143	-0.0170643	0	0	0	0	0	0
88	-0.003885	0.00706	-0.021715	-0.00359571	0.00551571	-0.0489129	-0.007895	0.0005775	-0.053585	-0.0138514	-0.00502286	-0.05118	-0.00407	-0.0067825	-0.0163425	-0.00126286	-0.00928143	-0.0183	0	0	0	0	0	0
89	-0.0192325	0.0073875	-0.0236075	-0.0289471	0.00679143	-0.0339486	-0.011625	0.000555	-0.0544325	-0.0200743	-0.00535286	-0.0508829	-0.004225	-0.00724	-0.0172575	-0.00117	-0.0106943	-0.01988	0	0	0	0	0	0
90	-0.0383725	0.00743	-0.0278325	-0.0601143	0.00739286	-0.0119414	-0.0163525	0.0006875	-0.059415	-0.0230457	-0.00369286	-0.0544614	-0.0044075	-0.0076025	-0.01833	-0.00140286	-0.0108286	-0.0218143	0	0	0	0	0	0
91	-0.05579	0.007945	-0.03453	-0.0847743	0.00690286	0.000805714	-0.0204825	0.0013975	-0.071555	-0.0209886	-0.000828571	-0.0681871	-0.004865	-0.007555	-0.0197175	-0.00197714	-0.00920286	-0.0238057	0	0	0	0	0	0
92	-0.061905	0.0088075	-0.0434175	-0.08931	0.00531857	-0.0115014	-0.0218325	0.00298	-0.0922625	-0.0158771	0.00156571	-0.0942643	-0.0057175	-0.0065375	-0.02099	-0.00265714	-0.00612857	-0.0247957	0	0	0	0	0	0
93	-0.0501975	0.0091775	-0.0574275	-0.0693314	0.00304286	-0.0532529	-0.0195	0.00528	-0.12092	-0.01102	0.00288286	-0.128741	-0.006585	-0.00409	-0.02079	-0.00304	-0.00226571	-0.02297	0	0	0	0	0	0
94	-0.0271325	0.0085875	-0.08656	-0.0333729	0.00109429	-0.123844	-0.0155625	0.0076375	-0.156185	-0.00759714	0.00436714	-0.167193	-0.006525	-0.00035	-0.0173925	-0.00275	0.00205286	-0.0171071	0	0	0	0	0	0
95	-0.0105125	0.0068475	-0.142178	-3.42857e-05	0.000435714	-0.216839	-0.0135625	0.009365	-0.19564	-0.00530714	0.00733286	-0.206714	-0.0047525	0.0039375	-0.010185	-0.00171143	0.00660857	-0.00805857	0	0	0	0	0	0
96	-0.0164125	0.0033725	-0.221772	0.0156329	0.00111857	-0.314547	-0.0157575	0.009755	-0.234245	-0.00360286	0.0114014	-0.24448	-0.00142	0.0078275	-0.0006525	-0.000221429	0.0110471	0.00159143	0	0	0	0	0	0
97	-0.0487325	-0.0027325	-0.296265	0.0133386	0.00206429	-0.390089	-0.022765	0.0078275	-0.262845	-0.00145571	0.0146286	-0.274666	0.00226	0.01042	0.0080875	0.00110857	0.0146643	0.00895	0	0	0	0	0	0
98	-0.099345	-0.011915	-0.343502	0.00162286	0.00159286	-0.433886	-0.03333	0.0025525	-0.276883	0.00132714	0.015	-0.29462	0.0051925	0.0109575	0.01348	0.00222571	0.0170357	0.0131886	0	0	0	0	0	0
99	-0.145118	-0.02091	-0.336453	-0.00638857	-0.000632857	-0.414421	-0.04369	-0.003935	-0.265988	0.00429714	0.0118357	-0.284666	0.005345	0.010005	0.0138325	0.00208143	0.0164457	0.01237	0	0	0	0	0	0
100	-0.202005	-0.033985	-0.482715	-0.0250243	-0.00486857	-0.597799	-0.04956	-0.016875	-0.300777	0.00596429	0.00883429	-0.363391	0.0124575	0.00526	0.01665	0.00871286	0.0240957	0.0261929	-0.0354225	0.681865	-0.0569825	0.03392	0.668434	-0.08929
