Time	Fx1	Fy1	Fz1	COPx1	COPy1	COPz1	Ty1	Fx2	Fy2	Fz2	COPx2	COPy2	COPz2	Ty2	Fx3	Fy3	Fz3	COPx3	COPy3	COPz3	Ty3	Fx4	Fy4	Fz4	COPx4	COPy4	COPz4	Ty4	Fx5	Fy5	Fz5	COPx5	COPy5	COPz5	Ty5
1	0	0	0	1506	0	-203	0	0	0	0	2109	0	-203	0	0	0	0	903	0	-403	0	0	0	0	300	0	-203	0	0	0	0	300	0	200	0
2	-0	-0	-0	1506	0	-203	-0	-0	-0	-0	2109	0	-203	-0	-0	-0	-0	903	0	-403	-0	-0	-0	-0	300	0	-203	-0	-0	-0	-0	300	0	200	-0
3	-0	-0	-0	1506	0	-203	-0	-0	-0	-0	2109	0	-203	-0	-0	-0	-0	903	0	-403	-0	-0	-0	-0	300	0	-203	-0	-0	-0	-0	300	0	200	-0
4	-0	-0	-0	1506	0	-203	-0	-0	-0	-0	2109	0	-203	-0	-0	-0	-0	903	0	-403	-0	-0	-0	-0	300	0	-203	-0	-0	-0	-0	300	0	200	-0
5	-0	-0	-0	1506	0	-203	-0	-0	-0	-0	2109	0	-203	-0	-0	-0	-0	903	0	-403	-0	-0	-0	-0	300	0	-203	-0	-0	-0	-0	300	0	200	-0
6	-0	-0	-0	1506	0	-203	-0	-0	-0	-0	2109	0	-203	-0	-0	-0	-0	903	0	-403	-0	-0	-0	-0	300	0	-203	-0	0	0	0	300	0	200	0
7	-0	-0	-0	1506	0	-203	-0	-0	-0	-0	2109	0	-203	-0	-0	-0	-0	903	0	-403	-0	-0	-0	-0	300	0	-203	-0	-0	-0	-0	300	0	200	-0
8	-0	-0	-0	1506	0	-203	-0	-0	-0	-0	2109	0	-203	-0	-0	-0	-0	903	0	-403	-0	0	0	0	300	0	-203	0	-0	-0	-0	300	0	200	-0
9	-0	-0	-0	1506	0	-203	-0	-0	-0	-0	2109	0	-203	-0	-0	-0	-0	903	0	-403	-0	-0	-0	-0	300	0	-203	-0	-0	-0	-0	300	0	200	-0
10	-0	-0	-0	1506	0	-203	-0	-0	-0	-0	2109	0	-203	-0	-0	-0	-0	903	0	-403	-0	-0	-0	-0	300	0	-203	-0	-0	-0	-0	300	0	200	-0
11	-0	-0	-0	1506	0	-203	-0	-0	-0	-0	2109	0	-203	-0	-0	-0	-0	903	0	-403	-0	-0	-0	-0	300	0	-203	-0	-0	-0	-0	300	0	200	-0
12	-0	-0	-0	1506	0	-203	-0	0	0	0	2109	0	-203	0	-0	-0	-0	903	0	-403	-0	-0	-0	-0	300	0	-203	-0	-0	-0	-0	300	0	200	-0
13	-0	-0	-0	1506	0	-203	-0	-0	-0	-0	2109	0	-203	-0	-0	-0	-0	903	0	-403	-0	-0	-0	-0	300	0	-203	-0	-0	-0	-0	300	0	200	-0
14	-0	-0	-0	1506	0	-203	-0	-0	-0	-0	2109	0	-203	-0	-0	-0	-0	903	0	-403	-0	-0	-0	-0	300	0	-203	-0	-0	-0	-0	300	0	200	-0
15	-0	-0	-0	1506	0	-203	-0	-0	-0	-0	2109	0	-203	-0	-0	-0	-0	903	0	-403	-0	-0	-0	-0	300	0	-203	-0	0	0	0	300	0	200	0
16	-0	-0	-0	1506	0	-203	-0	-0	-0	-0	2109	0	-203	-0	-0	-0	-0	903	0	-403	-0	-0	-0	-0	300	0	-203	-0	-0	-0	-0	300	0	200	-0
17	-0	-0	-0	1506	0	-203	-0	-0	-0	-0	2109	0	-203	-0	-0	-0	-0	903	0	-403	-0	-0	-0	-0	300	0	-203	-0	-0	-0	-0	300	0	200	-0
18	-0	-0	-0	1506	0	-203	-0	-0	-0	-0	2109	0	-203	-0	-0	-0	-0	903	0	-403	-0	-0	-0	-0	300	0	-203	-0	-0	-0	-0	300	0	200	-0
19	-0	-0	-0	1506	0	-203	-0	-0	-0	-0	2109	0	-203	-0	-0	-0	-0	903	0	-403	-0	-0	-0	-0	300	0	-203	-0	0	0	0	300	0	200	0
20	-0	-0	-0	1506	0	-203	-0	-0	-0	-0	2109	0	-203	-0	-0	-0	-0	903	0	-403	-0	-0	-0	-0	300	0	-203	-0	0	0	0	300	0	200	0
21	-0	-0	-0	1506	0	-203	-0	-0	-0	-0	2109	0	-203	-0	-0	-0	-0	903	0	-403	-0	-0	-0	-0	300	0	-203	-0	-0	-0	-0	300	0	200	-0
22	-0	-0	-0	1506	0	-203	-0	-0	-0	-0	2109	0	-203	-0	0	0	0	903	0	-403	0	-0	-0	-0	300	0	-203	-0	-0	-0	-0	300	0	200	-0
23	-0	-0	-0	1506	0	-203	-0	-0	-0	-0	2109	0	-203	-0	0	0	0	903	0	-403	0	-0	-0	-0	300	0	-203	-0	-0	-0	-0	300	0	200	-0
24	-0	-0	-0	1506	0	-203	-0	-0	-0	-0	2109	0	-203	-0	-0	-0	-0	903	0	-403	-0	-0	-0	-0	300	0	-203	-0	-0	-0	-0	300	0	200	-0
25	-0	-0	-0	1506	0	-203	-0	-0	-0	-0	2109	0	-203	-0	-0	-0	-0	903	0	-403	-0	-0	-0	-0	300	0	-203	-0	-0	-0	-0	300	0	200	-0
26	-0	-0	-0	1506	0	-203	-0	-0	-0	-0	2109	0	-203	-0	-0	-0	-0	903	0	-403	-0	-0	-0	-0	300	0	-203	-0	-0	-0	-0	300	0	200	-0
27	-0	-0	-0	1506	0	-203	-0	-0	-0	-0	2109	0	-203	-0	-0	-0	-0	903	0	-403	-0	-0	-0	-0	300	0	-203	-0	-0	-0	-0	300	0	200	-0
28	-0	-0	-0	1506	0	-203	-0	-0	-0	-0	2109	0	-203	-0	-0	-0	-0	903	0	-403	-0	-0	-0	-0	300	0	-203	-0	0	0	0	300	0	200	0
29	-0	-0	-0	1506	0	-203	-0	-0	-0	-0	2109	0	-203	-0	-0	-0	-0	903	0	-403	-0	-0	-0	-0	300	0	-203	-0	0	0	0	300	0	200	0
30	-0	-0	-0	1506	0	-203	-0	-0	-0	-0	2109	0	-203	-0	-0	-0	-0	903	0	-403	-0	-28.98	64.62	3.19	6.73	0	-93.29	-343.53	-0	-0	-0	300	0	200	-0
31	-0	-0	-0	1506	0	-203	-0	-0	-0	-0	2109	0	-203	-0	-0	-0	-0	903	0	-403	-0	-36.72	82.54	1.97	5.23	0	-90.04	-385.21	-0	-0	-0	300	0	200	-0
32	-0	-0	-0	1506	0	-203	-0	-0	-0	-0	2109	0	-203	-0	-0	-0	-0	903	0	-403	-0	-47.04	104.53	0.95	7.34	0	-89.52	-327.89	-0	-0	-0	300	0	200	-0
33	-0	-0	-0	1506	0	-203	-0	-0	-0	-0	2109	0	-203	-0	-0	-0	-0	903	0	-403	-0	-52.47	117.83	1.83	8.43	0	-84.43	-322.88	-0	-0	-0	300	0	200	-0
34	-0	-0	-0	1506	0	-203	-0	-0	-0	-0	2109	0	-203	-0	-0	-0	-0	903	0	-403	-0	-54.5	137.11	1.83	16.32	0	-81.18	-269.26	-0	-0	-0	300	0	200	-0
35	-0	-0	-0	1506	0	-203	-0	-0	-0	-0	2109	0	-203	-0	0	0	0	903	0	-403	0	-57.22	168.87	1.22	26.15	0	-75.26	40.49	-0	-0	-0	300	0	200	-0
36	-0	-0	-0	1506	0	-203	-0	-0	-0	-0	2109	0	-203	-0	-0	-0	-0	903	0	-403	-0	-60.07	200.64	0.07	33.01	0	-72.39	186.89	-0	-0	-0	300	0	200	-0
37	-0	-0	-0	1506	0	-203	-0	-0	-0	-0	2109	0	-203	-0	-0	-0	-0	903	0	-403	-0	-63.87	229.69	-1.15	36.93	0	-69.15	232.51	0	0	0	300	0	200	0
38	-0	-0	-0	1506	0	-203	-0	-0	-0	-0	2109	0	-203	-0	-0	-0	-0	903	0	-403	-0	-69.44	256.57	-4.28	40.95	0	-67.75	417.38	-0	-0	-0	300	0	200	-0
39	-0	-0	-0	1506	0	-203	-0	-0	-0	-0	2109	0	-203	-0	-0	-0	-0	903	0	-403	-0	-73.3	266.61	-7.6	41.81	0	-66.33	715.55	-0	-0	-0	300	0	200	-0
40	-0	-0	-0	1506	0	-203	-0	-0	-0	-0	2109	0	-203	-0	-0	-0	-0	903	0	-403	-0	-75.48	274.21	-11.88	44.04	0	-65.99	958.53	-0	-0	-0	300	0	200	-0
41	-0	-0	-0	1506	0	-203	-0	-0	-0	-0	2109	0	-203	-0	-0	-0	-0	903	0	-403	-0	-77.78	284.53	-16.02	47.74	0	-65.53	1090.42	-0	-0	-0	300	0	200	-0
42	-0	-0	-0	1506	0	-203	-0	-0	-0	-0	2109	0	-203	-0	-0	-0	-0	903	0	-403	-0	-78.73	295.12	-20.02	49.88	0	-64.43	1426.64	-0	-0	-0	300	0	200	-0
43	-0	-0	-0	1506	0	-203	-0	-0	-0	-0	2109	0	-203	-0	-0	-0	-0	903	0	-403	-0	-80.36	310.05	-22.19	50.45	0	-63.23	1691.56	-0	-0	-0	300	0	200	-0
44	-0	-0	-0	1506	0	-203	-0	-0	-0	-0	2109	0	-203	-0	-0	-0	-0	903	0	-403	-0	-81.65	331.5	-22.47	51.7	0	-63.25	1658.54	-0	-0	-0	300	0	200	-0
45	-0	-0	-0	1506	0	-203	-0	-0	-0	-0	2109	0	-203	-0	-0	-0	-0	903	0	-403	-0	-82.26	348.88	-20.77	53.39	0	-64.59	1595.56	-0	-0	-0	300	0	200	-0
46	-0	-0	-0	1506	0	-203	-0	-0	-0	-0	2109	0	-203	-0	-0	-0	-0	903	0	-403	-0	-81.38	359.46	-18.73	53.29	0	-65.06	1607.27	-0	-0	-0	300	0	200	-0
47	-0	-0	-0	1506	0	-203	-0	-0	-0	-0	2109	0	-203	-0	-0	-0	-0	903	0	-403	-0	-80.02	370.32	-16.49	53.6	0	-66.2	1472.77	-0	-0	-0	300	0	200	-0
48	-0	-0	-0	1506	0	-203	-0	-0	-0	-0	2109	0	-203	-0	-0	-0	-0	903	0	-403	-0	-79.07	376.84	-15.14	54.23	0	-66.81	1326.35	0	0	0	300	0	200	0
49	-0	-0	-0	1506	0	-203	-0	-0	-0	-0	2109	0	-203	-0	-0	-0	-0	903	0	-403	-0	-78.67	382.81	-15.14	55.01	0	-67.61	1531.36	-0	-0	-0	300	0	200	-0
50	-0	-0	-0	1506	0	-203	-0	-0	-0	-0	2109	0	-203	-0	-0	-0	-0	903	0	-403	-0	-77.51	386.34	-15	54.75	0	-68.09	1566.61	-0	-0	-0	300	0	200	-0
51	-0	-0	-0	1506	0	-203	-0	-0	-0	-0	2109	0	-203	-0	-0	-0	-0	903	0	-403	-0	-76.77	391.5	-15.27	55.97	0	-69.06	1642.95	0	0	0	300	0	200	0
52	-0	-0	-0	1506	0	-203	-0	-0	-0	-0	2109	0	-203	-0	-0	-0	-0	903	0	-403	-0	-76.02	394.49	-15.34	56.45	0	-69.79	1813.48	-0	-0	-0	300	0	200	-0
53	-0	-0	-0	1506	0	-203	-0	-0	-0	-0	2109	0	-203	-0	-0	-0	-0	903	0	-403	-0	-74.19	395.3	-15	55.28	0	-70.14	1902.85	-0	-0	-0	300	0	200	-0
54	-0	-0	-0	1506	0	-203	-0	-0	-0	-0	2109	0	-203	-0	-0	-0	-0	903	0	-403	-0	-72.96	396.66	-14.25	56.05	0	-71.36	1933.69	-0	-0	-0	300	0	200	-0
55	-0	-0	-0	1506	0	-203	-0	-0	-0	-0	2109	0	-203	-0	-0	-0	-0	903	0	-403	-0	-71.4	395.03	-12.96	56.86	0	-72.04	1832.12	0	0	0	300	0	200	0
56	-0	-0	-0	1506	0	-203	-0	-0	-0	-0	2109	0	-203	-0	-0	-0	-0	903	0	-403	-0	-69.3	392.31	-11.2	57.28	0	-72.99	1773.55	-0	-0	-0	300	0	200	-0
57	-0	-0	-0	1506	0	-203	-0	-0	-0	-0	2109	0	-203	-0	-0	-0	-0	903	0	-403	-0	-67.06	388.24	-9.71	57.55	0	-73.69	1658.54	-0	-0	-0	300	0	200	-0
58	-0	-0	-0	1506	0	-203	-0	-0	-0	-0	2109	0	-203	-0	-0	-0	-0	903	0	-403	-0	-64.01	384.71	-9.3	58.83	0	-74.48	1685.28	-0	-0	-0	300	0	200	-0
59	-0	-0	-0	1506	0	-203	-0	-0	-0	-0	2109	0	-203	-0	-0	-0	-0	903	0	-403	-0	-61.83	379.01	-8.01	59.03	0	-74.8	1651.14	-0	-0	-0	300	0	200	-0
60	-0	-0	-0	1506	0	-203	-0	-0	-0	-0	2109	0	-203	-0	-0	-0	-0	903	0	-403	-0	-59.66	371.68	-7.53	59.28	0	-74.5	1722.5	0	0	0	300	0	200	0
61	-0	-0	-0	1506	0	-203	-0	-0	-0	-0	2109	0	-203	-0	0	0	0	903	0	-403	0	-57.49	366.25	-6.86	60.12	0	-75.45	1557.16	-0	-0	-0	300	0	200	-0
62	-0	-0	-0	1506	0	-203	-0	-0	-0	-0	2109	0	-203	-0	-0	-0	-0	903	0	-403	-0	-53.55	357.83	-6.99	61.92	0	-76.85	1550.33	0	0	0	300	0	200	0
63	-0	-0	-0	1506	0	-203	-0	-0	-0	-0	2109	0	-203	-0	-0	-0	-0	903	0	-403	-0	-50.5	348.6	-6.86	62.97	0	-76.63	1541.45	-0	-0	-0	300	0	200	-0
64	-0	-0	-0	1506	0	-203	-0	-0	-0	-0	2109	0	-203	-0	-0	-0	-0	903	0	-403	-0	-47.51	341	-6.79	63.88	0	-77.33	1558.45	-0	-0	-0	300	0	200	-0
65	-0	-0	-0	1506	0	-203	-0	-0	-0	-0	2109	0	-203	-0	-0	-0	-0	903	0	-403	-0	-44.32	331.23	-6.58	65.86	0	-78.37	1446.88	-0	-0	-0	300	0	200	-0
66	-0	-0	-0	1506	0	-203	-0	-0	-0	-0	2109	0	-203	-0	-0	-0	-0	903	0	-403	-0	-41.4	321.73	-6.86	66.02	0	-78.16	1490.44	-0	-0	-0	300	0	200	-0
67	-0	-0	-0	1506	0	-203	-0	-0	-0	-0	2109	0	-203	-0	-0	-0	-0	903	0	-403	-0	-39.23	316.02	-6.99	69.13	0	-79.32	1427.2	-0	-0	-0	300	0	200	-0
68	-0	-0	-0	1506	0	-203	-0	-0	-0	-0	2109	0	-203	-0	-0	-0	-0	903	0	-403	-0	-36.45	304.89	-7.26	68.98	0	-78.78	1504.17	0	0	0	300	0	200	0
69	-0	-0	-0	1506	0	-203	-0	-0	-0	-0	2109	0	-203	-0	-0	-0	-0	903	0	-403	-0	-34.48	296.75	-7.6	70.12	0	-79.23	1538.04	-0	-0	-0	300	0	200	-0
70	-0	-0	-0	1506	0	-203	-0	-0	-0	-0	2109	0	-203	-0	-0	-0	-0	903	0	-403	-0	-32.58	291.32	-7.53	72.99	0	-79.72	1432.53	-0	-0	-0	300	0	200	-0
71	-0	-0	-0	1506	0	-203	-0	-0	-0	-0	2109	0	-203	-0	-0	-0	-0	903	0	-403	-0	-30.2	283.17	-8.08	74.74	0	-80.07	1538.17	-0	-0	-0	300	0	200	-0
72	-0	-0	-0	1506	0	-203	-0	-0	-0	-0	2109	0	-203	-0	-0	-0	-0	903	0	-403	-0	-28.37	275.84	-8.08	75.15	0	-79.7	1526.82	-0	-0	-0	300	0	200	-0
73	-0	-0	-0	1506	0	-203	-0	-0	-0	-0	2109	0	-203	-0	-0	-0	-0	903	0	-403	-0	-25.86	270.68	-8.62	77.08	0	-80.2	1492.33	-0	-0	-0	300	0	200	-0
74	-0	-0	-0	1506	0	-203	-0	-0	-0	-0	2109	0	-203	-0	0	0	0	903	0	-403	0	-23.48	264.44	-8.89	78.81	0	-80.43	1461.07	-0	-0	-0	300	0	200	-0
75	-0	-0	-0	1506	0	-203	-0	-0	-0	-0	2109	0	-203	-0	-0	-0	-0	903	0	-403	-0	-21.38	259.01	-9.64	79.49	0	-80.63	1502.25	-0	-0	-0	300	0	200	-0
76	-0	-0	-0	1506	0	-203	-0	-0	-0	-0	2109	0	-203	-0	-0	-0	-0	903	0	-403	-0	-19.62	254.67	-9.91	81.42	0	-79.57	1494.38	-0	-0	-0	300	0	200	-0
77	-0	-0	-0	1506	0	-203	-0	-0	-0	-0	2109	0	-203	-0	-0	-0	-0	903	0	-403	-0	-18.05	251.68	-10.38	83.76	0	-79.97	1543.02	0	0	0	300	0	200	0
78	-0	-0	-0	1506	0	-203	-0	-0	-0	-0	2109	0	-203	-0	0	0	0	903	0	-403	0	-16.7	249.24	-10.72	85.9	0	-79.98	1481.42	-0	-0	-0	300	0	200	-0
79	-0	-0	-0	1506	0	-203	-0	-0	-0	-0	2109	0	-203	-0	-0	-0	-0	903	0	-403	-0	-15.48	245.98	-11	87.21	0	-79.64	1593.84	-0	-0	-0	300	0	200	-0
80	-0	-0	-0	1506	0	-203	-0	-0	-0	-0	2109	0	-203	-0	0	0	0	903	0	-403	0	-14.66	243.81	-11.27	89.05	0	-79.51	1663.46	-0	-0	-0	300	0	200	-0
81	-0	-0	-0	1506	0	-203	-0	-0	-0	-0	2109	0	-203	-0	-0	-0	-0	903	0	-403	-0	-13.51	242.18	-11.67	91.79	0	-79.87	1618.24	-0	-0	-0	300	0	200	-0
82	-0	-0	-0	1506	0	-203	-0	-0	-0	-0	2109	0	-203	-0	-0	-0	-0	903	0	-403	-0	-12.49	239.73	-12.15	91.91	0	-79.02	1676.83	-0	-0	-0	300	0	200	-0
83	-0	-0	-0	1506	0	-203	-0	-0	-0	-0	2109	0	-203	-0	-0	-0	-0	903	0	-403	-0	-11.81	238.65	-12.42	95.76	0	-79.44	1684.34	-0	-0	-0	300	0	200	-0
84	-0	-0	-0	1506	0	-203	-0	-0	-0	-0	2109	0	-203	-0	-0	-0	-0	903	0	-403	-0	-11.2	237.02	-12.69	96.97	0	-79.29	1729.88	-0	-0	-0	300	0	200	-0
85	-0	-0	-0	1506	0	-203	-0	-0	-0	-0	2109	0	-203	-0	-0	-0	-0	903	0	-403	-0	-11	236.2	-12.35	98.49	0	-80.09	1830.62	-0	-0	-0	300	0	200	-0
86	-0	-0	-0	1506	0	-203	-0	-0	-0	-0	2109	0	-203	-0	-0	-0	-0	903	0	-403	-0	-9.98	235.66	-11.95	101.6	0	-80.68	1685.55	-0	-0	-0	300	0	200	-0
87	-0	-0	-0	1506	0	-203	-0	-0	-0	-0	2109	0	-203	-0	-0	-0	-0	903	0	-403	-0	-9.5	235.66	-11.33	102.95	0	-81.15	1679.61	-0	-0	-0	300	0	200	-0
88	-0	-0	-0	1506	0	-203	-0	-0	-0	-0	2109	0	-203	-0	-0	-0	-0	903	0	-403	-0	-9.37	234.85	-10.79	103.91	0	-80.61	1774.87	-0	-0	-0	300	0	200	-0
89	-0	-0	-0	1506	0	-203	-0	-0	-0	-0	2109	0	-203	-0	-0	-0	-0	903	0	-403	-0	-8.08	234.57	-10.59	105.85	0	-81.12	1748.92	0	0	0	300	0	200	0
90	-0	-0	-0	1506	0	-203	-0	-0	-0	-0	2109	0	-203	-0	-0	-0	-0	903	0	-403	-0	-7.19	235.66	-10.18	107.8	0	-81.27	1708.6	-0	-0	-0	300	0	200	-0
91	-0	-0	-0	1506	0	-203	-0	-0	-0	-0	2109	0	-203	-0	-0	-0	-0	903	0	-403	-0	-6.45	236.47	-9.98	108.99	0	-81.34	1864.53	-0	-0	-0	300	0	200	-0
92	-0	-0	-0	1506	0	-203	-0	-0	-0	-0	2109	0	-203	-0	-0	-0	-0	903	0	-403	-0	-5.36	238.92	-9.84	111.23	0	-81.83	1835.19	-0	-0	-0	300	0	200	-0
93	-0	-0	-0	1506	0	-203	-0	-0	-0	-0	2109	0	-203	-0	-0	-0	-0	903	0	-403	-0	-4.89	240	-9.57	112.37	0	-80.71	1919.17	-0	-0	-0	300	0	200	-0
94	-0	-0	-0	1506	0	-203	-0	-0	-0	-0	2109	0	-203	-0	-0	-0	-0	903	0	-403	-0	-4.14	243.81	-9.23	114.45	0	-80.92	1826.9	-0	-0	-0	300	0	200	-0
95	-0	-0	-0	1506	0	-203	-0	-0	-0	-0	2109	0	-203	-0	-0	-0	-0	903	0	-403	-0	-4.07	248.69	-9.5	116.76	0	-80.88	1879.92	-0	-0	-0	300	0	200	-0
96	-0	-0	-0	1506	0	-203	-0	-0	-0	-0	2109	0	-203	-0	-0	-0	-0	903	0	-403	-0	-4.14	251.95	-9.84	118.15	0	-80.6	1987.93	-0	-0	-0	300	0	200	-0
97	-0	-0	-0	1506	0	-203	-0	-0	-0	-0	2109	0	-203	-0	-0	-0	-0	903	0	-403	-0	-4.07	257.65	-9.77	120.46	0	-81.06	1877.31	-0	-0	-0	300	0	200	-0
98	-0	-0	-0	1506	0	-203	-0	-0	-0	-0	2109	0	-203	-0	-0	-0	-0	903	0	-403	-0	-4.34	263.08	-10.32	122.02	0	-80.32	1907.11	-0	-0	-0	300	0	200	-0
99	-0	-0	-0	1506	0	-203	-0	-0	-0	-0	2109	0	-203	-0	-0	-0	-0	903	0	-403	-0	-4.75	269.6	-11.13	124.43	0	-80.48	1948.66	-0	-0	-0	300	0	200	-0
100	-0	-0	-0	1506	0	-203	-0	-0	-0	-0	2109	0	-203	-0	-0	-0	-0	903	0	-403	-0	-4.55	273.67	-11.95	125.17	0	-79.23	1960.03	-0	-0	-0	300	0	200	-0
101	-0	-0	-0	1506	0	-203	-0	-0	-0	-0	2109	0	-203	-0	-0	-0	-0	903	0	-403	-0	-4.82	283.44	-13.1	128.91	0	-80.09	1952.56	-0	-0	-0	300	0	200	-0
102	-0	-0	-0	1506	0	-203	-0	-0	-0	-0	2109	0	-203	-0	-0	-0	-0	903	0	-403	-0	-4.95	290.77	-14.66	131.05	0	-80.25	2081.9	-0	-0	-0	300	0	200	-0
103	-0	-0	-0	1506	0	-203	-0	-0	-0	-0	2109	0	-203	-0	-0	-0	-0	903	0	-403	-0	-5.43	295.12	-15.61	131.85	0	-79.11	2047.86	0	0	0	300	0	200	0
104	-0	-0	-0	1506	0	-203	-0	-0	-0	-0	2109	0	-203	-0	-0	-0	-0	903	0	-403	-0	-5.43	303.81	-16.56	133.62	0	-78.61	1984.55	-0	-0	-0	300	0	200	-0
105	-0	-0	-0	1506	0	-203	-0	-0	-0	-0	2109	0	-203	-0	-0	-0	-0	903	0	-403	-0	-5.5	311.95	-17.92	135.97	0	-78.98	2052.21	-0	-0	-0	300	0	200	-0
106	-0	-0	-0	1506	0	-203	-0	-0	-0	-0	2109	0	-203	-0	-0	-0	-0	903	0	-403	-0	-5.16	318.47	-19	137.12	0	-78.32	1994.05	0	0	0	300	0	200	0
107	-0	-0	-0	1506	0	-203	-0	-0	-0	-0	2109	0	-203	-0	-0	-0	-0	903	0	-403	-0	-5.23	328.78	-20.7	139.55	0	-78.92	2087.63	-0	-0	-0	300	0	200	-0
108	-0	-0	-0	1506	0	-203	-0	-0	-0	-0	2109	0	-203	-0	-0	-0	-0	903	0	-403	-0	-4.62	335.3	-21.52	140.61	0	-77.83	2112.62	-0	-0	-0	300	0	200	-0
109	-0	-0	-0	1506	0	-203	-0	-0	-0	-0	2109	0	-203	-0	-0	-0	-0	903	0	-403	-0	-4.34	343.45	-22.47	142.42	0	-78.11	2126.11	-0	-0	-0	300	0	200	-0
110	-0	-0	-0	1506	0	-203	-0	-0	-0	-0	2109	0	-203	-0	-0	-0	-0	903	0	-403	-0	-3.94	354.58	-23.62	144.06	0	-78.06	2202.99	-0	-0	-0	300	0	200	-0
111	-0	-0	-0	1506	0	-203	-0	-0	-0	-0	2109	0	-203	-0	-0	-0	-0	903	0	-403	-0	-3.26	364.89	-24.16	145.71	0	-78	2185.6	-0	-0	-0	300	0	200	-0
112	-0	-0	-0	1506	0	-203	-0	-0	-0	-0	2109	0	-203	-0	0	0	0	903	0	-403	0	-2.85	376.57	-24.57	147.89	0	-78.25	2162.15	-0	-0	-0	300	0	200	-0
113	-0	-0	-0	1506	0	-203	-0	-0	-0	-0	2109	0	-203	-0	-0	-0	-0	903	0	-403	-0	-2.65	388.24	-25.11	148.2	0	-77.39	2227.62	-0	-0	-0	300	0	200	-0
114	-0	-0	-0	1506	0	-203	-0	-0	-0	-0	2109	0	-203	-0	-0	-0	-0	903	0	-403	-0	-2.38	401	-25.72	150.08	0	-77.5	2305.04	-0	-0	-0	300	0	200	-0
115	-0	-0	-0	1506	0	-203	-0	-0	-0	-0	2109	0	-203	-0	-0	-0	-0	903	0	-403	-0	-1.9	412.41	-26.61	150.74	0	-77.22	2338.06	-0	-0	-0	300	0	200	-0
116	-0	-0	-0	1506	0	-203	-0	-0	-0	-0	2109	0	-203	-0	-0	-0	-0	903	0	-403	-0	-1.43	428.42	-27.42	152.4	0	-77.55	2385.11	-0	-0	-0	300	0	200	-0
117	-0	-0	-0	1506	0	-203	-0	-0	-0	-0	2109	0	-203	-0	-0	-0	-0	903	0	-403	-0	-0.95	441.46	-28.17	153.38	0	-77.25	2460.01	-0	-0	-0	300	0	200	-0
118	-0	-0	-0	1506	0	-203	-0	-0	-0	-0	2109	0	-203	-0	-0	-0	-0	903	0	-403	-0	-0.27	455.03	-28.71	154.54	0	-77.45	2445.01	-0	-0	-0	300	0	200	-0
119	-0	-0	-0	1506	0	-203	-0	-0	-0	-0	2109	0	-203	-0	-0	-0	-0	903	0	-403	-0	0.88	471.32	-29.25	155.24	0	-77.26	2451.68	-0	-0	-0	300	0	200	-0
120	-0	-0	-0	1506	0	-203	-0	-0	-0	-0	2109	0	-203	-0	-0	-0	-0	903	0	-403	-0	1.56	484.62	-30.14	155.88	0	-77.1	2588.18	-0	-0	-0	300	0	200	-0
121	-0	-0	-0	1506	0	-203	-0	-0	-0	-0	2109	0	-203	-0	-0	-0	-0	903	0	-403	-0	3.46	498.47	-30.2	156.4	0	-77.47	2556.4	-0	-0	-0	300	0	200	-0
122	-0	-0	-0	1506	0	-203	-0	-0	-0	-0	2109	0	-203	-0	-0	-0	-0	903	0	-403	-0	6.04	516.39	-30.48	157.19	0	-77.34	2569.12	-0	-0	-0	300	0	200	-0
123	-0	-0	-0	1506	0	-203	-0	-0	-0	-0	2109	0	-203	-0	-0	-0	-0	903	0	-403	-0	8.01	530.51	-30.68	157.64	0	-77.46	2684.62	-0	-0	-0	300	0	200	-0
124	-0	-0	-0	1506	0	-203	-0	-0	-0	-0	2109	0	-203	-0	-0	-0	-0	903	0	-403	-0	10.52	544.9	-31.22	157.93	0	-77.25	2733.63	0	0	0	300	0	200	0
125	-0	-0	-0	1506	0	-203	-0	-0	-0	-0	2109	0	-203	-0	-0	-0	-0	903	0	-403	-0	13.85	563.63	-31.7	158.42	0	-77.69	2800.99	-0	-0	-0	300	0	200	-0
126	-0	-0	-0	1506	0	-203	-0	-0	-0	-0	2109	0	-203	-0	-0	-0	-0	903	0	-403	-0	16.76	577.48	-32.24	158.59	0	-77.33	2993.6	-0	-0	-0	300	0	200	-0
127	-0	-0	-0	1506	0	-203	-0	-0	-0	-0	2109	0	-203	-0	-0	-0	-0	903	0	-403	-0	19.34	590.78	-32.38	158.9	0	-77.31	3067.79	-0	-0	-0	300	0	200	-0
128	-0	-0	-0	1506	0	-203	-0	-0	-0	-0	2109	0	-203	-0	-0	-0	-0	903	0	-403	-0	23.28	608.16	-33.05	159.32	0	-77.41	3213.81	-0	-0	-0	300	0	200	-0
129	-0	-0	-0	1506	0	-203	-0	-0	-0	-0	2109	0	-203	-0	-0	-0	-0	903	0	-403	-0	27.62	621.73	-33.6	159.51	0	-77.51	3023.87	-0	-0	-0	300	0	200	-0
130	-0	-0	-0	1506	0	-203	-0	-0	-0	-0	2109	0	-203	-0	-0	-0	-0	903	0	-403	-0	31.36	633.68	-33.87	159.42	0	-77.24	3100.33	-0	-0	-0	300	0	200	-0
131	-0	-0	-0	1506	0	-203	-0	-0	-0	-0	2109	0	-203	-0	-0	-0	-0	903	0	-403	-0	35.29	648.61	-33.39	159.61	0	-77.44	3278.37	-0	-0	-0	300	0	200	-0
132	-0	-0	-0	1506	0	-203	-0	-0	-0	-0	2109	0	-203	-0	-0	-0	-0	903	0	-403	-0	39.43	660.55	-33.19	159.69	0	-77.62	3413.85	-0	-0	-0	300	0	200	-0
133	-0	-0	-0	1506	0	-203	-0	-0	-0	-0	2109	0	-203	-0	-0	-0	-0	903	0	-403	-0	41.88	671.69	-32.72	160.19	0	-77.7	3552.22	-0	-0	-0	300	0	200	-0
134	-0	-0	-0	1506	0	-203	-0	-0	-0	-0	2109	0	-203	-0	-0	-0	-0	903	0	-403	-0	45.61	685.53	-32.51	160.54	0	-77.86	3641.39	-0	-0	-0	300	0	200	-0
135	-0	-0	-0	1506	0	-203	-0	-0	-0	-0	2109	0	-203	-0	-0	-0	-0	903	0	-403	-0	48.73	695.58	-32.78	160.87	0	-77.8	3712.89	-0	-0	-0	300	0	200	-0
136	-0	-0	-0	1506	0	-203	-0	-0	-0	-0	2109	0	-203	-0	-0	-0	-0	903	0	-403	-0	52.26	706.17	-32.85	161.43	0	-78.28	3745.15	-0	-0	-0	300	0	200	-0
137	-0	-0	-0	1506	0	-203	-0	-0	-0	-0	2109	0	-203	-0	0	0	0	903	0	-403	0	56.67	715.4	-32.85	161.6	0	-77.88	3790.99	-0	-0	-0	300	0	200	-0
138	-0	-0	-0	1506	0	-203	-0	-0	-0	-0	2109	0	-203	-0	-0	-0	-0	903	0	-403	-0	61.29	721.91	-32.58	161.74	0	-77.61	3699.84	-0	-0	-0	300	0	200	-0
139	-0	-0	-0	1506	0	-203	-0	-0	-0	-0	2109	0	-203	-0	-0	-0	-0	903	0	-403	-0	66.18	729.24	-32.24	162.01	0	-77.97	3504.61	-0	-0	-0	300	0	200	-0
140	-0	-0	-0	1506	0	-203	-0	-0	-0	-0	2109	0	-203	-0	-0	-0	-0	903	0	-403	-0	70.59	737.39	-32.51	162.15	0	-78.02	3648.19	-0	-0	-0	300	0	200	-0
141	-0	-0	-0	1506	0	-203	-0	-0	-0	-0	2109	0	-203	-0	-0	-0	-0	903	0	-403	-0	74.8	745.26	-32.04	162.92	0	-77.86	3332.09	0	0	0	300	0	200	0
142	-0	-0	-0	1506	0	-203	-0	-0	-0	-0	2109	0	-203	-0	-0	-0	-0	903	0	-403	-0	77.99	749.33	-32.51	163.06	0	-77.99	3329.33	0	0	0	300	0	200	0
143	-0	-0	-0	1506	0	-203	-0	-0	-0	-0	2109	0	-203	-0	-0	-0	-0	903	0	-403	-0	82.53	754.49	-32.1	163.36	0	-78	3219.04	0	0	0	300	0	200	0
144	-0	-0	-0	1506	0	-203	-0	-0	-0	-0	2109	0	-203	-0	-0	-0	-0	903	0	-403	-0	86.74	758.29	-32.44	163.79	0	-77.97	3112.6	-0	-0	-0	300	0	200	-0
145	-0	-0	-0	1506	0	-203	-0	-0	-0	-0	2109	0	-203	-0	-0	-0	-0	903	0	-403	-0	90.48	760.19	-32.38	164.11	0	-78.09	3050.15	-0	-0	-0	300	0	200	-0
146	-0	-0	-0	1506	0	-203	-0	-0	-0	-0	2109	0	-203	-0	-0	-0	-0	903	0	-403	-0	95.91	762.1	-32.85	164.45	0	-78.22	2884.33	-0	-0	-0	300	0	200	-0
147	-0	-0	-0	1506	0	-203	-0	-0	-0	-0	2109	0	-203	-0	-0	-0	-0	903	0	-403	-0	99.71	762.91	-32.78	165.08	0	-78.15	2680.4	-0	-0	-0	300	0	200	-0
148	-0	-0	-0	1506	0	-203	-0	-0	-0	-0	2109	0	-203	-0	-0	-0	-0	903	0	-403	-0	103.71	762.1	-32.85	165.26	0	-78.31	2499.79	0	0	0	300	0	200	0
149	-0	-0	-0	1506	0	-203	-0	-0	-0	-0	2109	0	-203	-0	0	0	0	903	0	-403	0	108.06	758.84	-33.73	165.45	0	-78.17	2397.48	-0	-0	-0	300	0	200	-0
150	-0	-0	-0	1506	0	-203	-0	-0	-0	-0	2109	0	-203	-0	-0	-0	-0	903	0	-403	-0	112.13	757.75	-33.8	166.04	0	-78.39	2044.52	-0	-0	-0	300	0	200	-0
151	-0	-0	-0	1506	0	-203	-0	-0	-0	-0	2109	0	-203	-0	-0	-0	-0	903	0	-403	-0	114.44	754.49	-34.41	166.36	0	-78.55	2050.94	-0	-0	-0	300	0	200	-0
152	-0	-0	-0	1506	0	-203	-0	-0	-0	-0	2109	0	-203	-0	-0	-0	-0	903	0	-403	-0	118.37	747.98	-34.82	166.72	0	-78.54	1738.87	-0	-0	-0	300	0	200	-0
153	-0	-0	-0	1506	0	-203	-0	-0	-0	-0	2109	0	-203	-0	-0	-0	-0	903	0	-403	-0	121.29	738.75	-35.09	166.89	0	-78.47	1546.81	-0	-0	-0	300	0	200	-0
154	-0	-0	-0	1506	0	-203	-0	-0	-0	-0	2109	0	-203	-0	-0	-0	-0	903	0	-403	-0	124.68	731.69	-35.23	167.11	0	-78.5	1373.55	0	0	0	300	0	200	0
155	-0	-0	-0	1506	0	-203	-0	-0	-0	-0	2109	0	-203	-0	0	0	0	903	0	-403	0	128.83	718.93	-35.77	167.15	0	-78.47	1181.03	-0	-0	-0	300	0	200	-0
156	-0	-0	-0	1506	0	-203	-0	-0	-0	-0	2109	0	-203	-0	-0	-0	-0	903	0	-403	-0	132.97	706.44	-35.7	167.28	0	-78.5	882.54	-0	-0	-0	300	0	200	-0
157	-0	-0	-0	1506	0	-203	-0	-0	-0	-0	2109	0	-203	-0	0	0	0	903	0	-403	0	135.95	693.95	-35.09	167.67	0	-78.58	651.46	-0	-0	-0	300	0	200	-0
158	-0	-0	-0	1506	0	-203	-0	-0	-0	-0	2109	0	-203	-0	-0	-0	-0	903	0	-403	-0	138.8	676.03	-34.96	167.98	0	-78.77	444.54	-0	-0	-0	300	0	200	-0
159	-0	-0	-0	1506	0	-203	-0	-0	-0	-0	2109	0	-203	-0	-1.97	19.82	2.38	724.85	0	-217.89	60.1	141.04	656.48	-34.55	168.19	0	-78.33	304.97	-0	-0	-0	300	0	200	-0
160	-0	-0	-0	1506	0	-203	-0	-0	-0	-0	2109	0	-203	-0	-5.7	82.26	7.19	718.91	0	-212.54	33.82	143.49	636.93	-34.55	167.98	0	-78.51	364.49	-0	-0	-0	300	0	200	-0
161	-0	-0	-0	1506	0	-203	-0	-0	-0	-0	2109	0	-203	-0	-13.78	349.14	22.06	723.42	0	-213.86	-70.98	146.07	610.6	-33.26	168.74	0	-78.43	192.32	-0	-0	-0	300	0	200	-0
162	-0	-0	-0	1506	0	-203	-0	-0	-0	-0	2109	0	-203	-0	-4.34	422.99	1.29	727.29	0	-217.9	-284.49	148.64	585.35	-32.58	169.07	0	-78.38	145.2	-0	-0	-0	300	0	200	-0
163	-0	-0	-0	1506	0	-203	-0	-0	-0	-0	2109	0	-203	-0	-4.68	355.66	-12.01	726.75	0	-215.58	-2.77	149.53	559.56	-30.95	169.34	0	-78.5	128.21	-0	-0	-0	300	0	200	-0
164	-0	-0	-0	1506	0	-203	-0	-0	-0	-0	2109	0	-203	-0	-5.36	315.21	-13.85	727.76	0	-215.07	-155.09	149.73	520.73	-28.51	169.95	0	-78.25	-92.13	-0	-0	-0	300	0	200	-0
165	-0	-0	-0	1506	0	-203	-0	-0	-0	-0	2109	0	-203	-0	-10.45	329.6	-13.64	730.56	0	-216.16	-204.24	147.15	485.71	-25.38	170.91	0	-78.43	-205.8	-0	-0	-0	300	0	200	-0
166	-0	-0	-0	1506	0	-203	-0	-0	-0	-0	2109	0	-203	-0	-17.85	357.02	-15.07	731.17	0	-215.68	-111.05	144.03	448.51	-23.35	171.59	0	-77.72	-483.25	-0	-0	-0	300	0	200	-0
167	-0	-0	-0	1506	0	-203	-0	-0	-0	-0	2109	0	-203	-0	-31.49	396.11	-13.98	732.15	0	-214.7	-438.49	134.59	401.55	-19.82	173.09	0	-77.91	-466.29	-0	-0	-0	300	0	200	-0
168	-0	-0	-0	1506	0	-203	-0	-0	-0	-0	2109	0	-203	-0	-53.82	425.71	-9.1	734.56	0	-215.77	-473.66	120	361.64	-15.54	174.22	0	-77.49	-385.76	-0	-0	-0	300	0	200	-0
169	-0	-0	-0	1506	0	-203	-0	-0	-0	-0	2109	0	-203	-0	-75.95	425.16	-2.85	735.16	0	-215.5	-182.36	104.8	324.71	-11.47	176.61	0	-77.66	-294.09	-0	-0	-0	300	0	200	-0
170	-0	-0	-0	1506	0	-203	-0	-0	-0	-0	2109	0	-203	-0	-94.82	411.05	2.1	737.01	0	-216.24	-302.39	86.47	272.86	-6.38	179.6	0	-78.05	-206.8	-0	-0	-0	300	0	200	-0
171	-0	-0	-0	1506	0	-203	-0	-0	-0	-0	2109	0	-203	-0	-106.16	395.84	7.81	738.65	0	-216.77	-69.73	70.93	227.52	-2.31	183.24	0	-77.82	39.5	-0	-0	-0	300	0	200	-0
172	-0	-0	-0	1506	0	-203	-0	-0	-0	-0	2109	0	-203	-0	-103.51	391.77	9.91	740.21	0	-217.65	-229.05	57.83	192.22	0.48	189.14	0	-77.72	150.07	-0	-0	-0	300	0	200	-0
173	-0	-0	-0	1506	0	-203	-0	-0	-0	-0	2109	0	-203	-0	-96.18	395.03	10.93	740.02	0	-216.63	173.32	45.48	155.03	2.17	194.31	0	-78.18	210.68	0	0	0	300	0	200	0
174	-0	-0	-0	1506	0	-203	-0	-0	-0	-0	2109	0	-203	-0	-86.06	416.2	11.95	740.86	0	-216.67	110.04	33.53	134.12	2.71	197.37	0	-75.9	164.26	-0	-0	-0	300	0	200	-0
175	-0	-0	-0	1506	0	-203	-0	-0	-0	-0	2109	0	-203	-0	-82.67	445.53	12.62	741.9	0	-218.34	68	22.53	123.26	3.39	200.53	0	-79.13	124.24	0	0	0	300	0	200	0
176	-0	-0	-0	1506	0	-203	-0	-0	-0	-0	2109	0	-203	-0	-82.94	478.38	13.37	742.61	0	-217.9	395.34	11.27	108.87	3.6	203.72	0	-79.36	98.27	-0	-0	-0	300	0	200	-0
177	-0	-0	-0	1506	0	-203	-0	-0	-0	-0	2109	0	-203	-0	-86	515.84	12.96	745.68	0	-218.89	669.08	4.28	95.84	4.21	205.16	0	-79.96	140.16	-0	-0	-0	300	0	200	-0
178	-0	-0	-0	1506	0	-203	-0	-0	-0	-0	2109	0	-203	-0	-93.87	557.11	15.95	750.38	0	-219.83	706.51	0.68	81.45	3.8	205.85	0	-77.02	118.64	0	0	0	300	0	200	0
179	-0	-0	-0	1506	0	-203	-0	-0	-0	-0	2109	0	-203	-0	-107.38	627.7	22.4	756.07	0	-221	546.29	-2.24	64.89	3.39	207.54	0	-76.53	114.3	-0	-0	-0	300	0	200	-0
180	-0	-0	-0	1506	0	-203	-0	-0	-0	-0	2109	0	-203	-0	-128.08	712.68	31.97	762.69	0	-223.06	416.56	-2.92	52.4	2.24	209.19	0	-76.92	90.45	-0	-0	-0	300	0	200	-0
181	-0	-0	-0	1506	0	-203	-0	-0	-0	-0	2109	0	-203	-0	-141.31	739.29	35.97	766.16	0	-223.47	-226.47	-3.19	40.72	1.29	209.24	0	-76	60.53	-0	-0	-0	300	0	200	-0
182	-0	-0	-0	1506	0	-203	-0	-0	-0	-0	2109	0	-203	-0	-147.49	736.57	34.89	768.93	0	-224.1	-759.86	-3.8	27.69	-0	209.85	0	-78.99	62.79	-0	-0	-0	300	0	200	-0
183	-0	-0	-0	1506	0	-203	-0	-0	-0	-0	2109	0	-203	-0	-147.97	719.47	34.82	770.25	0	-223.03	-916.57	-4.28	17.92	-0.48	215.33	0	-65.22	65.64	-0	-0	-0	300	0	200	-0
184	-0	-0	-0	1506	0	-203	-0	-0	-0	-0	2109	0	-203	-0	-145.66	719.47	36.79	771.9	0	-223.3	-1004.45	-0	-0	-0	300	0	-203	-0	-0	-0	-0	300	0	200	-0
185	-0	-0	-0	1506	0	-203	-0	-0	-0	-0	2109	0	-203	-0	-140.43	733.86	38.69	774.09	0	-223.37	-620.66	-0	-0	-0	300	0	-203	-0	-0	-0	-0	300	0	200	-0
186	-0	-0	-0	1506	0	-203	-0	-0	-0	-0	2109	0	-203	-0	-132.29	757.75	37.94	775.72	0	-223.66	-282.22	-0	-0	-0	300	0	-203	-0	-0	-0	-0	300	0	200	-0
187	-0	-0	-0	1506	0	-203	-0	-0	-0	-0	2109	0	-203	-0	-125.91	772.68	36.65	776.78	0	-223.47	-24.81	0	0	0	300	0	-203	0	0	0	0	300	0	200	0
188	-0	-0	-0	1506	0	-203	-0	-0	-0	-0	2109	0	-203	-0	-121.02	781.37	35.43	778.19	0	-223.65	276.62	-0	-0	-0	300	0	-203	-0	-0	-0	-0	300	0	200	-0
189	-0	-0	-0	1506	0	-203	-0	-0	-0	-0	2109	0	-203	-0	-118.3	780.55	33.26	779.28	0	-223.55	496.56	-0	-0	-0	300	0	-203	-0	-0	-0	-0	300	0	200	-0
190	-0	-0	-0	1506	0	-203	-0	-0	-0	-0	2109	0	-203	-0	-117.63	774.85	33.12	779.99	0	-223.42	590.42	-0	-0	-0	300	0	-203	-0	-0	-0	-0	300	0	200	-0
191	-0	-0	-0	1506	0	-203	-0	-0	-0	-0	2109	0	-203	-0	-116.95	769.42	34.41	781.59	0	-223.75	599.16	-0	-0	-0	300	0	-203	-0	-0	-0	-0	300	0	200	-0
192	-0	-0	-0	1506	0	-203	-0	-0	-0	-0	2109	0	-203	-0	-114.57	762.09	36.52	783.28	0	-224.27	426.92	0	0	0	300	0	-203	0	-0	-0	-0	300	0	200	-0
193	-0	-0	-0	1506	0	-203	-0	-0	-0	-0	2109	0	-203	-0	-111.52	751.77	38.62	784.08	0	-223.69	586.72	-0	-0	-0	300	0	-203	-0	-0	-0	-0	300	0	200	-0
194	-0	-0	-0	1506	0	-203	-0	-0	-0	-0	2109	0	-203	-0	-107.65	743.63	40.93	785.23	0	-224.21	483.36	-0	-0	-0	300	0	-203	-0	0	0	0	300	0	200	0
195	-0	-0	-0	1506	0	-203	-0	-0	-0	-0	2109	0	-203	-0	-104.53	735.48	42.49	787.09	0	-224.81	437.93	-0	-0	-0	300	0	-203	-0	-0	-0	-0	300	0	200	-0
196	-0	-0	-0	1506	0	-203	-0	-0	-0	-0	2109	0	-203	-0	-102.76	725.44	41.61	787.79	0	-224.76	625.6	0	0	0	300	0	-203	0	-0	-0	-0	300	0	200	-0
197	-0	-0	-0	1506	0	-203	-0	-0	-0	-0	2109	0	-203	-0	-100.59	714.04	39.98	788.96	0	-224.99	753.85	-0	-0	-0	300	0	-203	-0	-0	-0	-0	300	0	200	-0
198	-0	-0	-0	1506	0	-203	-0	-0	-0	-0	2109	0	-203	-0	-96.72	700.46	37.81	790.2	0	-224.75	648.3	-0	-0	-0	300	0	-203	-0	-0	-0	-0	300	0	200	-0
199	-0	-0	-0	1506	0	-203	-0	-0	-0	-0	2109	0	-203	-0	-94.01	689.06	36.45	790.95	0	-224.64	779.2	-0	-0	-0	300	0	-203	-0	-0	-0	-0	300	0	200	-0
200	-0	-0	-0	1506	0	-203	-0	-0	-0	-0	2109	0	-203	-0	-89.73	675.76	34.48	791.34	0	-224.39	798.24	-0	-0	-0	300	0	-203	-0	-0	-0	-0	300	0	200	-0
201	-0	-0	-0	1506	0	-203	-0	-0	-0	-0	2109	0	-203	-0	-84.03	661.91	34.48	792.52	0	-224.97	642.9	0	0	0	300	0	-203	0	-0	-0	-0	300	0	200	-0
202	-0	-0	-0	1506	0	-203	-0	-0	-0	-0	2109	0	-203	-0	-79.75	649.42	34.82	793.14	0	-225.31	626.65	-0	-0	-0	300	0	-203	-0	-0	-0	-0	300	0	200	-0
203	-0	-0	-0	1506	0	-203	-0	-0	-0	-0	2109	0	-203	-0	-75.41	633.4	34.89	793.95	0	-225.17	849.86	-0	-0	-0	300	0	-203	-0	-0	-0	-0	300	0	200	-0
204	-0	-0	-0	1506	0	-203	-0	-0	-0	-0	2109	0	-203	-0	-69.23	619.01	35.63	795.61	0	-225.89	601.21	-0	-0	-0	300	0	-203	-0	-0	-0	-0	300	0	200	-0
205	-0	-0	-0	1506	0	-203	-0	-0	-0	-0	2109	0	-203	-0	-66.31	606.79	36.04	796.49	0	-226.1	774.1	-0	-0	-0	300	0	-203	-0	-0	-0	-0	300	0	200	-0
206	-0	-0	-0	1506	0	-203	-0	-0	-0	-0	2109	0	-203	-0	-62.85	592.95	35.77	797.77	0	-226.48	783.12	-0	-0	-0	300	0	-203	-0	-0	-0	-0	300	0	200	-0
207	-0	-0	-0	1506	0	-203	-0	-0	-0	-0	2109	0	-203	-0	-58.51	576.66	34.96	799.32	0	-226.85	694.71	-0	-0	-0	300	0	-203	-0	-0	-0	-0	300	0	200	-0
208	-0	-0	-0	1506	0	-203	-0	-0	-0	-0	2109	0	-203	-0	-56.34	565.53	34.89	801.45	0	-227.14	725.42	-0	-0	-0	300	0	-203	-0	-0	-0	-0	300	0	200	-0
209	-0	-0	-0	1506	0	-203	-0	-0	-0	-0	2109	0	-203	-0	-53.89	551.68	33.87	803.37	0	-227.77	690.37	-0	-0	-0	300	0	-203	-0	-0	-0	-0	300	0	200	-0
210	-0	-0	-0	1506	0	-203	-0	-0	-0	-0	2109	0	-203	-0	-50.7	536.21	33.12	805.62	0	-228.07	691.03	-0	-0	-0	300	0	-203	-0	-0	-0	-0	300	0	200	-0
211	-0	-0	-0	1506	0	-203	-0	-0	-0	-0	2109	0	-203	-0	-49.01	526.7	33.87	807.92	0	-228.97	637.94	-0	-0	-0	300	0	-203	-0	-0	-0	-0	300	0	200	-0
212	-0	-0	-0	1506	0	-203	-0	-0	-0	-0	2109	0	-203	-0	-47.51	516.39	33.6	810.4	0	-230.09	632.41	0	0	0	300	0	-203	0	-0	-0	-0	300	0	200	-0
213	-0	-0	-0	1506	0	-203	-0	-0	-0	-0	2109	0	-203	-0	-45.07	502	33.33	813.24	0	-229.75	650.2	-0	-0	-0	300	0	-203	-0	-0	-0	-0	300	0	200	-0
214	-0	-0	-0	1506	0	-203	-0	-0	-0	-0	2109	0	-203	-0	-43.03	493.31	34.07	815.6	0	-230.27	412.29	-0	-0	-0	300	0	-203	-0	0	0	0	300	0	200	0
215	-0	-0	-0	1506	0	-203	-0	-0	-0	-0	2109	0	-203	-0	-41.95	486.25	34.14	818.5	0	-231.94	461.86	-0	-0	-0	300	0	-203	-0	-0	-0	-0	300	0	200	-0
216	-0	-0	-0	1506	0	-203	-0	-0	-0	-0	2109	0	-203	-0	-39.98	474.03	33.12	821.13	0	-232.12	499.13	-0	-0	-0	300	0	-203	-0	-0	-0	-0	300	0	200	-0
217	-0	-0	-0	1506	0	-203	-0	-0	-0	-0	2109	0	-203	-0	-38.69	466.43	33.67	823.78	0	-232.35	376.89	-0	-0	-0	300	0	-203	-0	-0	-0	-0	300	0	200	-0
218	-0	-0	-0	1506	0	-203	-0	-0	-0	-0	2109	0	-203	-0	-37.4	458.01	33.33	826.63	0	-233.04	365.01	-0	-0	-0	300	0	-203	-0	-0	-0	-0	300	0	200	-0
219	-0	-0	-0	1506	0	-203	-0	-0	-0	-0	2109	0	-203	-0	-35.63	447.7	33.05	829.53	0	-233.5	240.94	0	0	0	300	0	-203	0	-0	-0	-0	300	0	200	-0
220	-0	-0	-0	1506	0	-203	-0	-0	-0	-0	2109	0	-203	-0	-34.28	443.35	33.26	832.6	0	-235.2	96.82	-0	-0	-0	300	0	-203	-0	-0	-0	-0	300	0	200	-0
221	-0	-0	-0	1506	0	-203	-0	-0	-0	-0	2109	0	-203	-0	-33.87	434.67	33.73	835.45	0	-235.4	191.12	-0	-0	-0	300	0	-203	-0	-0	-0	-0	300	0	200	-0
222	-0	-0	-0	1506	0	-203	-0	-0	-0	-0	2109	0	-203	-0	-32.31	424.89	33.19	837.59	0	-235.73	37.02	0	0	0	300	0	-203	0	-0	-0	-0	300	0	200	-0
223	-0	-0	-0	1506	0	-203	-0	-0	-0	-0	2109	0	-203	-0	-30.95	418.65	33.26	840.47	0	-236.14	-114.69	-0	-0	-0	300	0	-203	-0	-0	-0	-0	300	0	200	-0
224	-0	-0	-0	1506	0	-203	-0	-0	-0	-0	2109	0	-203	-0	-30.07	411.32	32.99	842.95	0	-236.99	-92.34	-0	-0	-0	300	0	-203	-0	-0	-0	-0	300	0	200	-0
225	-0	-0	-0	1506	0	-203	-0	-0	-0	-0	2109	0	-203	-0	-28.37	403.44	32.1	845.26	0	-237.51	-252.88	-0	-0	-0	300	0	-203	-0	-0	-0	-0	300	0	200	-0
226	-0	-0	-0	1506	0	-203	-0	-0	-0	-0	2109	0	-203	-0	-26.34	398.56	31.97	847.29	0	-238.25	-348.82	-0	-0	-0	300	0	-203	-0	0	0	0	300	0	200	0
227	-0	-0	-0	1506	0	-203	-0	-0	-0	-0	2109	0	-203	-0	-25.11	395.03	31.56	849.62	0	-239.04	-379.08	-0	-0	-0	300	0	-203	-0	-0	-0	-0	300	0	200	-0
228	-0	-0	-0	1506	0	-203	-0	-0	-0	-0	2109	0	-203	-0	-23.42	388.24	30.81	851.49	0	-238.84	-417.07	-0	-0	-0	300	0	-203	-0	-0	-0	-0	300	0	200	-0
229	-0	-0	-0	1506	0	-203	-0	-0	-0	-0	2109	0	-203	-0	-21.52	384.17	30.81	853.35	0	-239	-530.44	0	0	0	300	0	-203	0	-0	-0	-0	300	0	200	-0
230	-0	-0	-0	1506	0	-203	-0	-0	-0	-0	2109	0	-203	-0	-20.43	383.08	30.68	854.83	0	-240.34	-599.22	-0	-0	-0	300	0	-203	-0	-0	-0	-0	300	0	200	-0
231	-0	-0	-0	1506	0	-203	-0	-0	-0	-0	2109	0	-203	-0	-18.73	380.1	29.93	857.03	0	-240.77	-619.44	-0	-0	-0	300	0	-203	-0	-0	-0	-0	300	0	200	-0
232	-0	-0	-0	1506	0	-203	-0	-0	-0	-0	2109	0	-203	-0	-17.24	375.48	29.66	858.11	0	-239.65	-718.46	-0	-0	-0	300	0	-203	-0	-0	-0	-0	300	0	200	-0
233	-0	-0	-0	1506	0	-203	-0	-0	-0	-0	2109	0	-203	-0	-16.56	375.48	30.41	859.88	0	-240.72	-733.78	-0	-0	-0	300	0	-203	-0	-0	-0	-0	300	0	200	-0
234	-0	-0	-0	1506	0	-203	-0	-0	-0	-0	2109	0	-203	-0	-15.54	374.39	29.32	861.59	0	-241.17	-736.42	0	0	0	300	0	-203	0	-0	-0	-0	300	0	200	-0
235	-0	-0	-0	1506	0	-203	-0	-0	-0	-0	2109	0	-203	-0	-14.12	370.59	29.19	862.77	0	-240.25	-860.79	-0	-0	-0	300	0	-203	-0	-0	-0	-0	300	0	200	-0
236	-0	-0	-0	1506	0	-203	-0	-0	-0	-0	2109	0	-203	-0	-13.1	372.76	29.53	864.45	0	-241.42	-933.54	0	0	0	300	0	-203	0	0	0	0	300	0	200	0
237	-0	-0	-0	1506	0	-203	-0	-0	-0	-0	2109	0	-203	-0	-12.42	373.04	29.32	867.1	0	-242.1	-919.37	-0	-0	-0	300	0	-203	-0	-0	-0	-0	300	0	200	-0
238	-0	-0	-0	1506	0	-203	-0	-0	-0	-0	2109	0	-203	-0	-12.01	371.95	28.98	867.88	0	-241.77	-894.38	0	0	0	300	0	-203	0	-0	-0	-0	300	0	200	-0
239	-0	-0	-0	1506	0	-203	-0	-0	-0	-0	2109	0	-203	-0	-10.72	372.49	29.19	869.45	0	-241.93	-989.52	-0	-0	-0	300	0	-203	-0	-0	-0	-0	300	0	200	-0
240	-0	-0	-0	1506	0	-203	-0	-0	-0	-0	2109	0	-203	-0	-9.37	374.67	29.32	871.23	0	-242.5	-1093.49	-0	-0	-0	300	0	-203	-0	-0	-0	-0	300	0	200	-0
241	-0	-0	-0	1506	0	-203	-0	-0	-0	-0	2109	0	-203	-0	-8.48	375.21	29.46	872.53	0	-241.85	-1075.06	-0	-0	-0	300	0	-203	-0	-0	-0	-0	300	0	200	-0
242	-0	-0	-0	1506	0	-203	-0	-0	-0	-0	2109	0	-203	-0	-7.53	376.57	29.19	873.7	0	-241.59	-1226.84	-0	-0	-0	300	0	-203	-0	-0	-0	-0	300	0	200	-0
243	-0	-0	-0	1506	0	-203	-0	-0	-0	-0	2109	0	-203	-0	-6.79	381.18	29.66	875.72	0	-241.99	-1290.3	0	0	0	300	0	-203	0	-0	-0	-0	300	0	200	-0
244	-0	-0	-0	1506	0	-203	-0	-0	-0	-0	2109	0	-203	-0	-6.52	382.54	29.46	876.64	0	-241.33	-1334.84	0	0	0	300	0	-203	0	-0	-0	-0	300	0	200	-0
245	-0	-0	-0	1506	0	-203	-0	-0	-0	-0	2109	0	-203	-0	-5.63	384.98	29.05	877.92	0	-240.82	-1478.45	-0	-0	-0	300	0	-203	-0	-0	-0	-0	300	0	200	-0
246	-0	-0	-0	1506	0	-203	-0	-0	-0	-0	2109	0	-203	-0	-4.89	389.87	28.91	879.55	0	-240.87	-1632.2	-0	-0	-0	300	0	-203	-0	-0	-0	-0	300	0	200	-0
247	-0	-0	-0	1506	0	-203	-0	-0	-0	-0	2109	0	-203	-0	-5.02	394.21	28.3	880.29	0	-240.98	-1704.52	-0	-0	-0	300	0	-203	-0	-0	-0	-0	300	0	200	-0
248	-0	-0	-0	1506	0	-203	-0	-0	-0	-0	2109	0	-203	-0	-4.28	395.84	28.17	881.85	0	-239.48	-1770.45	-0	-0	-0	300	0	-203	-0	-0	-0	-0	300	0	200	-0
249	-0	-0	-0	1506	0	-203	-0	-0	-0	-0	2109	0	-203	-0	-2.92	400.73	27.69	883.9	0	-239.55	-1934.48	-0	-0	-0	300	0	-203	-0	0	0	0	300	0	200	0
250	-0	-0	-0	1506	0	-203	-0	-0	-0	-0	2109	0	-203	-0	-2.44	408.6	27.49	884.87	0	-240.71	-1961.84	-0	-0	-0	300	0	-203	-0	-0	-0	-0	300	0	200	-0
251	-0	-0	-0	1506	0	-203	-0	-0	-0	-0	2109	0	-203	-0	-1.36	410.23	26.88	885.99	0	-239.34	-2122.79	-0	-0	-0	300	0	-203	-0	-0	-0	-0	300	0	200	-0
252	-0	-0	-0	1506	0	-203	-0	-0	-0	-0	2109	0	-203	-0	-0	416.48	26.2	887.14	0	-239.31	-2260.21	-0	-0	-0	300	0	-203	-0	0	0	0	300	0	200	0
253	-0	-0	-0	1506	0	-203	-0	-0	-0	-0	2109	0	-203	-0	1.29	422.72	26.88	888.35	0	-239.67	-2431.76	-0	-0	-0	300	0	-203	-0	-0	-0	-0	300	0	200	-0
254	-0	-0	-0	1506	0	-203	-0	-0	-0	-0	2109	0	-203	-0	2.04	427.34	26.06	889.38	0	-239.11	-2393.68	-0	-0	-0	300	0	-203	-0	-0	-0	-0	300	0	200	-0
255	-0	-0	-0	1506	0	-203	-0	-0	-0	-0	2109	0	-203	-0	4.41	433.04	26.27	890.83	0	-238.4	-2581.8	-0	-0	-0	300	0	-203	-0	-0	-0	-0	300	0	200	-0
256	-0	-0	-0	1506	0	-203	-0	-0	-0	-0	2109	0	-203	-0	6.31	441.45	26.47	891.69	0	-239.41	-2709.41	0	0	0	300	0	-203	0	-0	-0	-0	300	0	200	-0
257	-0	-0	-0	1506	0	-203	-0	-0	-0	-0	2109	0	-203	-0	7.4	446.34	26.61	892.77	0	-238.18	-2679.33	0	0	0	300	0	-203	0	-0	-0	-0	300	0	200	-0
258	-0	-0	-0	1506	0	-203	-0	-0	-0	-0	2109	0	-203	-0	10.18	455.03	26.61	893.94	0	-238.44	-2833.63	0	0	0	300	0	-203	0	-0	-0	-0	300	0	200	-0
259	-0	-0	-0	1506	0	-203	-0	-0	-0	-0	2109	0	-203	-0	13.03	464.26	28.58	895.28	0	-238.51	-2791.88	-0	-0	-0	300	0	-203	-0	-0	-0	-0	300	0	200	-0
260	-0	-0	-0	1506	0	-203	-0	-0	-0	-0	2109	0	-203	-0	16.83	470.23	31.29	896.28	0	-237.9	-2337.63	-0	-0	-0	300	0	-203	-0	-0	-0	-0	300	0	200	-0
261	-0	-0	-0	1506	0	-203	-0	-0	-0	-0	2109	0	-203	-0	19.95	479.73	34.75	897.37	0	-237.95	-2130.95	-0	-0	-0	300	0	-203	-0	-0	-0	-0	300	0	200	-0
262	-0	-0	-0	1506	0	-203	-0	-0	-0	-0	2109	0	-203	-0	21.24	489.78	36.31	898.64	0	-238.66	-1841.44	-0	-0	-0	300	0	-203	-0	-0	-0	-0	300	0	200	-0
263	-0	-0	-0	1506	0	-203	-0	-0	-0	-0	2109	0	-203	-0	20.91	499.83	36.72	899.69	0	-238.18	-1841.49	-0	-0	-0	300	0	-203	-0	0	0	0	300	0	200	0
264	-0	-0	-0	1506	0	-203	-0	-0	-0	-0	2109	0	-203	-0	22.19	512.31	36.72	900.44	0	-238.24	-1847.46	-0	-0	-0	300	0	-203	-0	-0	-0	-0	300	0	200	-0
265	-0	-0	-0	1506	0	-203	-0	-0	-0	-0	2109	0	-203	-0	24.16	521.54	36.11	901.6	0	-237.77	-1734.66	-0	-0	-0	300	0	-203	-0	-0	-0	-0	300	0	200	-0
266	-0	-0	-0	1506	0	-203	-0	-0	-0	-0	2109	0	-203	-0	26.54	533.22	36.79	902.3	0	-237.74	-1863.41	0	0	0	300	0	-203	0	-0	-0	-0	300	0	200	-0
267	-0	-0	-0	1506	0	-203	-0	-0	-0	-0	2109	0	-203	-0	30	544.89	36.65	902.97	0	-237.26	-1818.39	-0	-0	-0	300	0	-203	-0	-0	-0	-0	300	0	200	-0
268	-0	-0	-0	1506	0	-203	-0	-0	-0	-0	2109	0	-203	-0	34.28	555.21	37.26	903.77	0	-236.99	-1977.62	-0	-0	-0	300	0	-203	-0	-0	-0	-0	300	0	200	-0
269	-0	-0	-0	1506	0	-203	-0	-0	-0	-0	2109	0	-203	-0	38.15	567.7	37.47	904.6	0	-237.09	-2134.56	-0	-0	-0	300	0	-203	-0	0	0	0	300	0	200	0
270	-0	-0	-0	1506	0	-203	-0	-0	-0	-0	2109	0	-203	-0	42.29	580.19	36.86	905.28	0	-236.15	-1994.41	-0	-0	-0	300	0	-203	-0	-0	-0	-0	300	0	200	-0
271	-0	-0	-0	1506	0	-203	-0	-0	-0	-0	2109	0	-203	-0	45.41	590.51	36.65	905.92	0	-235.79	-2220.68	0	0	0	300	0	-203	0	0	0	0	300	0	200	0
272	-0	-0	-0	1506	0	-203	-0	-0	-0	-0	2109	0	-203	-0	47.85	603.54	36.24	906.59	0	-235.38	-2258.71	-0	-0	-0	300	0	-203	-0	-0	-0	-0	300	0	200	-0
273	-0	-0	-0	1506	0	-203	-0	-0	-0	-0	2109	0	-203	-0	50.5	619.28	36.18	907.14	0	-235.25	-2051.06	-0	-0	-0	300	0	-203	-0	-0	-0	-0	300	0	200	-0
274	-0	-0	-0	1506	0	-203	-0	-0	-0	-0	2109	0	-203	-0	53.08	630.14	36.52	907.53	0	-235.04	-2369.32	-0	-0	-0	300	0	-203	-0	-0	-0	-0	300	0	200	-0
275	-0	-0	-0	1506	0	-203	-0	-0	-0	-0	2109	0	-203	-0	55.72	642.63	37.26	908.15	0	-234.89	-2428.5	-0	-0	-0	300	0	-203	-0	0	0	0	300	0	200	0
276	-0	-0	-0	1506	0	-203	-0	-0	-0	-0	2109	0	-203	-0	58.64	657.02	38.15	908.69	0	-234.71	-2230.63	-0	-0	-0	300	0	-203	-0	-0	-0	-0	300	0	200	-0
277	-0	-0	-0	1506	0	-203	-0	-0	-0	-0	2109	0	-203	-0	61.36	665.98	38.28	909.19	0	-234.38	-2446.06	-0	-0	-0	300	0	-203	-0	-0	-0	-0	300	0	200	-0
278	-0	-0	-0	1506	0	-203	-0	-0	-0	-0	2109	0	-203	-0	64.68	675.76	39.64	909.8	0	-234.05	-2418.77	-0	-0	-0	300	0	-203	-0	0	0	0	300	0	200	0
279	-0	-0	-0	1506	0	-203	-0	-0	-0	-0	2109	0	-203	-0	68.35	687.43	39.57	910.28	0	-234.33	-2117.36	-0	-0	-0	300	0	-203	-0	-0	-0	-0	300	0	200	-0
280	-0	-0	-0	1506	0	-203	-0	-0	-0	-0	2109	0	-203	-0	71.27	694.76	39.43	910.84	0	-233.92	-2346.74	0	0	0	300	0	-203	0	-0	-0	-0	300	0	200	-0
281	-0	-0	-0	1506	0	-203	-0	-0	-0	-0	2109	0	-203	-0	74.39	697.75	40.39	911.26	0	-232.93	-2231.25	0	0	0	300	0	-203	0	-0	-0	-0	300	0	200	-0
282	-0	-0	-0	1506	0	-203	-0	-0	-0	-0	2109	0	-203	-0	78.6	706.43	40.66	911.98	0	-233.36	-2124.73	-0	-0	-0	300	0	-203	-0	-0	-0	-0	300	0	200	-0
283	-0	-0	-0	1506	0	-203	-0	-0	-0	-0	2109	0	-203	-0	81.45	710.24	41	911.99	0	-232.99	-2164.67	-0	-0	-0	300	0	-203	-0	-0	-0	-0	300	0	200	-0
284	-0	-0	-0	1506	0	-203	-0	-0	-0	-0	2109	0	-203	-0	84.77	713.49	41.47	912.55	0	-232.82	-1974.16	-0	-0	-0	300	0	-203	-0	-0	-0	-0	300	0	200	-0
285	-0	-0	-0	1506	0	-203	-0	-0	-0	-0	2109	0	-203	-0	89.05	716.75	41.88	913.26	0	-232.76	-1938.78	-0	-0	-0	300	0	-203	-0	-0	-0	-0	300	0	200	-0
286	-0	-0	-0	1506	0	-203	-0	-0	-0	-0	2109	0	-203	-0	91.49	717.02	42.22	913.43	0	-232.88	-1717.5	-0	-0	-0	300	0	-203	-0	-0	-0	-0	300	0	200	-0
287	-0	-0	-0	1506	0	-203	-0	-0	-0	-0	2109	0	-203	-0	94.68	714.58	42.35	913.81	0	-232.28	-1520.24	-0	-0	-0	300	0	-203	-0	-0	-0	-0	300	0	200	-0
288	-0	-0	-0	1506	0	-203	-0	-0	-0	-0	2109	0	-203	-0	98.15	712.41	42.9	914.23	0	-232.13	-1392.02	-0	-0	-0	300	0	-203	-0	-0	-0	-0	300	0	200	-0
289	-0	-0	-0	1506	0	-203	-0	-0	-0	-0	2109	0	-203	-0	100.73	707.52	43.1	914.87	0	-231.75	-1168.78	-0	-0	-0	300	0	-203	-0	0	0	0	300	0	200	0
290	-0	-0	-0	1506	0	-203	-0	-0	-0	-0	2109	0	-203	-0	104.19	703.18	42.96	915.22	0	-231.77	-968.57	-0	-0	-0	300	0	-203	-0	-0	-0	-0	300	0	200	-0
291	-0	-0	-0	1506	0	-203	-0	-0	-0	-0	2109	0	-203	-0	107.65	696.39	42.96	915.66	0	-231.72	-911.27	-0	-0	-0	300	0	-203	-0	-0	-0	-0	300	0	200	-0
292	-0	-0	-0	1506	0	-203	-0	-0	-0	-0	2109	0	-203	-0	110.36	689.06	43.17	916.09	0	-231.36	-662.08	0	0	0	300	0	-203	0	-0	-0	-0	300	0	200	-0
293	-0	-0	-0	1506	0	-203	-0	-0	-0	-0	2109	0	-203	-0	113.01	678.74	42.56	916.39	0	-230.97	-423.47	-0	-0	-0	300	0	-203	-0	-0	-0	-0	300	0	200	-0
294	-0	-0	-0	1506	0	-203	-0	-0	-0	-0	2109	0	-203	-0	116.54	667.61	41.67	917.01	0	-231.01	-406.5	-0	-0	-0	300	0	-203	-0	-0	-0	-0	300	0	200	-0
295	2.25	40.8	-3.23	1425.52	0	-101.56	-152.29	-0	-0	-0	2109	0	-203	-0	118.98	657.29	41.27	917.42	0	-230.85	-126.14	0	0	0	300	0	-203	0	-0	-0	-0	300	0	200	-0
296	8.52	237.24	-10.49	1438.87	0	-105.41	299.49	-0	-0	-0	2109	0	-203	-0	121.63	645.08	39.84	917.92	0	-230.93	130.37	-0	-0	-0	300	0	-203	-0	0	0	0	300	0	200	0
297	13.98	380.3	18.65	1440.37	0	-111.29	-182.53	-0	-0	-0	2109	0	-203	-0	126.25	626.89	37.94	918.62	0	-230.27	83.77	0	0	0	300	0	-203	0	-0	-0	-0	300	0	200	-0
298	11.72	366.15	49.54	1442.18	0	-113.26	-131.55	-0	-0	-0	2109	0	-203	-0	129.37	610.6	37.13	918.97	0	-229.71	231.87	-0	-0	-0	300	0	-203	-0	-0	-0	-0	300	0	200	-0
299	6.42	350.14	58.6	1445.17	0	-114.05	274.4	-0	-0	-0	2109	0	-203	-0	131	594.31	34.82	919.34	0	-229.83	607.16	-0	-0	-0	300	0	-203	-0	-0	-0	-0	300	0	200	-0
300	2.08	348.26	55.67	1446.4	0	-113.97	-237.52	-0	-0	-0	2109	0	-203	-0	132.83	567.97	32.1	920.12	0	-228.77	596.91	-0	-0	-0	300	0	-203	-0	0	0	0	300	0	200	0
301	-5.48	356.73	52.75	1448.03	0	-112.78	-301.22	-0	-0	-0	2109	0	-203	-0	134.12	545.17	29.05	920.61	0	-228.29	760.64	-0	-0	-0	300	0	-203	-0	0	0	0	300	0	200	0
302	-14.8	381.2	47.09	1451.56	0	-112.77	338.61	-0	-0	-0	2109	0	-203	-0	133.98	521.27	26.81	921.28	0	-228.82	1036.84	0	0	0	300	0	-203	0	-0	-0	-0	300	0	200	-0
303	-27.34	396.9	37.7	1452.5	0	-109.51	110.3	-0	-0	-0	2109	0	-203	-0	132.08	485.71	22.67	922.03	0	-227.97	1063.16	-0	-0	-0	300	0	-203	-0	-0	-0	-0	300	0	200	-0
304	-40.04	404.44	30.73	1455.09	0	-108.16	68.52	-0	-0	-0	2109	0	-203	-0	130.79	452.86	19.28	923.16	0	-225.81	839.65	-0	-0	-0	300	0	-203	-0	-0	-0	-0	300	0	200	-0
305	-52.09	408.83	19.89	1458.21	0	-107.7	-160.02	-0	-0	-0	2109	0	-203	-0	127.81	422.45	17.1	924.19	0	-226.44	956.13	0	0	0	300	0	-203	0	-0	-0	-0	300	0	200	-0
306	-67.04	407.9	11.63	1461.42	0	-105.04	485.26	-0	-0	-0	2109	0	-203	-0	121.56	380.64	12.42	924.99	0	-225.31	826.76	-0	-0	-0	300	0	-203	-0	0	0	0	300	0	200	0
307	-77.97	403.83	4.33	1465.41	0	-102.03	-47.79	-0	-0	-0	2109	0	-203	-0	114.64	345.89	9.23	926.01	0	-224.32	683.26	0	0	0	300	0	-203	0	-0	-0	-0	300	0	200	-0
308	-84.88	415.76	0.9	1468.8	0	-99.71	-1077.79	-0	-0	-0	2109	0	-203	-0	107.17	305.71	7.13	928.45	0	-222.49	180.01	-0	-0	-0	300	0	-203	-0	-0	-0	-0	300	0	200	-0
309	-92.28	450.6	-6.23	1475.47	0	-96.18	-869.74	-0	-0	-0	2109	0	-203	-0	94.48	261.18	4	929.4	0	-222.51	245.32	-0	-0	-0	300	0	-203	-0	-0	-0	-0	300	0	200	-0
310	-98.06	495.17	-14.34	1479.17	0	-93.04	-1256.16	-0	-0	-0	2109	0	-203	-0	83.01	221.54	2.17	931.39	0	-221.28	183.66	-0	-0	-0	300	0	-203	-0	-0	-0	-0	300	0	200	-0
311	-100.63	524.99	-21.46	1483.68	0	-90.98	-1659.58	-0	-0	-0	2109	0	-203	-0	71.06	181.36	1.15	934.71	0	-220.56	-290.18	-0	-0	-0	300	0	-203	-0	-0	-0	-0	300	0	200	-0
312	-104.17	549.14	-24.53	1488.34	0	-90.89	-1183.1	-0	-0	-0	2109	0	-203	-0	49.28	139.55	0.27	938.18	0	-221.15	-21.57	-0	-0	-0	300	0	-203	-0	-0	-0	-0	300	0	200	-0
313	-105.61	543.51	-26.48	1489.42	0	-88.8	-1267	-0	-0	-0	2109	0	-203	-0	36.79	106.97	-0	943.61	0	-218.49	-172.81	-0	-0	-0	300	0	-203	-0	-0	-0	-0	300	0	200	-0
314	-106.58	544.45	-29.24	1490.4	0	-87.65	-1285.86	-0	-0	-0	2109	0	-203	-0	26.95	78.19	-0.27	949.92	0	-215.14	-421.79	0	0	0	300	0	-203	0	-0	-0	-0	300	0	200	-0
315	-105.13	553.24	-33.11	1492.13	0	-87.78	-1113.14	-0	-0	-0	2109	0	-203	-0	16.22	55.66	0.34	960.99	0	-208.97	-369.6	-0	-0	-0	300	0	-203	-0	-0	-0	-0	300	0	200	-0
316	-104	568.93	-39.09	1493.48	0	-87.36	-1177.59	-0	-0	-0	2109	0	-203	-0	8.82	46.43	0.81	961.52	0	-214.65	-209.23	-0	-0	-0	300	0	-203	-0	-0	-0	-0	300	0	200	-0
317	-103.04	587.76	-42.82	1496.09	0	-85.99	-1432.13	-0	-0	-0	2109	0	-203	-0	3.87	38.28	1.29	967.85	0	-205.2	-200.63	0	0	0	300	0	-203	0	-0	-0	-0	300	0	200	-0
318	-100.3	614.44	-43.95	1497.65	0	-85.58	-1550.64	-0	-0	-0	2109	0	-203	-0	-0.34	33.12	2.31	967.54	0	-211.04	3.77	-0	-0	-0	300	0	-203	-0	-0	-0	-0	300	0	200	-0
319	-97.57	631.39	-44.27	1498.88	0	-83.98	-1182.96	-0	-0	-0	2109	0	-203	-0	-3.39	26.88	1.83	975.35	0	-204.42	135.91	-0	-0	-0	300	0	-203	-0	-0	-0	-0	300	0	200	-0
320	-97.57	651.78	-43.16	1499.38	0	-84.68	-2123.83	-0	-0	-0	2109	0	-203	-0	-4.75	23.62	1.83	971.9	0	-206.22	-5.92	-0	-0	-0	300	0	-203	-0	-0	-0	-0	300	0	200	-0
321	-94.84	660.26	-40.09	1500.71	0	-83.87	-2439.7	-0	-0	-0	2109	0	-203	-0	-0	-0	-0	903	0	-403	-0	-0	-0	-0	300	0	-203	-0	-0	-0	-0	300	0	200	-0
322	-98.05	670.6	-37.98	1503.46	0	-84.37	-1826.5	-0	-0	-0	2109	0	-203	-0	-7.19	16.56	2.71	979.62	0	-213.96	-61	-0	-0	-0	300	0	-203	-0	-0	-0	-0	300	0	200	-0
323	-100.46	678.14	-35.9	1504.62	0	-83.32	-2575.01	-0	-0	-0	2109	0	-203	-0	-0	-0	-0	903	0	-403	-0	-0	-0	-0	300	0	-203	-0	-0	-0	-0	300	0	200	-0
324	-104.32	687.24	-33.8	1506.64	0	-83.17	-2263.09	-0	-0	-0	2109	0	-203	-0	-0	-0	-0	903	0	-403	-0	-0	-0	-0	300	0	-203	-0	-0	-0	-0	300	0	200	-0
325	-108.34	696.95	-29.76	1510.05	0	-83.65	-1810.46	-0	-0	-0	2109	0	-203	-0	-0	-0	-0	903	0	-403	-0	-0	-0	-0	300	0	-203	-0	-0	-0	-0	300	0	200	-0
326	-111.72	707	-27.82	1510.83	0	-82.44	-1226.52	-0	-0	-0	2109	0	-203	-0	-0	-0	-0	903	0	-403	-0	-0	-0	-0	300	0	-203	-0	-0	-0	-0	300	0	200	-0
327	-111.72	717.66	-23.78	1512.33	0	-82.81	-1285.74	-0	-0	-0	2109	0	-203	-0	-0	-0	-0	903	0	-403	-0	-0	-0	-0	300	0	-203	-0	-0	-0	-0	300	0	200	-0
328	-110.11	720.8	-20.71	1514.67	0	-81.56	-1050.69	-0	-0	-0	2109	0	-203	-0	-0	-0	-0	903	0	-403	-0	-0	-0	-0	300	0	-203	-0	-0	-0	-0	300	0	200	-0
329	-105.77	724.57	-21.02	1516.47	0	-81.18	-527.98	-0	-0	-0	2109	0	-203	-0	-0	-0	-0	903	0	-403	-0	0	0	0	300	0	-203	0	-0	-0	-0	300	0	200	-0
330	-103.19	731.15	-19.09	1517.66	0	-81.37	-940.9	-0	-0	-0	2109	0	-203	-0	0	0	0	903	0	-403	0	-0	-0	-0	300	0	-203	-0	-0	-0	-0	300	0	200	-0
331	-101.43	730.52	-18.29	1518.99	0	-80.8	-1151.09	-0	-0	-0	2109	0	-203	-0	-0	-0	-0	903	0	-403	-0	-0	-0	-0	300	0	-203	-0	-0	-0	-0	300	0	200	-0
332	-99.5	725.51	-20.05	1521.45	0	-79.35	-550.88	-0	-0	-0	2109	0	-203	-0	-0	-0	-0	903	0	-403	-0	0	0	0	300	0	-203	0	-0	-0	-0	300	0	200	-0
333	-98.85	720.49	-20.88	1522.65	0	-78.55	-1254.68	-0	-0	-0	2109	0	-203	-0	0	0	0	903	0	-403	0	-0	-0	-0	300	0	-203	-0	-0	-0	-0	300	0	200	-0
334	-98.37	717.04	-21.37	1524.95	0	-78.03	-1438.91	-0	-0	-0	2109	0	-203	-0	-0	-0	-0	903	0	-403	-0	-0	-0	-0	300	0	-203	-0	-0	-0	-0	300	0	200	-0
335	-94.83	709.2	-22.5	1527.08	0	-76.89	-1218.47	-0	-0	-0	2109	0	-203	-0	-0	-0	-0	903	0	-403	-0	-0	-0	-0	300	0	-203	-0	-0	-0	-0	300	0	200	-0
336	-94.67	705.75	-24.76	1528.35	0	-76.05	-862.34	-0	-0	-0	2109	0	-203	-0	-0	-0	-0	903	0	-403	-0	-0	-0	-0	300	0	-203	-0	-0	-0	-0	300	0	200	-0
337	-88.88	697.91	-25.09	1530.16	0	-75.57	-1376.07	-0	-0	-0	2109	0	-203	-0	-0	-0	-0	903	0	-403	-0	-0	-0	-0	300	0	-203	-0	-0	-0	-0	300	0	200	-0
338	-86.31	688.18	-27.02	1532.6	0	-74.72	-1141.02	-0	-0	-0	2109	0	-203	-0	-0	-0	-0	903	0	-403	-0	0	0	0	300	0	-203	0	-0	-0	-0	300	0	200	-0
339	-83.09	675.33	-29.6	1533.43	0	-72.86	-838.83	-0	-0	-0	2109	0	-203	-0	-0	-0	-0	903	0	-403	-0	-0	-0	-0	300	0	-203	-0	-0	-0	-0	300	0	200	-0
340	-81.48	664.97	-29.93	1534.82	0	-72.16	-1107.31	-0	-0	-0	2109	0	-203	-0	-0	-0	-0	903	0	-403	-0	-0	-0	-0	300	0	-203	-0	-0	-0	-0	300	0	200	-0
341	-77.3	653.68	-32.2	1536.59	0	-71.68	-1265.95	-0	-0	-0	2109	0	-203	-0	-0	-0	-0	903	0	-403	-0	0	0	0	300	0	-203	0	-0	-0	-0	300	0	200	-0
342	-75.53	644.57	-31.87	1539.19	0	-70.67	-677.79	-0	-0	-0	2109	0	-203	-0	-0	-0	-0	903	0	-403	-0	-0	-0	-0	300	0	-203	-0	-0	-0	-0	300	0	200	-0
343	-72.48	626.7	-33.33	1540.08	0	-68.52	-1148.94	-0	-0	-0	2109	0	-203	-0	-0	-0	-0	903	0	-403	-0	-0	-0	-0	300	0	-203	-0	-0	-0	-0	300	0	200	-0
344	-69.26	619.17	-35.27	1540.54	0	-68.13	-1163.11	-0	-0	-0	2109	0	-203	-0	-0	-0	-0	903	0	-403	-0	0	0	0	300	0	-203	0	-0	-0	-0	300	0	200	-0
345	-65.56	606.93	-36.55	1543.91	0	-68.05	-980.89	-0	-0	-0	2109	0	-203	-0	-0	-0	-0	903	0	-403	-0	-0	-0	-0	300	0	-203	-0	-0	-0	-0	300	0	200	-0
346	-62.83	593.13	-38.33	1544.8	0	-65.94	-975.29	-0	-0	-0	2109	0	-203	-0	-0	-0	-0	903	0	-403	-0	-0	-0	-0	300	0	-203	-0	-0	-0	-0	300	0	200	-0
347	-58.97	582.15	-39.78	1546.17	0	-64.71	-1087.02	-0	-0	-0	2109	0	-203	-0	-0	-0	-0	903	0	-403	-0	-0	-0	-0	300	0	-203	-0	-0	-0	-0	300	0	200	-0
348	-55.43	571.16	-39.94	1548.23	0	-65.03	-902.84	-0	-0	-0	2109	0	-203	-0	-0	-0	-0	903	0	-403	-0	-0	-0	-0	300	0	-203	-0	-0	-0	-0	300	0	200	-0
349	-52.22	551.72	-40.74	1550.23	0	-61.47	-743.21	-0	-0	-0	2109	0	-203	-0	-0	-0	-0	903	0	-403	-0	-0	-0	-0	300	0	-203	-0	-0	-0	-0	300	0	200	-0
350	-50.93	541.37	-42.52	1550.38	0	-60.52	-675.05	-0	-0	-0	2109	0	-203	-0	-0	-0	-0	903	0	-403	-0	-0	-0	-0	300	0	-203	-0	-0	-0	-0	300	0	200	-0
351	-47.39	531	-41.54	1553.1	0	-61.12	-567.44	-0	-0	-0	2109	0	-203	-0	-0	-0	-0	903	0	-403	-0	-0	-0	-0	300	0	-203	-0	-0	-0	-0	300	0	200	-0
352	-44.34	518.14	-40.73	1555.4	0	-59.78	-403.56	-0	-0	-0	2109	0	-203	-0	-0	-0	-0	903	0	-403	-0	0	0	0	300	0	-203	0	-0	-0	-0	300	0	200	-0
353	-42.25	503.09	-42.19	1556.33	0	-57.73	-755.37	-0	-0	-0	2109	0	-203	-0	-0	-0	-0	903	0	-403	-0	-0	-0	-0	300	0	-203	-0	-0	-0	-0	300	0	200	-0
354	-40.96	492.42	-41.05	1556.54	0	-57.38	-420.33	-0	-0	-0	2109	0	-203	-0	-0	-0	-0	903	0	-403	-0	-0	-0	-0	300	0	-203	-0	-0	-0	-0	300	0	200	-0
355	-37.91	482.69	-40.87	1559.03	0	-57.15	-111.21	-0	-0	-0	2109	0	-203	-0	-0	-0	-0	903	0	-403	-0	-0	-0	-0	300	0	-203	-0	-0	-0	-0	300	0	200	-0
356	-36.62	471.07	-41.2	1561.67	0	-56.55	-55.74	-0	-0	-0	2109	0	-203	-0	-0	-0	-0	903	0	-403	-0	0	0	0	300	0	-203	0	0	0	0	300	0	200	0
357	-34.53	457.9	-39.1	1561.3	0	-55.41	-369.7	-0	-0	-0	2109	0	-203	-0	0	0	0	903	0	-403	0	-0	-0	-0	300	0	-203	-0	-0	-0	-0	300	0	200	-0
358	-32.92	448.49	-38.77	1563.75	0	-53.78	272.51	-0	-0	-0	2109	0	-203	-0	-0	-0	-0	903	0	-403	-0	-0	-0	-0	300	0	-203	-0	-0	-0	-0	300	0	200	-0
359	-29.38	438.76	-38.44	1564.99	0	-52.93	372.99	-0	-0	-0	2109	0	-203	-0	-0	-0	-0	903	0	-403	-0	0	0	0	300	0	-203	0	-0	-0	-0	300	0	200	-0
360	-27.94	431.23	-37.64	1565.31	0	-53.01	-274.21	-0	-0	-0	2109	0	-203	-0	0	0	0	903	0	-403	0	-0	-0	-0	300	0	-203	-0	-0	-0	-0	300	0	200	-0
361	-25.69	423.69	-37.47	1566.33	0	-53.17	-275.86	-0	-0	-0	2109	0	-203	-0	-0	-0	-0	903	0	-403	-0	-0	-0	-0	300	0	-203	-0	-0	-0	-0	300	0	200	-0
362	-24.72	414.9	-35.36	1568.63	0	-52.65	290.32	-0	-0	-0	2109	0	-203	-0	-0	-0	-0	903	0	-403	-0	-0	-0	-0	300	0	-203	-0	-0	-0	-0	300	0	200	-0
363	-22.95	408.63	-35.36	1569.49	0	-51.82	303.5	-0	-0	-0	2109	0	-203	-0	-0	-0	-0	903	0	-403	-0	-0	-0	-0	300	0	-203	-0	-0	-0	-0	300	0	200	-0
364	-21.03	397.65	-33.91	1570.38	0	-50.41	-80.97	-0	-0	-0	2109	0	-203	-0	-0	-0	-0	903	0	-403	-0	-0	-0	-0	300	0	-203	-0	-0	-0	-0	300	0	200	-0
365	-18.13	392	-33.09	1572.3	0	-50.8	-44	-0	-0	-0	2109	0	-203	-0	-0	-0	-0	903	0	-403	-0	-0	-0	-0	300	0	-203	-0	-0	-0	-0	300	0	200	-0
366	-17.81	391.68	-32.76	1573.19	0	-51.88	551.87	-0	-0	-0	2109	0	-203	-0	-0	-0	-0	903	0	-403	-0	-0	-0	-0	300	0	-203	-0	-0	-0	-0	300	0	200	-0
367	-16.2	380.7	-32.6	1572.21	0	-49.58	163.12	-0	-0	-0	2109	0	-203	-0	0	0	0	903	0	-403	0	-0	-0	-0	300	0	-203	-0	-0	-0	-0	300	0	200	-0
368	-14.76	370.98	-30.5	1575.66	0	-48.23	358.49	-0	-0	-0	2109	0	-203	-0	-0	-0	-0	903	0	-403	-0	-0	-0	-0	300	0	-203	-0	-0	-0	-0	300	0	200	-0
369	-12.19	372.23	-31.78	1576.09	0	-49.52	278.8	-0	-0	-0	2109	0	-203	-0	-0	-0	-0	903	0	-403	-0	-0	-0	-0	300	0	-203	-0	-0	-0	-0	300	0	200	-0
370	-14.11	365.01	-30.98	1575.68	0	-48.34	603.13	-0	-0	-0	2109	0	-203	-0	-0	-0	-0	903	0	-403	-0	-0	-0	-0	300	0	-203	-0	-0	-0	-0	300	0	200	-0
371	-9.94	359.68	-29.2	1576.4	0	-47.39	180.61	-0	-0	-0	2109	0	-203	-0	0	0	0	903	0	-403	0	-0	-0	-0	300	0	-203	-0	-0	-0	-0	300	0	200	-0
372	-8.17	359.36	-28.06	1577.57	0	-48.04	748.43	-0	-0	-0	2109	0	-203	-0	-0	-0	-0	903	0	-403	-0	-0	-0	-0	300	0	-203	-0	-0	-0	-0	300	0	200	-0
373	-9.45	357.16	-29.18	1579.07	0	-48.6	1055.32	-0	-0	-0	2109	0	-203	-0	0	0	0	903	0	-403	0	-0	-0	-0	300	0	-203	-0	-0	-0	-0	300	0	200	-0
374	-5.92	353.09	-27.58	1578.79	0	-46.93	284.77	-0	-0	-0	2109	0	-203	-0	-0	-0	-0	903	0	-403	-0	-0	-0	-0	300	0	-203	-0	-0	-0	-0	300	0	200	-0
375	-3.18	354.03	-27.72	1580.21	0	-47.68	888.72	-0	-0	-0	2109	0	-203	-0	-0	-0	-0	903	0	-403	-0	-0	-0	-0	300	0	-203	-0	-0	-0	-0	300	0	200	-0
376	-2.86	355.59	-27.39	1580.81	0	-47.58	1143.06	-0	-0	-0	2109	0	-203	-0	-0	-0	-0	903	0	-403	-0	-0	-0	-0	300	0	-203	-0	-0	-0	-0	300	0	200	-0
377	-0.61	354.35	-26.91	1579.96	0	-45.69	808.09	-0	-0	-0	2109	0	-203	-0	-0	-0	-0	903	0	-403	-0	0	0	0	300	0	-203	0	-0	-0	-0	300	0	200	-0
378	2.28	356.22	-27.07	1580.67	0	-47.38	1093.29	-0	-0	-0	2109	0	-203	-0	-0	-0	-0	903	0	-403	-0	-0	-0	-0	300	0	-203	-0	-0	-0	-0	300	0	200	-0
379	5.02	359.67	-28.51	1583.97	0	-47.08	1107.34	-0	-0	-0	2109	0	-203	-0	-0	-0	-0	903	0	-403	-0	-0	-0	-0	300	0	-203	-0	-0	-0	-0	300	0	200	-0
380	6.95	359.05	-26.74	1584.72	0	-45.32	881.26	-0	-0	-0	2109	0	-203	-0	-0	-0	-0	903	0	-403	-0	-0	-0	-0	300	0	-203	-0	-0	-0	-0	300	0	200	-0
381	10.16	362.81	-25.77	1585.02	0	-46.41	842.04	-0	-0	-0	2109	0	-203	-0	-0	-0	-0	903	0	-403	-0	-0	-0	-0	300	0	-203	-0	-0	-0	-0	300	0	200	-0
382	14.02	368.47	-28.66	1585.67	0	-45.51	1043.96	-0	-0	-0	2109	0	-203	-0	0	0	0	903	0	-403	0	-0	-0	-0	300	0	-203	-0	-0	-0	-0	300	0	200	-0
383	15.79	367.84	-29.14	1586.03	0	-44.08	873.03	-0	-0	-0	2109	0	-203	-0	-0	-0	-0	903	0	-403	-0	-0	-0	-0	300	0	-203	-0	-0	-0	-0	300	0	200	-0
384	17.24	376.31	-29.47	1584.58	0	-45.99	929.7	-0	-0	-0	2109	0	-203	-0	0	0	0	903	0	-403	0	-0	-0	-0	300	0	-203	-0	-0	-0	-0	300	0	200	-0
385	21.1	380.39	-29.78	1588.67	0	-44.85	926.12	-0	-0	-0	2109	0	-203	-0	-0	-0	-0	903	0	-403	-0	-0	-0	-0	300	0	-203	-0	0	0	0	300	0	200	0
386	20.62	387.93	-32.05	1587.65	0	-44.9	800.15	-0	-0	-0	2109	0	-203	-0	-0	-0	-0	903	0	-403	-0	-0	-0	-0	300	0	-203	-0	-0	-0	-0	300	0	200	-0
387	22.38	396.08	-31.73	1588.09	0	-45.46	770.57	-0	-0	-0	2109	0	-203	-0	-0	-0	-0	903	0	-403	-0	-0	-0	-0	300	0	-203	-0	-0	-0	-0	300	0	200	-0
388	25.76	405.5	-32.85	1589.36	0	-45.91	785.86	-0	-0	-0	2109	0	-203	-0	-0	-0	-0	903	0	-403	-0	-0	-0	-0	300	0	-203	-0	-0	-0	-0	300	0	200	-0
389	27.53	411.46	-34.63	1591.25	0	-45.37	417.9	-0	-0	-0	2109	0	-203	-0	-0	-0	-0	903	0	-403	-0	-0	-0	-0	300	0	-203	-0	-0	-0	-0	300	0	200	-0
390	26.57	423.08	-35.27	1590.73	0	-45.06	652.27	-0	-0	-0	2109	0	-203	-0	-0	-0	-0	903	0	-403	-0	-0	-0	-0	300	0	-203	-0	-0	-0	-0	300	0	200	-0
391	29.46	432.17	-34.62	1593.77	0	-46.83	636.99	-0	-0	-0	2109	0	-203	-0	-0	-0	-0	903	0	-403	-0	-0	-0	-0	300	0	-203	-0	-0	-0	-0	300	0	200	-0
392	29.62	443.15	-36.23	1594.58	0	-46.88	871.55	-0	-0	-0	2109	0	-203	-0	-0	-0	-0	903	0	-403	-0	-0	-0	-0	300	0	-203	-0	-0	-0	-0	300	0	200	-0
393	30.27	448.8	-37.69	1597.72	0	-44.98	483.52	-0	-0	-0	2109	0	-203	-0	0	0	0	903	0	-403	0	-0	-0	-0	300	0	-203	-0	-0	-0	-0	300	0	200	-0
394	33.32	464.48	-37.53	1597.64	0	-47.7	315.79	-0	-0	-0	2109	0	-203	-0	-0	-0	-0	903	0	-403	-0	-0	-0	-0	300	0	-203	-0	-0	-0	-0	300	0	200	-0
395	32.68	474.52	-36.87	1599.87	0	-47.75	820.29	-0	-0	-0	2109	0	-203	-0	-0	-0	-0	903	0	-403	-0	-0	-0	-0	300	0	-203	-0	-0	-0	-0	300	0	200	-0
396	33	489.27	-40.1	1600.79	0	-48.05	759.34	-0	-0	-0	2109	0	-203	-0	-0	-0	-0	903	0	-403	-0	0	0	0	300	0	-203	0	-0	-0	-0	300	0	200	-0
397	33	500.25	-39.13	1602.84	0	-49.18	770.2	-0	-0	-0	2109	0	-203	-0	-0	-0	-0	903	0	-403	-0	-0	-0	-0	300	0	-203	-0	-0	-0	-0	300	0	200	-0
398	33.8	514.67	-39.45	1604.35	0	-51.03	586.74	-0	-0	-0	2109	0	-203	-0	-0	-0	-0	903	0	-403	-0	0	0	0	300	0	-203	0	-0	-0	-0	300	0	200	-0
399	32.04	525.03	-40.09	1607.14	0	-50.29	1087.52	-0	-0	-0	2109	0	-203	-0	-0	-0	-0	903	0	-403	-0	-0	-0	-0	300	0	-203	-0	-0	-0	-0	300	0	200	-0
400	30.75	540.4	-40.26	1607.75	0	-51.51	1003.01	-0	-0	-0	2109	0	-203	-0	-0	-0	-0	903	0	-403	-0	-0	-0	-0	300	0	-203	-0	-0	-0	-0	300	0	200	-0
401	29.3	550.75	-37.83	1610.39	0	-52.3	1267.17	-0	-0	-0	2109	0	-203	-0	-0	-0	-0	903	0	-403	-0	-0	-0	-0	300	0	-203	-0	-0	-0	-0	300	0	200	-0
402	29.78	570.81	-36.04	1610.27	0	-55.86	1662.15	-0	-0	-0	2109	0	-203	-0	-0	-0	-0	903	0	-403	-0	-0	-0	-0	300	0	-203	-0	-0	-0	-0	300	0	200	-0
403	29.94	573.33	-36.04	1614.21	0	-54.02	1642.5	-0	-0	-0	2109	0	-203	-0	-0	-0	-0	903	0	-403	-0	-0	-0	-0	300	0	-203	-0	-0	-0	-0	300	0	200	-0
404	30.1	584.61	-32.96	1615.78	0	-55.09	2116.87	-0	-0	-0	2109	0	-203	-0	-0	-0	-0	903	0	-403	-0	-0	-0	-0	300	0	-203	-0	-0	-0	-0	300	0	200	-0
405	32.35	597.47	-30.86	1615.8	0	-57.41	2009.3	-0	-0	-0	2109	0	-203	-0	-0	-0	-0	903	0	-403	-0	-0	-0	-0	300	0	-203	-0	-0	-0	-0	300	0	200	-0
406	37.82	611.27	-27.78	1616.42	0	-58.61	2158.66	-0	-0	-0	2109	0	-203	-0	-0	-0	-0	903	0	-403	-0	-0	-0	-0	300	0	-203	-0	-0	-0	-0	300	0	200	-0
407	40.07	615.34	-25.66	1619.03	0	-58.61	2640.6	-0	-0	-0	2109	0	-203	-0	-0	-0	-0	903	0	-403	-0	0	0	0	300	0	-203	0	-0	-0	-0	300	0	200	-0
408	41.83	625.37	-24.05	1618.96	0	-60.08	2588.84	-0	-0	-0	2109	0	-203	-0	0	0	0	903	0	-403	0	-0	-0	-0	300	0	-203	-0	0	0	0	300	0	200	0
409	46.81	631.01	-20.48	1621.51	0	-60.49	2631.98	-0	-0	-0	2109	0	-203	-0	-0	-0	-0	903	0	-403	-0	-0	-0	-0	300	0	-203	-0	-0	-0	-0	300	0	200	-0
410	49.55	641.05	-19.82	1622.45	0	-61.49	3144.03	-0	-0	-0	2109	0	-203	-0	-0	-0	-0	903	0	-403	-0	-0	-0	-0	300	0	-203	-0	-0	-0	-0	300	0	200	-0
411	50.83	650.15	-19.34	1622.75	0	-61.64	2769.64	-0	-0	-0	2109	0	-203	-0	0	0	0	903	0	-403	0	-0	-0	-0	300	0	-203	-0	-0	-0	-0	300	0	200	-0
412	52.28	660.18	-16.43	1622.98	0	-62.67	3133.75	-0	-0	-0	2109	0	-203	-0	-0	-0	-0	903	0	-403	-0	0	0	0	300	0	-203	0	-0	-0	-0	300	0	200	-0
413	58.55	663.94	-16.25	1625.04	0	-62.88	3053.79	-0	-0	-0	2109	0	-203	-0	-0	-0	-0	903	0	-403	-0	-0	-0	-0	300	0	-203	-0	-0	-0	-0	300	0	200	-0
414	62.72	672.72	-15.11	1626.03	0	-63.96	2960.66	-0	-0	-0	2109	0	-203	-0	-0	-0	-0	903	0	-403	-0	-0	-0	-0	300	0	-203	-0	-0	-0	-0	300	0	200	-0
415	64.49	677.74	-15.28	1626.74	0	-63.56	2785.76	-0	-0	-0	2109	0	-203	-0	-0	-0	-0	903	0	-403	-0	-0	-0	-0	300	0	-203	-0	-0	-0	-0	300	0	200	-0
416	70.44	689.34	-13.82	1626.12	0	-64.87	2675.37	-0	-0	-0	2109	0	-203	-0	-0	-0	-0	903	0	-403	-0	-0	-0	-0	300	0	-203	-0	-0	-0	-0	300	0	200	-0
417	75.42	695.61	-14.45	1627.91	0	-65.3	2799.69	-0	-0	-0	2109	0	-203	-0	-0	-0	-0	903	0	-403	-0	-0	-0	-0	300	0	-203	-0	-0	-0	-0	300	0	200	-0
418	77.99	701.57	-15.25	1628.04	0	-65.5	2522.62	-0	-0	-0	2109	0	-203	-0	-0	-0	-0	903	0	-403	-0	-0	-0	-0	300	0	-203	-0	-0	-0	-0	300	0	200	-0
419	81.05	708.16	-16.38	1628.26	0	-66.17	1948.52	-0	-0	-0	2109	0	-203	-0	-0	-0	-0	903	0	-403	-0	-0	-0	-0	300	0	-203	-0	-0	-0	-0	300	0	200	-0
420	85.07	715.37	-16.69	1629.14	0	-66.99	2183.03	-0	-0	-0	2109	0	-203	-0	-0	-0	-0	903	0	-403	-0	-0	-0	-0	300	0	-203	-0	-0	-0	-0	300	0	200	-0
421	88.6	720.38	-18.95	1629.56	0	-67.35	2076.82	-0	-0	-0	2109	0	-203	-0	-0	-0	-0	903	0	-403	-0	-0	-0	-0	300	0	-203	-0	-0	-0	-0	300	0	200	-0
422	93.1	723.21	-19.93	1629.98	0	-66.96	1169.9	-0	-0	-0	2109	0	-203	-0	-0	-0	-0	903	0	-403	-0	-0	-0	-0	300	0	-203	-0	-0	-0	-0	300	0	200	-0
423	98.89	721.65	-20.4	1630.9	0	-66.54	1056.67	-0	-0	-0	2109	0	-203	-0	-0	-0	-0	903	0	-403	-0	-0	-0	-0	300	0	-203	-0	-0	-0	-0	300	0	200	-0
424	102.59	726.34	-21.85	1631.98	0	-67.67	1105.94	-0	-0	-0	2109	0	-203	-0	-0	-0	-0	903	0	-403	-0	-0	-0	-0	300	0	-203	-0	-0	-0	-0	300	0	200	-0
425	106.93	726.67	-23.95	1631.6	0	-66.78	384.69	-0	-0	-0	2109	0	-203	-0	-0	-0	-0	903	0	-403	-0	-0	-0	-0	300	0	-203	-0	-0	-0	-0	300	0	200	-0
426	111.75	728.55	-24.11	1631.6	0	-66.73	-23.23	-0	-0	-0	2109	0	-203	-0	-0	-0	-0	903	0	-403	-0	-0	-0	-0	300	0	-203	-0	-0	-0	-0	300	0	200	-0
427	117.06	727.29	-24.1	1632.68	0	-67.74	-41.19	-0	-0	-0	2109	0	-203	-0	-0	-0	-0	903	0	-403	-0	-0	-0	-0	300	0	-203	-0	-0	-0	-0	300	0	200	-0
428	121.08	723.21	-25.38	1634.27	0	-66.8	-109.62	-0	-0	-0	2109	0	-203	-0	-0	-0	-0	903	0	-403	-0	-0	-0	-0	300	0	-203	-0	-0	-0	-0	300	0	200	-0
429	125.9	718.51	-27.33	1634.65	0	-66.3	-835.16	-0	-0	-0	2109	0	-203	-0	-0	-0	-0	903	0	-403	-0	-0	-0	-0	300	0	-203	-0	-0	-0	-0	300	0	200	-0
430	131.69	722.27	-27.33	1632.97	0	-68.05	-1079.44	-0	-0	-0	2109	0	-203	-0	-0	-0	-0	903	0	-403	-0	-0	-0	-0	300	0	-203	-0	-0	-0	-0	300	0	200	-0
431	138.28	715.37	-29.74	1633.76	0	-67.65	-1545.41	-0	-0	-0	2109	0	-203	-0	-0	-0	-0	903	0	-403	-0	-0	-0	-0	300	0	-203	-0	-0	-0	-0	300	0	200	-0
432	140.53	707.52	-30.55	1634.36	0	-67.43	-1224.37	-0	-0	-0	2109	0	-203	-0	-0	-0	-0	903	0	-403	-0	-0	-0	-0	300	0	-203	-0	-0	-0	-0	300	0	200	-0
433	147.28	695.92	-29.74	1634.35	0	-67.01	-1988.61	-0	-0	-0	2109	0	-203	-0	-0	-0	-0	903	0	-403	-0	-0	-0	-0	300	0	-203	-0	-0	-0	-0	300	0	200	-0
434	151.78	684.94	-29.74	1634.43	0	-67.41	-2207.27	-0	-0	-0	2109	0	-203	-0	-0	-0	-0	903	0	-403	-0	0	0	0	300	0	-203	0	-0	-0	-0	300	0	200	-0
435	155.96	673.01	-30.86	1636.08	0	-67.55	-2156.35	-0	-0	-0	2109	0	-203	-0	-0	-0	-0	903	0	-403	-0	0	0	0	300	0	-203	0	0	0	0	300	0	200	0
436	157.73	661.4	-30.22	1634.6	0	-67.57	-2463.93	-0	-0	-0	2109	0	-203	-0	-0	-0	-0	903	0	-403	-0	-0	-0	-0	300	0	-203	-0	-0	-0	-0	300	0	200	-0
437	157.41	641.33	-28.78	1635.47	0	-66.98	-2704.97	-1.92	28.45	4.79	2244.15	0	-143.61	209.89	-0	-0	-0	903	0	-403	-0	-0	-0	-0	300	0	-203	-0	-0	-0	-0	300	0	200	-0
438	159.98	625.94	-28.46	1636.35	0	-67.88	-2842.13	-11.52	193.87	17.91	2216.38	0	-146.42	-260	-0	-0	-0	903	0	-403	-0	-0	-0	-0	300	0	-203	-0	-0	-0	-0	300	0	200	-0
439	163.35	602.1	-26.83	1637.62	0	-67.78	-3012.42	-6.1	411.18	11.32	2213.29	0	-146.21	-799.94	-0	-0	-0	903	0	-403	-0	-0	-0	-0	300	0	-203	-0	-0	-0	-0	300	0	200	-0
440	161.91	575.75	-22.81	1637.42	0	-67.01	-3098.13	-4.34	366.76	-13.49	2215.58	0	-142.97	-781.43	-0	-0	-0	903	0	-403	-0	-0	-0	-0	300	0	-203	-0	-0	-0	-0	300	0	200	-0
441	161.74	546.88	-19.09	1639.07	0	-66.8	-2957.19	-7.05	307.03	-22.6	2216.55	0	-140.64	-1067.17	-0	-0	-0	903	0	-403	-0	-0	-0	-0	300	0	-203	-0	-0	-0	-0	300	0	200	-0
442	159.17	522.72	-16.83	1638.87	0	-68	-2623.06	-12.17	300.15	-23.08	2217.79	0	-141.04	-916.32	-0	-0	-0	903	0	-403	-0	-0	-0	-0	300	0	-203	-0	-0	-0	-0	300	0	200	-0
443	152.9	482.87	-13.79	1642.34	0	-67.4	-3157.68	-20	332.34	-28.68	2221.35	0	-140.07	-891	-0	-0	-0	903	0	-403	-0	-0	-0	-0	300	0	-203	-0	0	0	0	300	0	200	0
444	143.09	452.74	-9.12	1642.06	0	-69.52	-2426.38	-33.6	381.42	-31.72	2221.73	0	-138.63	-851.86	-0	-0	-0	903	0	-403	-0	-0	-0	-0	300	0	-203	-0	-0	-0	-0	300	0	200	-0
445	133.93	411.32	-6.38	1646.47	0	-68.02	-2188.56	-52.3	421.45	-29.63	2222.83	0	-140.07	-929.52	-0	-0	-0	903	0	-403	-0	-0	-0	-0	300	0	-203	-0	-0	-0	-0	300	0	200	-0
446	118.65	372.1	-3.65	1650.38	0	-68.32	-1961.65	-73.89	433.33	-21.63	2226.56	0	-141.26	-400.16	0	0	0	903	0	-403	0	-0	-0	-0	300	0	-203	-0	-0	-0	-0	300	0	200	-0
447	99.36	339.15	2.61	1652.99	0	-69.11	-1694.31	-92.27	420.19	-14.9	2229.93	0	-140.7	-107.27	-0	-0	-0	903	0	-403	-0	-0	-0	-0	300	0	-203	-0	-0	-0	-0	300	0	200	-0
448	85.85	306.82	2.28	1655.95	0	-71.37	-1486.45	-103.94	408	-9.45	2229.26	0	-141.23	158.64	-0	-0	-0	903	0	-403	-0	-0	-0	-0	300	0	-203	-0	-0	-0	-0	300	0	200	-0
449	74.76	267.3	3.4	1663.94	0	-67.48	-1111.07	-103.14	398.32	-4.97	2232.13	0	-142.87	-117.9	0	0	0	903	0	-403	0	0	0	0	300	0	-203	0	-0	-0	-0	300	0	200	-0
450	64.63	245.33	3.07	1660.25	0	-69.53	-1042.04	-95.15	400.82	0.14	2232.32	0	-142.63	410.09	-0	-0	-0	903	0	-403	-0	-0	-0	-0	300	0	-203	-0	-0	-0	-0	300	0	200	-0
451	55.31	219.29	4.35	1662.52	0	-71.76	-636.78	-86.67	408.01	4.78	2232.83	0	-143.06	459.7	-0	-0	-0	903	0	-403	-0	-0	-0	-0	300	0	-203	-0	-0	-0	-0	300	0	200	-0
452	49.04	189.8	3.07	1669.39	0	-70.34	-611.74	-78.2	424.59	7.5	2231.45	0	-144.83	138.68	-0	-0	-0	903	0	-403	-0	-0	-0	-0	300	0	-203	-0	-0	-0	-0	300	0	200	-0
453	44.22	159.37	1.93	1668.83	0	-66.85	-1094	-74.85	448.04	6.53	2234.47	0	-144.55	652.69	-0	-0	-0	903	0	-403	-0	-0	-0	-0	300	0	-203	-0	-0	-0	-0	300	0	200	-0
454	41.64	137.41	2.57	1663.85	0	-72.25	-1004.45	-79.32	491.5	7.33	2238.59	0	-145.76	775.43	-0	-0	-0	903	0	-403	-0	-0	-0	-0	300	0	-203	-0	-0	-0	-0	300	0	200	-0
455	40.03	110.43	2.26	1666.51	0	-71.8	-570.25	-91.15	559.35	10.53	2244.55	0	-147.42	690.33	-0	-0	-0	903	0	-403	-0	0	0	0	300	0	-203	0	-0	-0	-0	300	0	200	-0
456	34.09	92.55	0.32	1659.86	0	-73.89	-595.15	-112.74	641.27	15.33	2250.58	0	-148.45	1177.99	0	0	0	903	0	-403	0	0	0	0	300	0	-203	0	-0	-0	-0	300	0	200	-0
457	29.9	69.96	0.8	1669.03	0	-65.26	-1087.58	-136.56	685.35	15.18	2255.59	0	-147.87	1023.94	-0	-0	-0	903	0	-403	-0	-0	-0	-0	300	0	-203	-0	-0	-0	-0	300	0	200	-0
458	23.96	55.84	0.32	1670.31	0	-66.57	-636.46	-156.39	691.28	11.84	2259.38	0	-147.33	674.63	-0	-0	-0	903	0	-403	-0	-0	-0	-0	300	0	-203	-0	-0	-0	-0	300	0	200	-0
459	17.53	47.06	-3.07	1665.12	0	-68.56	-855.42	-165.98	692.53	9.6	2261.34	0	-147.48	381.28	-0	-0	-0	903	0	-403	-0	0	0	0	300	0	-203	0	-0	-0	-0	300	0	200	-0
460	10.13	37.65	-1.95	1655.5	0	-69.52	-484.09	-167.57	690.33	11.36	2264.34	0	-146.69	782.21	-0	-0	-0	903	0	-403	-0	-0	-0	-0	300	0	-203	-0	-0	-0	-0	300	0	200	-0
461	6.43	25.41	-1.95	1683.45	0	-54.14	-472.05	-158.78	696.9	12.16	2264.29	0	-146.79	855.18	-0	-0	-0	903	0	-403	-0	-0	-0	-0	300	0	-203	-0	-0	-0	-0	300	0	200	-0
462	3.54	21.96	-1.95	1662.25	0	-70.15	58.17	-145.51	712.85	15.19	2263.37	0	-146.95	1616.32	-0	-0	-0	903	0	-403	-0	-0	-0	-0	300	0	-203	-0	-0	-0	-0	300	0	200	-0
463	-0	-0	-0	1506	0	-203	-0	-133.04	720.34	13.26	2264.68	0	-146.73	2113.42	-0	-0	-0	903	0	-403	-0	-0	-0	-0	300	0	-203	-0	-0	-0	-0	300	0	200	-0
464	-0	-0	-0	1506	0	-203	-0	-125.37	729.09	11.66	2265.2	0	-145.86	2391.5	-0	-0	-0	903	0	-403	-0	-0	-0	-0	300	0	-203	-0	-0	-0	-0	300	0	200	-0
465	-0	-0	-0	1506	0	-203	-0	-122.49	735.66	10.54	2264.59	0	-145.78	2011.42	-0	-0	-0	903	0	-403	-0	-0	-0	-0	300	0	-203	-0	-0	-0	-0	300	0	200	-0
466	-0	-0	-0	1506	0	-203	-0	-122.49	745.35	10.86	2265.17	0	-146.36	2265.09	-0	-0	-0	903	0	-403	-0	-0	-0	-0	300	0	-203	-0	-0	-0	-0	300	0	200	-0
467	-0	-0	-0	1506	0	-203	-0	-121.53	743.16	10.7	2267.12	0	-145.54	2108.03	0	0	0	903	0	-403	0	-0	-0	-0	300	0	-203	-0	-0	-0	-0	300	0	200	-0
468	-0	-0	-0	1506	0	-203	-0	-119.61	738.47	11.98	2266.81	0	-145.15	1898.91	-0	-0	-0	903	0	-403	-0	-0	-0	-0	300	0	-203	-0	-0	-0	-0	300	0	200	-0
469	-0	-0	-0	1506	0	-203	-0	-113.69	731.59	13.9	2267.83	0	-146.01	1857.67	-0	-0	-0	903	0	-403	-0	-0	-0	-0	300	0	-203	-0	-0	-0	-0	300	0	200	-0
470	-0	-0	-0	1506	0	-203	-0	-108.9	719.39	13.9	2269.19	0	-145.72	2069.73	-0	-0	-0	903	0	-403	-0	-0	-0	-0	300	0	-203	-0	-0	-0	-0	300	0	200	-0
471	-0	-0	-0	1506	0	-203	-0	-103.46	707.82	14.38	2270.15	0	-145.55	2206.08	-0	-0	-0	903	0	-403	-0	-0	-0	-0	300	0	-203	-0	-0	-0	-0	300	0	200	-0
472	-0	-0	-0	1506	0	-203	-0	-100.42	700.95	13.74	2270.33	0	-146.21	1885	-0	-0	-0	903	0	-403	-0	-0	-0	-0	300	0	-203	-0	-0	-0	-0	300	0	200	-0
473	-0	-0	-0	1506	0	-203	-0	-97.54	689.69	12.46	2272.98	0	-146.13	2042.11	-0	-0	-0	903	0	-403	-0	-0	-0	-0	300	0	-203	-0	0	0	0	300	0	200	0
474	-0	-0	-0	1506	0	-203	-0	-96.42	681.56	11.51	2273.74	0	-145.74	2002.68	-0	-0	-0	903	0	-403	-0	-0	-0	-0	300	0	-203	-0	-0	-0	-0	300	0	200	-0
475	-0	-0	-0	1506	0	-203	-0	-94.5	669.06	10.71	2273.96	0	-145.95	1750.12	-0	-0	-0	903	0	-403	-0	-0	-0	-0	300	0	-203	-0	-0	-0	-0	300	0	200	-0
476	-0	-0	-0	1506	0	-203	-0	-91.62	658.12	11.35	2275.87	0	-146.73	1885.09	0	0	0	903	0	-403	0	-0	-0	-0	300	0	-203	-0	-0	-0	-0	300	0	200	-0
477	-0	-0	-0	1506	0	-203	-0	-87.63	644.04	10.23	2277.98	0	-146.45	1775.5	-0	-0	-0	903	0	-403	-0	-0	-0	-0	300	0	-203	-0	-0	-0	-0	300	0	200	-0
478	-0	-0	-0	1506	0	-203	-0	-83.79	630.29	10.71	2279.18	0	-146.73	1955.68	-0	-0	-0	903	0	-403	-0	-0	-0	-0	300	0	-203	-0	-0	-0	-0	300	0	200	-0
479	-0	-0	-0	1506	0	-203	-0	-78.99	618.1	12.31	2280.18	0	-147.49	1871.11	-0	-0	-0	903	0	-403	-0	0	0	0	300	0	-203	0	-0	-0	-0	300	0	200	-0
480	-0	-0	-0	1506	0	-203	-0	-75.47	603.41	13.27	2282.46	0	-147.99	1947.92	-0	-0	-0	903	0	-403	-0	-0	-0	-0	300	0	-203	-0	-0	-0	-0	300	0	200	-0
481	-0	-0	-0	1506	0	-203	-0	-72.76	589.34	14.87	2283.95	0	-148.01	1847.5	-0	-0	-0	903	0	-403	-0	-0	-0	-0	300	0	-203	-0	-0	-0	-0	300	0	200	-0
482	-0	-0	-0	1506	0	-203	-0	-71.48	574.65	15.84	2284.73	0	-148.15	1768.43	0	0	0	903	0	-403	0	-0	-0	-0	300	0	-203	-0	0	0	0	300	0	200	0
483	-0	-0	-0	1506	0	-203	-0	-67	557.77	16.79	2287.3	0	-149.1	2067.28	0	0	0	903	0	-403	0	-0	-0	-0	300	0	-203	-0	-0	-0	-0	300	0	200	-0
484	-0	-0	-0	1506	0	-203	-0	-64.44	543.07	17.28	2290.39	0	-150.01	1875.62	-0	-0	-0	903	0	-403	-0	-0	-0	-0	300	0	-203	-0	-0	-0	-0	300	0	200	-0
485	-0	-0	-0	1506	0	-203	-0	-62.36	527.75	16.96	2290.76	0	-149.99	1760.46	-0	-0	-0	903	0	-403	-0	-0	-0	-0	300	0	-203	-0	-0	-0	-0	300	0	200	-0
486	-0	-0	-0	1506	0	-203	-0	-59.64	518.07	18.4	2292.12	0	-151.55	1682.33	-0	-0	-0	903	0	-403	-0	0	0	0	300	0	-203	0	-0	-0	-0	300	0	200	-0
487	-0	-0	-0	1506	0	-203	-0	-56.12	504.62	18.08	2294.73	0	-152.06	1857.63	-0	-0	-0	903	0	-403	-0	-0	-0	-0	300	0	-203	-0	-0	-0	-0	300	0	200	-0
488	-0	-0	-0	1506	0	-203	-0	-53.72	490.24	18.56	2297.61	0	-151.59	1929.39	-0	-0	-0	903	0	-403	-0	-0	-0	-0	300	0	-203	-0	-0	-0	-0	300	0	200	-0
489	-0	-0	-0	1506	0	-203	-0	-49.57	482.12	18.89	2298.09	0	-153.02	1535.54	0	0	0	903	0	-403	0	-0	-0	-0	300	0	-203	-0	-0	-0	-0	300	0	200	-0
490	-0	-0	-0	1506	0	-203	-0	-46.53	473.37	20.49	2299.79	0	-153.84	1804.03	-0	-0	-0	903	0	-403	-0	-0	-0	-0	300	0	-203	-0	-0	-0	-0	300	0	200	-0
491	-0	-0	-0	1506	0	-203	-0	-44.77	463.68	19.53	2302.75	0	-154.28	1669.19	-0	-0	-0	903	0	-403	-0	0	0	0	300	0	-203	0	-0	-0	-0	300	0	200	-0
492	-0	-0	-0	1506	0	-203	-0	-43.01	453.99	20.49	2304.45	0	-154.54	1620.55	-0	-0	-0	903	0	-403	-0	-0	-0	-0	300	0	-203	-0	-0	-0	-0	300	0	200	-0
493	-0	-0	-0	1506	0	-203	-0	-39.65	444.3	20.33	2307.53	0	-155.95	1587.33	-0	-0	-0	903	0	-403	-0	-0	-0	-0	300	0	-203	-0	-0	-0	-0	300	0	200	-0
494	-0	-0	-0	1506	0	-203	-0	-37.57	437.42	19.85	2309.46	0	-156.98	1522.39	-0	-0	-0	903	0	-403	-0	-0	-0	-0	300	0	-203	-0	-0	-0	-0	300	0	200	-0
495	-0	-0	-0	1506	0	-203	-0	-36.61	425.85	19.85	2311.64	0	-156.52	1525.91	-0	-0	-0	903	0	-403	-0	-0	-0	-0	300	0	-203	-0	-0	-0	-0	300	0	200	-0
496	-0	-0	-0	1506	0	-203	-0	-35.65	420.55	20.17	2314.16	0	-158.48	1603.64	-0	-0	-0	903	0	-403	-0	-0	-0	-0	300	0	-203	-0	-0	-0	-0	300	0	200	-0
497	-0	-0	-0	1506	0	-203	-0	-32.94	412.42	19.06	2317.61	0	-159.19	1437.35	-0	-0	-0	903	0	-403	-0	-0	-0	-0	300	0	-203	-0	-0	-0	-0	300	0	200	-0
498	-0	-0	-0	1506	0	-203	-0	-32.14	402.1	18.1	2320.73	0	-159.58	1189.54	-0	-0	-0	903	0	-403	-0	-0	-0	-0	300	0	-203	-0	-0	-0	-0	300	0	200	-0
499	-0	-0	-0	1506	0	-203	-0	-31.18	396.16	16.66	2321.97	0	-160.71	835.74	-0	-0	-0	903	0	-403	-0	-0	-0	-0	300	0	-203	-0	-0	-0	-0	300	0	200	-0
500	-0	-0	-0	1506	0	-203	-0	-29.42	389.6	17.14	2325.62	0	-161.57	1143.4	-0	-0	-0	903	0	-403	-0	0	0	0	300	0	-203	0	0	0	0	300	0	200	0
501	-0	-0	-0	1506	0	-203	-0	-27.5	383.97	15.86	2328.71	0	-161.91	1057.59	-0	-0	-0	903	0	-403	-0	-0	-0	-0	300	0	-203	-0	-0	-0	-0	300	0	200	-0
502	-0	-0	-0	1506	0	-203	-0	-26.7	381.47	14.74	2328.62	0	-161.97	878.53	-0	-0	-0	903	0	-403	-0	-0	-0	-0	300	0	-203	-0	-0	-0	-0	300	0	200	-0
503	-0	-0	-0	1506	0	-203	-0	-24.46	374.91	13.78	2331.58	0	-162.88	722.98	-0	-0	-0	903	0	-403	-0	-0	-0	-0	300	0	-203	-0	-0	-0	-0	300	0	200	-0
504	-0	-0	-0	1506	0	-203	-0	-23.18	372.41	14.1	2333.92	0	-164.18	886.43	-0	-0	-0	903	0	-403	-0	-0	-0	-0	300	0	-203	-0	-0	-0	-0	300	0	200	-0
505	-0	-0	-0	1506	0	-203	-0	-21.9	367.72	12.66	2335.08	0	-164.18	777.83	-0	-0	-0	903	0	-403	-0	-0	-0	-0	300	0	-203	-0	-0	-0	-0	300	0	200	-0
506	-0	-0	-0	1506	0	-203	-0	-21.26	363.97	12.03	2337.5	0	-164.27	521.13	0	0	0	903	0	-403	0	-0	-0	-0	300	0	-203	-0	-0	-0	-0	300	0	200	-0
507	-0	-0	-0	1506	0	-203	-0	-19.5	363.35	12.51	2338.12	0	-166.83	507.76	-0	-0	-0	903	0	-403	-0	-0	-0	-0	300	0	-203	-0	-0	-0	-0	300	0	200	-0
508	-0	-0	-0	1506	0	-203	-0	-18.38	363.04	12.02	2338.99	0	-166.76	701.45	-0	-0	-0	903	0	-403	-0	0	0	0	300	0	-203	0	-0	-0	-0	300	0	200	-0
509	-0	-0	-0	1506	0	-203	-0	-17.42	355.84	11.07	2343.59	0	-165.2	486.71	-0	-0	-0	903	0	-403	-0	-0	-0	-0	300	0	-203	-0	-0	-0	-0	300	0	200	-0
510	-0	-0	-0	1506	0	-203	-0	-16.3	356.16	11.39	2342.31	0	-166.99	226.75	-0	-0	-0	903	0	-403	-0	0	0	0	300	0	-203	0	-0	-0	-0	300	0	200	-0
511	-0	-0	-0	1506	0	-203	-0	-15.02	357.41	11.71	2343.41	0	-167.91	701.24	-0	-0	-0	903	0	-403	-0	-0	-0	-0	300	0	-203	-0	-0	-0	-0	300	0	200	-0
512	-0	-0	-0	1506	0	-203	-0	-13.58	351.47	10.43	2347.75	0	-166.74	419.42	-0	-0	-0	903	0	-403	-0	-0	-0	-0	300	0	-203	-0	0	0	0	300	0	200	0
513	-0	-0	-0	1506	0	-203	-0	-12.46	351.16	10.75	2345.8	0	-167.84	286.62	-0	-0	-0	903	0	-403	-0	-0	-0	-0	300	0	-203	-0	-0	-0	-0	300	0	200	-0
514	-0	-0	-0	1506	0	-203	-0	-11.19	352.41	10.91	2347.62	0	-168.8	537.34	-0	-0	-0	903	0	-403	-0	-0	-0	-0	300	0	-203	-0	-0	-0	-0	300	0	200	-0
515	-0	-0	-0	1506	0	-203	-0	-10.07	350.53	9.95	2349.77	0	-168.32	367.33	-0	-0	-0	903	0	-403	-0	-0	-0	-0	300	0	-203	-0	0	0	0	300	0	200	0
516	-0	-0	-0	1506	0	-203	-0	-9.75	351.16	11.07	2349.03	0	-168.23	445.5	-0	-0	-0	903	0	-403	-0	-0	-0	-0	300	0	-203	-0	-0	-0	-0	300	0	200	-0
517	-0	-0	-0	1506	0	-203	-0	-8.31	350.85	10.75	2349.61	0	-169.42	347.52	-0	-0	-0	903	0	-403	-0	-0	-0	-0	300	0	-203	-0	-0	-0	-0	300	0	200	-0
518	-0	-0	-0	1506	0	-203	-0	-5.91	352.73	11.07	2350.08	0	-169.55	660.96	-0	-0	-0	903	0	-403	-0	-0	-0	-0	300	0	-203	-0	0	0	0	300	0	200	0
519	-0	-0	-0	1506	0	-203	-0	-5.11	350.53	9.63	2353.66	0	-169.44	284.98	-0	-0	-0	903	0	-403	-0	0	0	0	300	0	-203	0	-0	-0	-0	300	0	200	-0
520	-0	-0	-0	1506	0	-203	-0	-4.47	354.91	10.43	2351.08	0	-169.53	221.13	-0	-0	-0	903	0	-403	-0	-0	-0	-0	300	0	-203	-0	-0	-0	-0	300	0	200	-0
521	-0	-0	-0	1506	0	-203	-0	-3.19	357.73	10.27	2353.02	0	-169.92	266.61	0	0	0	903	0	-403	0	-0	-0	-0	300	0	-203	-0	-0	-0	-0	300	0	200	-0
522	-0	-0	-0	1506	0	-203	-0	-2.71	361.17	10.11	2352.32	0	-170.37	369.69	-0	-0	-0	903	0	-403	-0	-0	-0	-0	300	0	-203	-0	-0	-0	-0	300	0	200	-0
523	-0	-0	-0	1506	0	-203	-0	-1.27	361.79	9.47	2354.16	0	-169.88	-114.11	-0	-0	-0	903	0	-403	-0	-0	-0	-0	300	0	-203	-0	-0	-0	-0	300	0	200	-0
524	-0	-0	-0	1506	0	-203	-0	0.49	365.23	10.43	2355.68	0	-170.18	97.69	0	0	0	903	0	-403	0	-0	-0	-0	300	0	-203	-0	-0	-0	-0	300	0	200	-0
525	-0	-0	-0	1506	0	-203	-0	1.29	368.05	9.47	2356.45	0	-169.84	-23.6	-0	-0	-0	903	0	-403	-0	-0	-0	-0	300	0	-203	-0	-0	-0	-0	300	0	200	-0
526	-0	-0	-0	1506	0	-203	-0	3.2	375.55	10.75	2355.42	0	-169.54	191.33	-0	-0	-0	903	0	-403	-0	-0	-0	-0	300	0	-203	-0	0	0	0	300	0	200	0
527	-0	-0	-0	1506	0	-203	-0	6.08	377.12	11.07	2355.92	0	-170.34	133.49	-0	-0	-0	903	0	-403	-0	-0	-0	-0	300	0	-203	-0	-0	-0	-0	300	0	200	-0
528	-0	-0	-0	1506	0	-203	-0	6.56	380.56	10.59	2357.86	0	-171.19	-51.19	-0	-0	-0	903	0	-403	-0	-0	-0	-0	300	0	-203	-0	-0	-0	-0	300	0	200	-0
529	-0	-0	-0	1506	0	-203	-0	8	387.12	11.23	2357.21	0	-170.59	94.94	-0	-0	-0	903	0	-403	-0	-0	-0	-0	300	0	-203	-0	-0	-0	-0	300	0	200	-0
530	-0	-0	-0	1506	0	-203	-0	8.48	394.63	10.6	2355.72	0	-170.33	-205.38	-0	-0	-0	903	0	-403	-0	-0	-0	-0	300	0	-203	-0	-0	-0	-0	300	0	200	-0
531	-0	-0	-0	1506	0	-203	-0	11.52	399.01	12.19	2356.51	0	-170.69	211.5	-0	-0	-0	903	0	-403	-0	-0	-0	-0	300	0	-203	-0	-0	-0	-0	300	0	200	-0
532	-0	-0	-0	1506	0	-203	-0	13.44	407.76	13.15	2356.95	0	-170.35	388.31	-0	-0	-0	903	0	-403	-0	-0	-0	-0	300	0	-203	-0	0	0	0	300	0	200	0
533	-0	-0	-0	1506	0	-203	-0	15.99	411.51	12.52	2357.72	0	-170.73	-79.8	-0	-0	-0	903	0	-403	-0	-0	-0	-0	300	0	-203	-0	-0	-0	-0	300	0	200	-0
534	-0	-0	-0	1506	0	-203	-0	18.23	418.71	13.8	2357.74	0	-171.05	18.79	0	0	0	903	0	-403	0	-0	-0	-0	300	0	-203	-0	-0	-0	-0	300	0	200	-0
535	-0	-0	-0	1506	0	-203	-0	20.95	424.96	13.64	2359.39	0	-170.66	340.98	-0	-0	-0	903	0	-403	-0	-0	-0	-0	300	0	-203	-0	-0	-0	-0	300	0	200	-0
536	-0	-0	-0	1506	0	-203	-0	22.71	434.65	13.96	2358.46	0	-169.71	374.17	-0	-0	-0	903	0	-403	-0	-0	-0	-0	300	0	-203	-0	-0	-0	-0	300	0	200	-0
537	-0	-0	-0	1506	0	-203	-0	24.95	439.65	13.32	2359.85	0	-169.48	77.03	-0	-0	-0	903	0	-403	-0	-0	-0	-0	300	0	-203	-0	-0	-0	-0	300	0	200	-0
538	-0	-0	-0	1506	0	-203	-0	27.99	448.41	14.43	2360.02	0	-169.68	646.71	-0	-0	-0	903	0	-403	-0	-0	-0	-0	300	0	-203	-0	-0	-0	-0	300	0	200	-0
539	-0	-0	-0	1506	0	-203	-0	30.39	454.97	12.36	2360.91	0	-168.65	115.8	-0	-0	-0	903	0	-403	-0	-0	-0	-0	300	0	-203	-0	-0	-0	-0	300	0	200	-0
540	-0	-0	-0	1506	0	-203	-0	31.98	466.23	13	2359.82	0	-168.61	155.63	-0	-0	-0	903	0	-403	-0	-0	-0	-0	300	0	-203	-0	-0	-0	-0	300	0	200	-0
541	-0	-0	-0	1506	0	-203	-0	34.7	474.04	13.48	2362.17	0	-168.74	614.26	-0	-0	-0	903	0	-403	-0	-0	-0	-0	300	0	-203	-0	-0	-0	-0	300	0	200	-0
542	-0	-0	-0	1506	0	-203	-0	37.26	486.23	12.04	2360.83	0	-168.59	403.42	-0	-0	-0	903	0	-403	-0	-0	-0	-0	300	0	-203	-0	-0	-0	-0	300	0	200	-0
543	-0	-0	-0	1506	0	-203	-0	39.34	493.74	11.72	2362.27	0	-167.78	243.36	-0	-0	-0	903	0	-403	-0	-0	-0	-0	300	0	-203	-0	-0	-0	-0	300	0	200	-0
544	-0	-0	-0	1506	0	-203	-0	42.22	506.24	12.36	2361.72	0	-167.85	210.97	-0	-0	-0	903	0	-403	-0	0	0	0	300	0	-203	0	-0	-0	-0	300	0	200	-0
545	-0	-0	-0	1506	0	-203	-0	45.42	516.55	11.72	2362.67	0	-166.94	405.56	0	0	0	903	0	-403	0	0	0	0	300	0	-203	0	-0	-0	-0	300	0	200	-0
546	-0	-0	-0	1506	0	-203	-0	46.7	527.81	11.72	2363.53	0	-166.29	479.9	-0	-0	-0	903	0	-403	-0	0	0	0	300	0	-203	0	0	0	0	300	0	200	0
547	-0	-0	-0	1506	0	-203	-0	49.25	538.13	12.36	2362.72	0	-167.01	523.22	-0	-0	-0	903	0	-403	-0	-0	-0	-0	300	0	-203	-0	-0	-0	-0	300	0	200	-0
548	-0	-0	-0	1506	0	-203	-0	52.77	549.7	13.32	2363.49	0	-166.8	780.01	-0	-0	-0	903	0	-403	-0	-0	-0	-0	300	0	-203	-0	-0	-0	-0	300	0	200	-0
549	-0	-0	-0	1506	0	-203	-0	55.65	560.01	12.52	2363.85	0	-166.4	717.24	-0	-0	-0	903	0	-403	-0	-0	-0	-0	300	0	-203	-0	-0	-0	-0	300	0	200	-0
550	-0	-0	-0	1506	0	-203	-0	58.85	571.58	13.96	2363.01	0	-165.65	584.91	0	0	0	903	0	-403	0	-0	-0	-0	300	0	-203	-0	-0	-0	-0	300	0	200	-0
551	-0	-0	-0	1506	0	-203	-0	61.89	583.47	14.76	2362.59	0	-166.6	893.49	-0	-0	-0	903	0	-403	-0	0	0	0	300	0	-203	0	-0	-0	-0	300	0	200	-0
552	-0	-0	-0	1506	0	-203	-0	65.88	590.03	15.56	2363.59	0	-166.12	1164.23	-0	-0	-0	903	0	-403	-0	0	0	0	300	0	-203	0	-0	-0	-0	300	0	200	-0
553	-0	-0	-0	1506	0	-203	-0	68.44	598.78	16.36	2363.41	0	-165.97	909.39	0	0	0	903	0	-403	0	0	0	0	300	0	-203	0	-0	-0	-0	300	0	200	-0
554	-0	-0	-0	1506	0	-203	-0	72.44	604.72	17.48	2365.27	0	-166.06	1148.91	-0	-0	-0	903	0	-403	-0	-0	-0	-0	300	0	-203	-0	-0	-0	-0	300	0	200	-0
555	-0	-0	-0	1506	0	-203	-0	76.28	613.17	17.32	2364.59	0	-165.91	1141.62	-0	-0	-0	903	0	-403	-0	-0	-0	-0	300	0	-203	-0	-0	-0	-0	300	0	200	-0
556	-0	-0	-0	1506	0	-203	-0	78.19	621.92	19.08	2363.35	0	-165.21	1422.15	-0	-0	-0	903	0	-403	-0	-0	-0	-0	300	0	-203	-0	0	0	0	300	0	200	0
557	-0	-0	-0	1506	0	-203	-0	82.19	624.11	19.24	2364.87	0	-165.52	1340.89	0	0	0	903	0	-403	0	-0	-0	-0	300	0	-203	-0	-0	-0	-0	300	0	200	-0
558	-0	-0	-0	1506	0	-203	-0	86.03	629.42	19.56	2365.09	0	-165.51	1499.65	-0	-0	-0	903	0	-403	-0	0	0	0	300	0	-203	0	-0	-0	-0	300	0	200	-0
559	-0	-0	-0	1506	0	-203	-0	89.87	632.55	19.24	2365.9	0	-165.13	1396.38	-0	-0	-0	903	0	-403	-0	-0	-0	-0	300	0	-203	-0	-0	-0	-0	300	0	200	-0
560	-0	-0	-0	1506	0	-203	-0	91.94	636.92	20.04	2365.46	0	-164.98	1653.37	-0	-0	-0	903	0	-403	-0	-0	-0	-0	300	0	-203	-0	-0	-0	-0	300	0	200	-0
561	-0	-0	-0	1506	0	-203	-0	96.1	640.68	21	2365.64	0	-165.36	1845.81	-0	-0	-0	903	0	-403	-0	-0	-0	-0	300	0	-203	-0	-0	-0	-0	300	0	200	-0
562	-0	-0	-0	1506	0	-203	-0	98.5	644.11	21.16	2366.49	0	-165.03	2024.57	-0	-0	-0	903	0	-403	-0	0	0	0	300	0	-203	0	0	0	0	300	0	200	0
563	-0	-0	-0	1506	0	-203	-0	101.86	644.43	21	2365.93	0	-164.53	1717.71	-0	-0	-0	903	0	-403	-0	-0	-0	-0	300	0	-203	-0	-0	-0	-0	300	0	200	-0
564	-0	-0	-0	1506	0	-203	-0	104.89	648.5	22.6	2365.42	0	-165.3	2047.12	-0	-0	-0	903	0	-403	-0	-0	-0	-0	300	0	-203	-0	-0	-0	-0	300	0	200	-0
565	-0	-0	-0	1506	0	-203	-0	108.09	646.3	22.59	2366.81	0	-165.11	2308.9	-0	-0	-0	903	0	-403	-0	0	0	0	300	0	-203	0	-0	-0	-0	300	0	200	-0
566	-0	-0	-0	1506	0	-203	-0	110.49	648.49	23.72	2366.02	0	-164.63	2294.65	-0	-0	-0	903	0	-403	-0	0	0	0	300	0	-203	0	-0	-0	-0	300	0	200	-0
567	-0	-0	-0	1506	0	-203	-0	114.01	646.93	25	2365.65	0	-164.62	2298.24	-0	-0	-0	903	0	-403	-0	0	0	0	300	0	-203	0	-0	-0	-0	300	0	200	-0
568	-0	-0	-0	1506	0	-203	-0	116.88	644.43	26.59	2367.25	0	-164.82	2944.27	0	0	0	903	0	-403	0	-0	-0	-0	300	0	-203	-0	0	0	0	300	0	200	0
569	-0	-0	-0	1506	0	-203	-0	120.72	638.48	26.27	2368.08	0	-164.54	2665.93	-0	-0	-0	903	0	-403	-0	-0	-0	-0	300	0	-203	-0	-0	-0	-0	300	0	200	-0
570	-0	-0	-0	1506	0	-203	-0	124.08	635.36	28.03	2367.05	0	-164.46	2722.19	-0	-0	-0	903	0	-403	-0	-0	-0	-0	300	0	-203	-0	-0	-0	-0	300	0	200	-0
571	-0	-0	-0	1506	0	-203	-0	127.75	634.11	30.43	2366.25	0	-165.38	3101.58	-0	-0	-0	903	0	-403	-0	0	0	0	300	0	-203	0	-0	-0	-0	300	0	200	-0
572	-0	-0	-0	1506	0	-203	-0	131.59	627.23	31.07	2366.98	0	-165.28	3194.19	-0	-0	-0	903	0	-403	-0	0	0	0	300	0	-203	0	-0	-0	-0	300	0	200	-0
573	-0	-0	-0	1506	0	-203	-0	136.55	616.92	31.07	2367.11	0	-164.82	2701.2	-0	-0	-0	903	0	-403	-0	-0	-0	-0	300	0	-203	-0	0	0	0	300	0	200	0
574	-0	-0	-0	1506	0	-203	-0	139.42	607.85	33.47	2367.38	0	-164.74	3174.65	-0	-0	-0	903	0	-403	-0	-0	-0	-0	300	0	-203	-0	-0	-0	-0	300	0	200	-0
575	-0	-0	-0	1506	0	-203	-0	144.38	598.47	33.15	2367.02	0	-164.92	3407.73	-0	-0	-0	903	0	-403	-0	-0	-0	-0	300	0	-203	-0	-0	-0	-0	300	0	200	-0
576	-0	-0	-0	1506	0	-203	-0	151.26	585.02	34.1	2367.64	0	-164.41	4186.56	-0	-0	-0	903	0	-403	-0	-0	-0	-0	300	0	-203	-0	-0	-0	-0	300	0	200	-0
577	-0	-0	-0	1506	0	-203	-0	154.77	572.83	35.7	2366.99	0	-164.17	4352.53	0	0	0	903	0	-403	0	-0	-0	-0	300	0	-203	-0	-0	-0	-0	300	0	200	-0
578	-0	-0	-0	1506	0	-203	-0	158.45	557.82	38.1	2366.4	0	-164.66	4959.67	-0	-0	-0	903	0	-403	-0	-0	-0	-0	300	0	-203	-0	-0	-0	-0	300	0	200	-0
579	-0	-0	-0	1506	0	-203	-0	158.45	537.8	37.3	2367.37	0	-163.72	4736.59	-0	-0	-0	903	0	-403	-0	0	0	0	300	0	-203	0	0	0	0	300	0	200	0
580	-0	-0	-0	1506	0	-203	-0	157.65	514.66	33.29	2367.49	0	-162.46	3975.98	-0	-0	-0	903	0	-403	-0	-0	-0	-0	300	0	-203	-0	-0	-0	-0	300	0	200	-0
581	-0	-0	-0	1506	0	-203	-0	155.25	489.65	30.41	2365.9	0	-163.11	3925.32	-0	-0	-0	903	0	-403	-0	-0	-0	-0	300	0	-203	-0	-0	-0	-0	300	0	200	-0
582	-0	-0	-0	1506	0	-203	-0	151.57	459.94	28.16	2368.1	0	-162.15	4184.73	0	0	0	903	0	-403	0	-0	-0	-0	300	0	-203	-0	-0	-0	-0	300	0	200	-0
583	-0	-0	-0	1506	0	-203	-0	148.06	428.67	23.68	2369.39	0	-161.06	3740.64	-0	-0	-0	903	0	-403	-0	-0	-0	-0	300	0	-203	-0	-0	-0	-0	300	0	200	-0
584	-0	-0	-0	1506	0	-203	-0	143.26	393.64	20.47	2369.41	0	-160.94	3667.38	-0	-0	-0	903	0	-403	-0	-0	-0	-0	300	0	-203	-0	-0	-0	-0	300	0	200	-0
585	-0	-0	-0	1506	0	-203	-0	137.18	360.19	16.31	2366.91	0	-160.59	3262.81	-0	-0	-0	903	0	-403	-0	-0	-0	-0	300	0	-203	-0	-0	-0	-0	300	0	200	-0
586	-0	-0	-0	1506	0	-203	-0	127.27	320.47	14.23	2367.91	0	-158.78	3345.91	0	0	0	903	0	-403	0	-0	-0	-0	300	0	-203	-0	-0	-0	-0	300	0	200	-0
587	-0	-0	-0	1506	0	-203	-0	118	278.26	10.38	2367.6	0	-157.43	2599.46	-0	-0	-0	903	0	-403	-0	-0	-0	-0	300	0	-203	-0	-0	-0	-0	300	0	200	-0
588	-0	-0	-0	1506	0	-203	-0	107.61	234.8	7.18	2369.39	0	-156.81	2172.52	-0	-0	-0	903	0	-403	-0	-0	-0	-0	300	0	-203	-0	-0	-0	-0	300	0	200	-0
589	-0	-0	-0	1506	0	-203	-0	95.13	192.27	6.06	2371.17	0	-154.63	2419.53	-0	-0	-0	903	0	-403	-0	-0	-0	-0	300	0	-203	-0	-0	-0	-0	300	0	200	-0
590	-0	-0	-0	1506	0	-203	-0	82.18	150.69	4.94	2367.58	0	-151.3	1923.6	-0	-0	-0	903	0	-403	-0	-0	-0	-0	300	0	-203	-0	-0	-0	-0	300	0	200	-0
591	-0	-0	-0	1506	0	-203	-0	69.55	110.98	3.82	2371.8	0	-150.47	1886.72	-0	-0	-0	903	0	-403	-0	-0	-0	-0	300	0	-203	-0	-0	-0	-0	300	0	200	-0
592	-0	-0	-0	1506	0	-203	-0	51.81	77.84	3.5	2369.9	0	-143.65	1920.07	-0	-0	-0	903	0	-403	-0	0	0	0	300	0	-203	0	-0	-0	-0	300	0	200	-0
593	-0	-0	-0	1506	0	-203	-0	36.62	47.2	2.71	2372.77	0	-128.06	1282.97	-0	-0	-0	903	0	-403	-0	-0	-0	-0	300	0	-203	-0	-0	-0	-0	300	0	200	-0
594	-0	-0	-0	1506	0	-203	-0	25.9	26.88	3.51	2369.23	0	-124.3	1521.48	-0	-0	-0	903	0	-403	-0	-0	-0	-0	300	0	-203	-0	-0	-0	-0	300	0	200	-0
595	-0	-0	-0	1506	0	-203	-0	-0	-0	-0	2109	0	-203	-0	-0	-0	-0	903	0	-403	-0	-0	-0	-0	300	0	-203	-0	-0	-0	-0	300	0	200	-0
596	-0	-0	-0	1506	0	-203	-0	-0	-0	-0	2109	0	-203	-0	-0	-0	-0	903	0	-403	-0	-0	-0	-0	300	0	-203	-0	-0	-0	-0	300	0	200	-0
597	-0	-0	-0	1506	0	-203	-0	-0	-0	-0	2109	0	-203	-0	0	0	0	903	0	-403	0	-0	-0	-0	300	0	-203	-0	-0	-0	-0	300	0	200	-0
598	-0	-0	-0	1506	0	-203	-0	-0	-0	-0	2109	0	-203	-0	-0	-0	-0	903	0	-403	-0	-0	-0	-0	300	0	-203	-0	-0	-0	-0	300	0	200	-0
599	-0	-0	-0	1506	0	-203	-0	-0	-0	-0	2109	0	-203	-0	-0	-0	-0	903	0	-403	-0	-0	-0	-0	300	0	-203	-0	-0	-0	-0	300	0	200	-0
600	-0	-0	-0	1506	0	-203	-0	-0	-0	-0	2109	0	-203	-0	-0	-0	-0	903	0	-403	-0	-0	-0	-0	300	0	-203	-0	-0	-0	-0	300	0	200	-0
601	-0	-0	-0	1506	0	-203	-0	-0	-0	-0	2109	0	-203	-0	-0	-0	-0	903	0	-403	-0	-0	-0	-0	300	0	-203	-0	-0	-0	-0	300	0	200	-0
602	-0	-0	-0	1506	0	-203	-0	-0	-0	-0	2109	0	-203	-0	-0	-0	-0	903	0	-403	-0	0	0	0	300	0	-203	0	0	0	0	300	0	200	0
603	-0	-0	-0	1506	0	-203	-0	-0	-0	-0	2109	0	-203	-0	-0	-0	-0	903	0	-403	-0	-0	-0	-0	300	0	-203	-0	-0	-0	-0	300	0	200	-0
604	-0	-0	-0	1506	0	-203	-0	-0	-0	-0	2109	0	-203	-0	-0	-0	-0	903	0	-403	-0	0	0	0	300	0	-203	0	-0	-0	-0	300	0	200	-0
605	-0	-0	-0	1506	0	-203	-0	-0	-0	-0	2109	0	-203	-0	-0	-0	-0	903	0	-403	-0	-0	-0	-0	300	0	-203	-0	-0	-0	-0	300	0	200	-0
606	-0	-0	-0	1506	0	-203	-0	-0	-0	-0	2109	0	-203	-0	-0	-0	-0	903	0	-403	-0	-0	-0	-0	300	0	-203	-0	-0	-0	-0	300	0	200	-0
607	-0	-0	-0	1506	0	-203	-0	-0	-0	-0	2109	0	-203	-0	-0	-0	-0	903	0	-403	-0	-0	-0	-0	300	0	-203	-0	-0	-0	-0	300	0	200	-0
608	-0	-0	-0	1506	0	-203	-0	-0	-0	-0	2109	0	-203	-0	-0	-0	-0	903	0	-403	-0	-0	-0	-0	300	0	-203	-0	-0	-0	-0	300	0	200	-0
609	-0	-0	-0	1506	0	-203	-0	-0	-0	-0	2109	0	-203	-0	0	0	0	903	0	-403	0	-0	-0	-0	300	0	-203	-0	-0	-0	-0	300	0	200	-0
610	-0	-0	-0	1506	0	-203	-0	-0	-0	-0	2109	0	-203	-0	-0	-0	-0	903	0	-403	-0	-0	-0	-0	300	0	-203	-0	0	0	0	300	0	200	0
611	-0	-0	-0	1506	0	-203	-0	-0	-0	-0	2109	0	-203	-0	-0	-0	-0	903	0	-403	-0	0	0	0	300	0	-203	0	-0	-0	-0	300	0	200	-0
612	-0	-0	-0	1506	0	-203	-0	-0	-0	-0	2109	0	-203	-0	-0	-0	-0	903	0	-403	-0	0	0	0	300	0	-203	0	-0	-0	-0	300	0	200	-0
613	-0	-0	-0	1506	0	-203	-0	-0	-0	-0	2109	0	-203	-0	-0	-0	-0	903	0	-403	-0	-0	-0	-0	300	0	-203	-0	-0	-0	-0	300	0	200	-0
614	-0	-0	-0	1506	0	-203	-0	-0	-0	-0	2109	0	-203	-0	-0	-0	-0	903	0	-403	-0	-0	-0	-0	300	0	-203	-0	-0	-0	-0	300	0	200	-0
615	-0	-0	-0	1506	0	-203	-0	-0	-0	-0	2109	0	-203	-0	-0	-0	-0	903	0	-403	-0	-0	-0	-0	300	0	-203	-0	-0	-0	-0	300	0	200	-0
616	-0	-0	-0	1506	0	-203	-0	-0	-0	-0	2109	0	-203	-0	-0	-0	-0	903	0	-403	-0	-0	-0	-0	300	0	-203	-0	-0	-0	-0	300	0	200	-0
617	-0	-0	-0	1506	0	-203	-0	-0	-0	-0	2109	0	-203	-0	-0	-0	-0	903	0	-403	-0	-0	-0	-0	300	0	-203	-0	-0	-0	-0	300	0	200	-0
618	-0	-0	-0	1506	0	-203	-0	-0	-0	-0	2109	0	-203	-0	-0	-0	-0	903	0	-403	-0	-0	-0	-0	300	0	-203	-0	-0	-0	-0	300	0	200	-0
619	-0	-0	-0	1506	0	-203	-0	-0	-0	-0	2109	0	-203	-0	-0	-0	-0	903	0	-403	-0	-0	-0	-0	300	0	-203	-0	-0	-0	-0	300	0	200	-0
620	-0	-0	-0	1506	0	-203	-0	-0	-0	-0	2109	0	-203	-0	-0	-0	-0	903	0	-403	-0	-0	-0	-0	300	0	-203	-0	-0	-0	-0	300	0	200	-0
621	-0	-0	-0	1506	0	-203	-0	-0	-0	-0	2109	0	-203	-0	-0	-0	-0	903	0	-403	-0	0	0	0	300	0	-203	0	-0	-0	-0	300	0	200	-0
622	-0	-0	-0	1506	0	-203	-0	-0	-0	-0	2109	0	-203	-0	-0	-0	-0	903	0	-403	-0	-0	-0	-0	300	0	-203	-0	-0	-0	-0	300	0	200	-0
623	-0	-0	-0	1506	0	-203	-0	-0	-0	-0	2109	0	-203	-0	-0	-0	-0	903	0	-403	-0	0	0	0	300	0	-203	0	-0	-0	-0	300	0	200	-0
624	-0	-0	-0	1506	0	-203	-0	-0	-0	-0	2109	0	-203	-0	-0	-0	-0	903	0	-403	-0	0	0	0	300	0	-203	0	-0	-0	-0	300	0	200	-0
625	-0	-0	-0	1506	0	-203	-0	-0	-0	-0	2109	0	-203	-0	-0	-0	-0	903	0	-403	-0	-0	-0	-0	300	0	-203	-0	-0	-0	-0	300	0	200	-0
626	-0	-0	-0	1506	0	-203	-0	-0	-0	-0	2109	0	-203	-0	-0	-0	-0	903	0	-403	-0	-0	-0	-0	300	0	-203	-0	-0	-0	-0	300	0	200	-0
627	-0	-0	-0	1506	0	-203	-0	-0	-0	-0	2109	0	-203	-0	-0	-0	-0	903	0	-403	-0	-0	-0	-0	300	0	-203	-0	-0	-0	-0	300	0	200	-0
628	-0	-0	-0	1506	0	-203	-0	-0	-0	-0	2109	0	-203	-0	-0	-0	-0	903	0	-403	-0	-0	-0	-0	300	0	-203	-0	-0	-0	-0	300	0	200	-0
