Time	Fx1	Fy1	Fz1	COPx1	COPy1	COPz1	Ty1	Fx2	Fy2	Fz2	COPx2	COPy2	COPz2	Ty2	Fx3	Fy3	Fz3	COPx3	COPy3	COPz3	Ty3	Fx4	Fy4	Fz4	COPx4	COPy4	COPz4	Ty4	Fx5	Fy5	Fz5	COPx5	COPy5	COPz5	Ty5
1	0	0	0	1506	0	-203	0	0	0	0	2109	0	-203	0	0	0	0	903	0	-403	0	0	0	0	300	0	-203	0	0	0	0	300	0	200	0
2	-0	-0	-0	1506	0	-203	-0	-0	-0	-0	2109	0	-203	-0	-0	-0	-0	903	0	-403	-0	-0	-0	-0	300	0	-203	-0	-0	-0	-0	300	0	200	-0
3	-0	-0	-0	1506	0	-203	-0	-0	-0	-0	2109	0	-203	-0	0	0	0	903	0	-403	0	-0	-0	-0	300	0	-203	-0	-0	-0	-0	300	0	200	-0
4	-0	-0	-0	1506	0	-203	-0	-0	-0	-0	2109	0	-203	-0	-0	-0	-0	903	0	-403	-0	-0	-0	-0	300	0	-203	-0	-0	-0	-0	300	0	200	-0
5	-0	-0	-0	1506	0	-203	-0	-0	-0	-0	2109	0	-203	-0	-0	-0	-0	903	0	-403	-0	-0	-0	-0	300	0	-203	-0	-0	-0	-0	300	0	200	-0
6	-0	-0	-0	1506	0	-203	-0	-0	-0	-0	2109	0	-203	-0	-0	-0	-0	903	0	-403	-0	-0	-0	-0	300	0	-203	-0	-0	-0	-0	300	0	200	-0
7	-0	-0	-0	1506	0	-203	-0	-0	-0	-0	2109	0	-203	-0	-0	-0	-0	903	0	-403	-0	-0	-0	-0	300	0	-203	-0	-0	-0	-0	300	0	200	-0
8	-0	-0	-0	1506	0	-203	-0	-0	-0	-0	2109	0	-203	-0	-0	-0	-0	903	0	-403	-0	-0	-0	-0	300	0	-203	-0	-0	-0	-0	300	0	200	-0
9	-0	-0	-0	1506	0	-203	-0	-0	-0	-0	2109	0	-203	-0	-0	-0	-0	903	0	-403	-0	-0	-0	-0	300	0	-203	-0	0	0	0	300	0	200	0
10	-0	-0	-0	1506	0	-203	-0	-0	-0	-0	2109	0	-203	-0	-0	-0	-0	903	0	-403	-0	-0	-0	-0	300	0	-203	-0	0	0	0	300	0	200	0
11	-0	-0	-0	1506	0	-203	-0	-0	-0	-0	2109	0	-203	-0	-0	-0	-0	903	0	-403	-0	0	0	0	300	0	-203	0	-0	-0	-0	300	0	200	-0
12	-0	-0	-0	1506	0	-203	-0	-0	-0	-0	2109	0	-203	-0	-0	-0	-0	903	0	-403	-0	-0	-0	-0	300	0	-203	-0	-0	-0	-0	300	0	200	-0
13	-0	-0	-0	1506	0	-203	-0	-0	-0	-0	2109	0	-203	-0	-0	-0	-0	903	0	-403	-0	-0	-0	-0	300	0	-203	-0	-0	-0	-0	300	0	200	-0
14	-0	-0	-0	1506	0	-203	-0	-0	-0	-0	2109	0	-203	-0	-0	-0	-0	903	0	-403	-0	-0	-0	-0	300	0	-203	-0	-0	-0	-0	300	0	200	-0
15	-0	-0	-0	1506	0	-203	-0	-0	-0	-0	2109	0	-203	-0	-0	-0	-0	903	0	-403	-0	-0	-0	-0	300	0	-203	-0	-0	-0	-0	300	0	200	-0
16	-0	-0	-0	1506	0	-203	-0	-0	-0	-0	2109	0	-203	-0	-0	-0	-0	903	0	-403	-0	-0	-0	-0	300	0	-203	-0	-0	-0	-0	300	0	200	-0
17	-0	-0	-0	1506	0	-203	-0	-0	-0	-0	2109	0	-203	-0	-0	-0	-0	903	0	-403	-0	-0	-0	-0	300	0	-203	-0	-0	-0	-0	300	0	200	-0
18	-0	-0	-0	1506	0	-203	-0	-0	-0	-0	2109	0	-203	-0	-0	-0	-0	903	0	-403	-0	-0	-0	-0	300	0	-203	-0	-0	-0	-0	300	0	200	-0
19	-0	-0	-0	1506	0	-203	-0	-0	-0	-0	2109	0	-203	-0	0	0	0	903	0	-403	0	-0	-0	-0	300	0	-203	-0	-0	-0	-0	300	0	200	-0
20	-0	-0	-0	1506	0	-203	-0	-0	-0	-0	2109	0	-203	-0	-0	-0	-0	903	0	-403	-0	-0	-0	-0	300	0	-203	-0	-0	-0	-0	300	0	200	-0
21	-0	-0	-0	1506	0	-203	-0	-0	-0	-0	2109	0	-203	-0	-0	-0	-0	903	0	-403	-0	-0	-0	-0	300	0	-203	-0	-0	-0	-0	300	0	200	-0
22	-0	-0	-0	1506	0	-203	-0	-0	-0	-0	2109	0	-203	-0	-0	-0	-0	903	0	-403	-0	-0	-0	-0	300	0	-203	-0	-0	-0	-0	300	0	200	-0
23	-0	-0	-0	1506	0	-203	-0	-0	-0	-0	2109	0	-203	-0	-0	-0	-0	903	0	-403	-0	-0	-0	-0	300	0	-203	-0	-0	-0	-0	300	0	200	-0
24	-0	-0	-0	1506	0	-203	-0	-0	-0	-0	2109	0	-203	-0	-0	-0	-0	903	0	-403	-0	-0	-0	-0	300	0	-203	-0	-0	-0	-0	300	0	200	-0
25	-0	-0	-0	1506	0	-203	-0	-0	-0	-0	2109	0	-203	-0	-0	-0	-0	903	0	-403	-0	-0	-0	-0	300	0	-203	-0	-0	-0	-0	300	0	200	-0
26	-0	-0	-0	1506	0	-203	-0	-0	-0	-0	2109	0	-203	-0	-0	-0	-0	903	0	-403	-0	-0	-0	-0	300	0	-203	-0	-0	-0	-0	300	0	200	-0
27	-0	-0	-0	1506	0	-203	-0	-0	-0	-0	2109	0	-203	-0	-0	-0	-0	903	0	-403	-0	-0	-0	-0	300	0	-203	-0	-0	-0	-0	300	0	200	-0
28	-0	-0	-0	1506	0	-203	-0	-0	-0	-0	2109	0	-203	-0	-0	-0	-0	903	0	-403	-0	-0	-0	-0	300	0	-203	-0	-0	-0	-0	300	0	200	-0
29	-0	-0	-0	1506	0	-203	-0	-0	-0	-0	2109	0	-203	-0	-0	-0	-0	903	0	-403	-0	-0	-0	-0	300	0	-203	-0	-0	-0	-0	300	0	200	-0
30	-0	-0	-0	1506	0	-203	-0	-0	-0	-0	2109	0	-203	-0	-0	-0	-0	903	0	-403	-0	-0	-0	-0	300	0	-203	-0	-0	-0	-0	300	0	200	-0
31	-0	-0	-0	1506	0	-203	-0	-0	-0	-0	2109	0	-203	-0	-0	-0	-0	903	0	-403	-0	-0	-0	-0	300	0	-203	-0	0	0	0	300	0	200	0
32	-0	-0	-0	1506	0	-203	-0	-0	-0	-0	2109	0	-203	-0	-0	-0	-0	903	0	-403	-0	-0	-0	-0	300	0	-203	-0	-0	-0	-0	300	0	200	-0
33	-0	-0	-0	1506	0	-203	-0	-0	-0	-0	2109	0	-203	-0	-0	-0	-0	903	0	-403	-0	-0	-0	-0	300	0	-203	-0	-0	-0	-0	300	0	200	-0
34	-0	-0	-0	1506	0	-203	-0	-0	-0	-0	2109	0	-203	-0	-0	-0	-0	903	0	-403	-0	-0	-0	-0	300	0	-203	-0	-0	-0	-0	300	0	200	-0
35	-0	-0	-0	1506	0	-203	-0	-0	-0	-0	2109	0	-203	-0	-0	-0	-0	903	0	-403	-0	-0	-0	-0	300	0	-203	-0	-0	-0	-0	300	0	200	-0
36	-0	-0	-0	1506	0	-203	-0	-0	-0	-0	2109	0	-203	-0	-0	-0	-0	903	0	-403	-0	-0	-0	-0	300	0	-203	-0	-0	-0	-0	300	0	200	-0
37	-0	-0	-0	1506	0	-203	-0	-0	-0	-0	2109	0	-203	-0	-0	-0	-0	903	0	-403	-0	0	0	0	300	0	-203	0	-0	-0	-0	300	0	200	-0
38	-0	-0	-0	1506	0	-203	-0	-0	-0	-0	2109	0	-203	-0	-0	-0	-0	903	0	-403	-0	0	0	0	300	0	-203	0	-0	-0	-0	300	0	200	-0
39	-0	-0	-0	1506	0	-203	-0	-0	-0	-0	2109	0	-203	-0	-0	-0	-0	903	0	-403	-0	-0	-0	-0	300	0	-203	-0	-0	-0	-0	300	0	200	-0
40	-0	-0	-0	1506	0	-203	-0	-0	-0	-0	2109	0	-203	-0	-0	-0	-0	903	0	-403	-0	-0	-0	-0	300	0	-203	-0	-0	-0	-0	300	0	200	-0
41	-0	-0	-0	1506	0	-203	-0	-0	-0	-0	2109	0	-203	-0	-0	-0	-0	903	0	-403	-0	-0	-0	-0	300	0	-203	-0	-0	-0	-0	300	0	200	-0
42	-0	-0	-0	1506	0	-203	-0	-0	-0	-0	2109	0	-203	-0	-0	-0	-0	903	0	-403	-0	-4.21	18.46	3.67	150.59	0	-229.89	94.28	-0	-0	-0	300	0	200	-0
43	-0	-0	-0	1506	0	-203	-0	-0	-0	-0	2109	0	-203	-0	0	0	0	903	0	-403	0	-0.54	65.7	8.55	141.3	0	-228.19	-36.55	-0	-0	-0	300	0	200	-0
44	-0	-0	-0	1506	0	-203	-0	-0	-0	-0	2109	0	-203	-0	-0	-0	-0	903	0	-403	-0	2.44	212.85	20.91	139.69	0	-231.77	-233	-0	-0	-0	300	0	200	-0
45	-0	-0	-0	1506	0	-203	-0	-0	-0	-0	2109	0	-203	-0	-0	-0	-0	903	0	-403	-0	12.35	705.9	37.06	143.18	0	-233.44	381.12	-0	-0	-0	300	0	200	-0
46	-0	-0	-0	1506	0	-203	-0	-0	-0	-0	2109	0	-203	-0	-0	-0	-0	903	0	-403	-0	45.88	894.86	79.55	145.81	0	-233.86	169.76	-0	-0	-0	300	0	200	-0
47	-0	-0	-0	1506	0	-203	-0	-0	-0	-0	2109	0	-203	-0	-0	-0	-0	903	0	-403	-0	39.64	882.91	114.84	147.82	0	-234.65	134.24	-0	-0	-0	300	0	200	-0
48	-0	-0	-0	1506	0	-203	-0	-0	-0	-0	2109	0	-203	-0	-0	-0	-0	903	0	-403	-0	16.97	806.35	136.29	149.76	0	-235.43	570.83	-0	-0	-0	300	0	200	-0
49	-0	-0	-0	1506	0	-203	-0	-0	-0	-0	2109	0	-203	-0	-0	-0	-0	903	0	-403	-0	-6.38	800.92	148.37	151.35	0	-235.75	388.53	-0	-0	-0	300	0	200	-0
50	-0	-0	-0	1506	0	-203	-0	-0	-0	-0	2109	0	-203	-0	-0	-0	-0	903	0	-403	-0	-22.67	841.64	142.54	153.17	0	-235.45	854.21	-0	-0	-0	300	0	200	-0
51	-0	-0	-0	1506	0	-203	-0	-0	-0	-0	2109	0	-203	-0	-0	-0	-0	903	0	-403	-0	-42.76	923.64	130.05	154.77	0	-235.31	852.89	-0	-0	-0	300	0	200	-0
52	-0	-0	-0	1506	0	-203	-0	-0	-0	-0	2109	0	-203	-0	-0	-0	-0	903	0	-403	-0	-72.22	1007.26	114.16	157.02	0	-234.82	1493.63	-0	-0	-0	300	0	200	-0
53	-0	-0	-0	1506	0	-203	-0	-0	-0	-0	2109	0	-203	-0	-0	-0	-0	903	0	-403	-0	-102.76	1059.39	104.12	158.12	0	-234.25	1483.39	0	0	0	300	0	200	0
54	-0	-0	-0	1506	0	-203	-0	-0	-0	-0	2109	0	-203	-0	-0	-0	-0	903	0	-403	-0	-143.08	1091.42	88.64	159.88	0	-233.71	994.2	-0	-0	-0	300	0	200	-0
55	-0	-0	-0	1506	0	-203	-0	-0	-0	-0	2109	0	-203	-0	0	0	0	903	0	-403	0	-182.85	1096.31	62.44	161.99	0	-232.79	1208.99	-0	-0	-0	300	0	200	-0
56	-0	-0	-0	1506	0	-203	-0	-0	-0	-0	2109	0	-203	-0	-0	-0	-0	903	0	-403	-0	-212.31	1089.25	38.42	164.57	0	-231.49	947.06	-0	-0	-0	300	0	200	-0
57	-0	-0	-0	1506	0	-203	-0	-0	-0	-0	2109	0	-203	-0	0	0	0	903	0	-403	0	-241.22	1089.79	13.03	169.11	0	-228.92	-89.9	-0	-0	-0	300	0	200	-0
58	-0	-0	-0	1506	0	-203	-0	-0	-0	-0	2109	0	-203	-0	0	0	0	903	0	-403	0	-266.61	1119.66	-7.74	174.58	0	-226.13	-697.65	-0	-0	-0	300	0	200	-0
59	-0	-0	-0	1506	0	-203	-0	-0	-0	-0	2109	0	-203	-0	-0	-0	-0	903	0	-403	-0	-282.76	1158.21	-21.31	178.39	0	-223.84	-1570.02	-0	-0	-0	300	0	200	-0
60	-0	-0	-0	1506	0	-203	-0	-0	-0	-0	2109	0	-203	-0	-0	-0	-0	903	0	-403	-0	-300.14	1229.34	-27.15	183.82	0	-221.56	-2932.3	-0	-0	-0	300	0	200	-0
61	-0	-0	-0	1506	0	-203	-0	-0	-0	-0	2109	0	-203	-0	-0	-0	-0	903	0	-403	-0	-315.61	1309.71	-27.15	188.71	0	-220	-3701.38	-0	-0	-0	300	0	200	-0
62	-0	-0	-0	1506	0	-203	-0	-0	-0	-0	2109	0	-203	-0	-0	-0	-0	903	0	-403	-0	-332.04	1370.52	-26.06	191.56	0	-219.3	-4096.9	-0	-0	-0	300	0	200	-0
63	-0	-0	-0	1506	0	-203	-0	-0	-0	-0	2109	0	-203	-0	-0	-0	-0	903	0	-403	-0	-354.98	1443.83	-27.96	195.02	0	-218.51	-3646.92	-0	-0	-0	300	0	200	-0
64	-0	-0	-0	1506	0	-203	-0	-0	-0	-0	2109	0	-203	-0	-0	-0	-0	903	0	-403	-0	-380.77	1505.73	-33.8	198.09	0	-217.73	-3073.88	-0	-0	-0	300	0	200	-0
65	-0	-0	-0	1506	0	-203	-0	-0	-0	-0	2109	0	-203	-0	0	0	0	903	0	-403	0	-386.34	1547.54	-42.9	201.48	0	-217.06	-2465.79	-0	-0	-0	300	0	200	-0
66	-0	-0	-0	1506	0	-203	-0	-0	-0	-0	2109	0	-203	-0	-0	-0	-0	903	0	-403	-0	-386.2	1599.12	-56.47	205.64	0	-215.95	-1019.36	-0	-0	-0	300	0	200	-0
67	-0	-0	-0	1506	0	-203	-0	-0	-0	-0	2109	0	-203	-0	0	0	0	903	0	-403	0	-386.34	1650.71	-68.01	209.31	0	-214.9	212.59	-0	-0	-0	300	0	200	-0
68	-0	-0	-0	1506	0	-203	-0	-0	-0	-0	2109	0	-203	-0	0	0	0	903	0	-403	0	-386.48	1697.95	-84.3	212.44	0	-214.21	35.98	-0	-0	-0	300	0	200	-0
69	-0	-0	-0	1506	0	-203	-0	-0	-0	-0	2109	0	-203	-0	0	0	0	903	0	-403	0	-386.75	1757.14	-84.98	214.68	0	-213.86	-878.05	0	0	0	300	0	200	0
70	-0	-0	-0	1506	0	-203	-0	-0	-0	-0	2109	0	-203	-0	-0	-0	-0	903	0	-403	-0	-387.02	1818.49	-84.57	216.07	0	-213.59	-1950.87	-0	-0	-0	300	0	200	-0
71	-0	-0	-0	1506	0	-203	-0	-0	-0	-0	2109	0	-203	-0	-0	-0	-0	903	0	-403	-0	-387.29	1867.91	-70.05	216.59	0	-213.66	-4269.08	-0	-0	-0	300	0	200	-0
72	-0	-0	-0	1506	0	-203	-0	-0	-0	-0	2109	0	-203	-0	-0	-0	-0	903	0	-403	-0	-387.7	1927.64	-62.58	216.77	0	-213.9	-5366.74	-0	-0	-0	300	0	200	-0
73	-0	-0	-0	1506	0	-203	-0	-0	-0	-0	2109	0	-203	-0	-0	-0	-0	903	0	-403	-0	-388.24	1984.65	-53.76	217.12	0	-214.02	-6674.77	-0	-0	-0	300	0	200	-0
74	-0	-0	-0	1506	0	-203	-0	-0	-0	-0	2109	0	-203	-0	-0	-0	-0	903	0	-403	-0	-388.51	2027	-56.34	217.47	0	-213.11	-6636.38	-0	-0	-0	300	0	200	-0
75	-0	-0	-0	1506	0	-203	-0	-0	-0	-0	2109	0	-203	-0	-0	-0	-0	903	0	-403	-0	-388.78	2065.56	-62.31	218.1	0	-212.95	-5881.21	-0	-0	-0	300	0	200	-0
76	-0	-0	-0	1506	0	-203	-0	-0	-0	-0	2109	0	-203	-0	0	0	0	903	0	-403	0	-388.92	2096.51	-71	218.79	0	-212.71	-5730.85	-0	-0	-0	300	0	200	-0
77	-0	-0	-0	1506	0	-203	-0	-0	-0	-0	2109	0	-203	-0	0	0	0	903	0	-403	0	-389.05	2110.63	-79.96	219.42	0	-212.48	-5400.82	-0	-0	-0	300	0	200	-0
78	-0	-0	-0	1506	0	-203	-0	-0	-0	-0	2109	0	-203	-0	-0	-0	-0	903	0	-403	-0	-389.05	2123.12	-82.94	219.97	0	-211.93	-5388.68	-0	-0	-0	300	0	200	-0
79	-0	-0	-0	1506	0	-203	-0	-0	-0	-0	2109	0	-203	-0	-0	-0	-0	903	0	-403	-0	-388.92	2130.72	-87.42	220.8	0	-211.43	-5842.18	-0	-0	-0	300	0	200	-0
80	-0	-0	-0	1506	0	-203	-0	-0	-0	-0	2109	0	-203	-0	0	0	0	903	0	-403	0	-389.19	2131.8	-83.35	221.24	0	-211.14	-6487.86	-0	-0	-0	300	0	200	-0
81	-0	-0	-0	1506	0	-203	-0	-0	-0	-0	2109	0	-203	-0	0	0	0	903	0	-403	0	-388.65	2131.26	-85.66	222.21	0	-210.51	-6446.51	-0	-0	-0	300	0	200	-0
82	-0	-0	-0	1506	0	-203	-0	-0	-0	-0	2109	0	-203	-0	-0	-0	-0	903	0	-403	-0	-378.47	2128	-84.84	223.81	0	-210	-6593.84	-0	-0	-0	300	0	200	-0
83	-0	-0	-0	1506	0	-203	-0	-0	-0	-0	2109	0	-203	-0	-0	-0	-0	903	0	-403	-0	-376.16	2117.69	-91.63	224.91	0	-209.49	-5833.96	-0	-0	-0	300	0	200	-0
84	-0	-0	-0	1506	0	-203	-0	-0	-0	-0	2109	0	-203	-0	-0	-0	-0	903	0	-403	-0	-371.95	2105.2	-95.43	226.74	0	-208.71	-5370.52	-0	-0	-0	300	0	200	-0
85	-0	-0	-0	1506	0	-203	-0	-0	-0	-0	2109	0	-203	-0	-0	-0	-0	903	0	-403	-0	-365.98	2099.22	-101.54	228.49	0	-207.95	-4799.08	-0	-0	-0	300	0	200	-0
86	-0	-0	-0	1506	0	-203	-0	-0	-0	-0	2109	0	-203	-0	-0	-0	-0	903	0	-403	-0	-358.78	2086.73	-102.9	230.15	0	-207.34	-4598.25	-0	-0	-0	300	0	200	-0
87	-0	-0	-0	1506	0	-203	-0	-0	-0	-0	2109	0	-203	-0	-0	-0	-0	903	0	-403	-0	-343.31	2073.16	-103.44	232.17	0	-206.45	-4796.43	-0	-0	-0	300	0	200	-0
88	-0	-0	-0	1506	0	-203	-0	-0	-0	-0	2109	0	-203	-0	-0	-0	-0	903	0	-403	-0	-328.38	2055.78	-107.24	234.16	0	-205.62	-4938.36	-0	-0	-0	300	0	200	-0
89	-0	-0	-0	1506	0	-203	-0	-0	-0	-0	2109	0	-203	-0	-0	-0	-0	903	0	-403	-0	-310.86	2037.32	-106.29	235.89	0	-204.65	-4891.06	-0	-0	-0	300	0	200	-0
90	-0	-0	-0	1506	0	-203	-0	-0	-0	-0	2109	0	-203	-0	-0	-0	-0	903	0	-403	-0	-297.56	2013.97	-110.5	238.35	0	-204.4	-5350.61	0	0	0	300	0	200	0
91	-0	-0	-0	1506	0	-203	-0	-0	-0	-0	2109	0	-203	-0	-0	-0	-0	903	0	-403	-0	-281.41	1983.02	-113.49	240.49	0	-203.43	-5135.67	0	0	0	300	0	200	0
92	-0	-0	-0	1506	0	-203	-0	-0	-0	-0	2109	0	-203	-0	-0	-0	-0	903	0	-403	-0	-277.74	1956.42	-119.46	242.57	0	-202.62	-4391.46	-0	-0	-0	300	0	200	-0
93	-0	-0	-0	1506	0	-203	-0	-0	-0	-0	2109	0	-203	-0	-0	-0	-0	903	0	-403	-0	-269.19	1918.41	-120.82	245.76	0	-201.39	-4333.23	0	0	0	300	0	200	0
94	-0	-0	-0	1506	0	-203	-0	-0	-0	-0	2109	0	-203	-0	-0	-0	-0	903	0	-403	-0	-264.44	1876.59	-121.49	248.86	0	-200.06	-3856.61	-0	-0	-0	300	0	200	-0
95	-0	-0	-0	1506	0	-203	-0	-0	-0	-0	2109	0	-203	-0	-0	-0	-0	903	0	-403	-0	-256.7	1838.04	-120.27	251.54	0	-199.01	-3180.29	0	0	0	300	0	200	0
96	-0	-0	-0	1506	0	-203	-0	-0	-0	-0	2109	0	-203	-0	-0	-0	-0	903	0	-403	-0	-249.1	1792.43	-117.97	255.06	0	-197.69	-3133.98	-0	-0	-0	300	0	200	-0
97	-0	-0	-0	1506	0	-203	-0	-0	-0	-0	2109	0	-203	-0	-0	-0	-0	903	0	-403	-0	-241.5	1745.73	-116.47	258.78	0	-196.21	-2649.71	-0	-0	-0	300	0	200	-0
98	-0	-0	-0	1506	0	-203	-0	-0	-0	-0	2109	0	-203	-0	-0	-0	-0	903	0	-403	-0	-233.08	1711.52	-114.57	261.9	0	-194.89	-2289.14	-0	-0	-0	300	0	200	-0
99	-0	-0	-0	1506	0	-203	-0	-0	-0	-0	2109	0	-203	-0	-0	-0	-0	903	0	-403	-0	-226.7	1665.37	-115.25	265.51	0	-193.48	-2448.27	-0	-0	-0	300	0	200	-0
100	-0	-0	-0	1506	0	-203	-0	-0	-0	-0	2109	0	-203	-0	-0	-0	-0	903	0	-403	-0	-214.89	1624.64	-114.16	269.39	0	-191.86	-2393.51	-0	-0	-0	300	0	200	-0
101	-0	-0	-0	1506	0	-203	-0	-0	-0	-0	2109	0	-203	-0	-0	-0	-0	903	0	-403	-0	-209.87	1590.44	-115.79	272.74	0	-190.81	-2710.72	0	0	0	300	0	200	0
102	-0	-0	-0	1506	0	-203	-0	-0	-0	-0	2109	0	-203	-0	-0	-0	-0	903	0	-403	-0	-200.64	1549.71	-115.39	276.52	0	-189.21	-3136.09	-0	-0	-0	300	0	200	-0
103	-0	-0	-0	1506	0	-203	-0	-0	-0	-0	2109	0	-203	-0	-0	-0	-0	903	0	-403	-0	-193.85	1511.16	-115.39	280.61	0	-187.67	-3403.69	-0	-0	-0	300	0	200	-0
104	-0	-0	-0	1506	0	-203	-0	-0	-0	-0	2109	0	-203	-0	-0	-0	-0	903	0	-403	-0	-185.57	1476.95	-114.44	283.64	0	-186.23	-3793.8	-0	-0	-0	300	0	200	-0
105	-0	-0	-0	1506	0	-203	-0	-0	-0	-0	2109	0	-203	-0	-0	-0	-0	903	0	-403	-0	-178.64	1441.66	-113.35	287.91	0	-184.78	-4398.34	-0	-0	-0	300	0	200	-0
106	-0	-0	-0	1506	0	-203	-0	-0	-0	-0	2109	0	-203	-0	-0	-0	-0	903	0	-403	-0	-169.41	1406.36	-112.54	291.66	0	-183.31	-4462.67	-0	-0	-0	300	0	200	-0
107	-0	-0	-0	1506	0	-203	-0	-0	-0	-0	2109	0	-203	-0	-0	-0	-0	903	0	-403	-0	-164.8	1377.58	-111.86	295.13	0	-182.14	-4781.77	0	0	0	300	0	200	0
108	-0	-0	-0	1506	0	-203	-0	-0	-0	-0	2109	0	-203	-0	-0	-0	-0	903	0	-403	-0	-160.45	1351.52	-113.08	298.86	0	-180.79	-4848.11	-0	-0	-0	300	0	200	-0
109	-0	-0	-0	1506	0	-203	-0	-0	-0	-0	2109	0	-203	-0	-0	-0	-0	903	0	-403	-0	-152.99	1320.57	-110.09	302.42	0	-179.44	-4533.57	-0	-0	-0	300	0	200	-0
110	-0	-0	-0	1506	0	-203	-0	-0	-0	-0	2109	0	-203	-0	-0	-0	-0	903	0	-403	-0	-149.46	1299.93	-108.87	305.43	0	-178.32	-4446.93	-0	-0	-0	300	0	200	-0
111	-0	-0	-0	1506	0	-203	-0	-0	-0	-0	2109	0	-203	-0	-0	-0	-0	903	0	-403	-0	-142.81	1273.87	-104.66	308.81	0	-177.36	-4187.86	-0	-0	-0	300	0	200	-0
112	-0	-0	-0	1506	0	-203	-0	-0	-0	-0	2109	0	-203	-0	-0	-0	-0	903	0	-403	-0	-139.96	1255.41	-101.4	312.08	0	-176.63	-3765.55	-0	-0	-0	300	0	200	-0
113	-0	-0	-0	1506	0	-203	-0	-0	-0	-0	2109	0	-203	-0	-0	-0	-0	903	0	-403	-0	-131.27	1240.2	-95.97	314.46	0	-175.82	-3936.24	-0	-0	-0	300	0	200	-0
114	-0	-0	-0	1506	0	-203	-0	-0	-0	-0	2109	0	-203	-0	0	0	0	903	0	-403	0	-128.15	1225	-91.9	316.98	0	-175.06	-3389.07	-0	-0	-0	300	0	200	-0
115	-0	-0	-0	1506	0	-203	-0	-0	-0	-0	2109	0	-203	-0	-0	-0	-0	903	0	-403	-0	-124.21	1213.05	-88.37	319.17	0	-174.51	-3192.33	0	0	0	300	0	200	0
116	-0	-0	-0	1506	0	-203	-0	-0	-0	-0	2109	0	-203	-0	-0	-0	-0	903	0	-403	-0	-122.99	1202.74	-86.06	321.03	0	-174.1	-3220.91	-0	-0	-0	300	0	200	-0
117	-0	-0	-0	1506	0	-203	-0	-0	-0	-0	2109	0	-203	-0	-0	-0	-0	903	0	-403	-0	-120.82	1196.22	-84.44	322.97	0	-173.71	-2700.59	0	0	0	300	0	200	0
118	-0	-0	-0	1506	0	-203	-0	-0	-0	-0	2109	0	-203	-0	-0	-0	-0	903	0	-403	-0	-118.51	1186.45	-82.67	324.64	0	-173.33	-2603.96	-0	-0	-0	300	0	200	-0
119	-0	-0	-0	1506	0	-203	-0	-0	-0	-0	2109	0	-203	-0	-0	-0	-0	903	0	-403	-0	-119.32	1183.19	-82.67	325.43	0	-173.07	-2571.77	-0	-0	-0	300	0	200	-0
120	-0	-0	-0	1506	0	-203	-0	-0	-0	-0	2109	0	-203	-0	-0	-0	-0	903	0	-403	-0	-114.71	1177.22	-81.18	326.55	0	-172.8	-2193.59	-0	-0	-0	300	0	200	-0
121	-0	-0	-0	1506	0	-203	-0	-0	-0	-0	2109	0	-203	-0	-0	-0	-0	903	0	-403	-0	-110.91	1176.67	-80.23	327.73	0	-172.76	-2187.85	0	0	0	300	0	200	0
122	-0	-0	-0	1506	0	-203	-0	-0	-0	-0	2109	0	-203	-0	-0	-0	-0	903	0	-403	-0	-103.85	1171.24	-78.33	328.36	0	-172.55	-2254.85	0	0	0	300	0	200	0
123	-0	-0	-0	1506	0	-203	-0	-0	-0	-0	2109	0	-203	-0	-0	-0	-0	903	0	-403	-0	-99.23	1167.44	-77.78	328.87	0	-172.5	-1777.26	-0	-0	-0	300	0	200	-0
124	-0	-0	-0	1506	0	-203	-0	-0	-0	-0	2109	0	-203	-0	-0	-0	-0	903	0	-403	-0	-93.39	1164.18	-77.24	329.19	0	-172.25	-1647.65	-0	-0	-0	300	0	200	-0
125	-0	-0	-0	1506	0	-203	-0	-0	-0	-0	2109	0	-203	-0	-0	-0	-0	903	0	-403	-0	-90.82	1158.21	-77.65	330.08	0	-172.11	-1623.24	-0	-0	-0	300	0	200	-0
126	-0	-0	-0	1506	0	-203	-0	-0	-0	-0	2109	0	-203	-0	-0	-0	-0	903	0	-403	-0	-87.69	1152.24	-78.33	330.36	0	-172.14	-1295.53	-0	-0	-0	300	0	200	-0
127	-0	-0	-0	1506	0	-203	-0	-0	-0	-0	2109	0	-203	-0	-0	-0	-0	903	0	-403	-0	-84.16	1146.81	-78.87	330.81	0	-171.9	-1360.68	-0	-0	-0	300	0	200	-0
128	-0	-0	-0	1506	0	-203	-0	-0	-0	-0	2109	0	-203	-0	-0	-0	-0	903	0	-403	-0	-80.09	1141.92	-79.55	331.09	0	-171.91	-1193.32	-0	-0	-0	300	0	200	-0
129	-0	-0	-0	1506	0	-203	-0	-0	-0	-0	2109	0	-203	-0	-0	-0	-0	903	0	-403	-0	-75.2	1135.95	-80.5	331.69	0	-171.75	-1041.92	-0	-0	-0	300	0	200	-0
130	-0	-0	-0	1506	0	-203	-0	-0	-0	-0	2109	0	-203	-0	-0	-0	-0	903	0	-403	-0	-71.27	1128.35	-81.58	332	0	-171.27	-949.24	-0	-0	-0	300	0	200	-0
131	-0	-0	-0	1506	0	-203	-0	-0	-0	-0	2109	0	-203	-0	-0	-0	-0	903	0	-403	-0	-66.79	1127.26	-82.4	332.25	0	-171.24	-798.21	-0	-0	-0	300	0	200	-0
132	-0	-0	-0	1506	0	-203	-0	-0	-0	-0	2109	0	-203	-0	-0	-0	-0	903	0	-403	-0	-64.89	1120.74	-83.89	332.69	0	-171.2	-623.5	-0	-0	-0	300	0	200	-0
133	-0	-0	-0	1506	0	-203	-0	-0	-0	-0	2109	0	-203	-0	-0	-0	-0	903	0	-403	-0	-61.36	1118.57	-85.66	332.6	0	-170.99	-628.5	-0	-0	-0	300	0	200	-0
134	-0	-0	-0	1506	0	-203	-0	-0	-0	-0	2109	0	-203	-0	-0	-0	-0	903	0	-403	-0	-61.77	1115.31	-87.69	332.97	0	-170.8	-250.5	-0	-0	-0	300	0	200	-0
135	-0	-0	-0	1506	0	-203	-0	-0	-0	-0	2109	0	-203	-0	-0	-0	-0	903	0	-403	-0	-58.64	1112.6	-89.59	333.57	0	-170.67	-246.27	-0	-0	-0	300	0	200	-0
136	-0	-0	-0	1506	0	-203	-0	-0	-0	-0	2109	0	-203	-0	-0	-0	-0	903	0	-403	-0	-56.61	1110.43	-91.9	333.88	0	-170.48	-94.06	-0	-0	-0	300	0	200	-0
137	-0	-0	-0	1506	0	-203	-0	-0	-0	-0	2109	0	-203	-0	-0	-0	-0	903	0	-403	-0	-52.81	1112.06	-93.8	333.64	0	-170.61	203.69	-0	-0	-0	300	0	200	-0
138	-0	-0	-0	1506	0	-203	-0	-0	-0	-0	2109	0	-203	-0	-0	-0	-0	903	0	-403	-0	-47.92	1111.51	-95.16	333.85	0	-170.37	218.28	-0	-0	-0	300	0	200	-0
139	-0	-0	-0	1506	0	-203	-0	-0	-0	-0	2109	0	-203	-0	-0	-0	-0	903	0	-403	-0	-43.44	1112.6	-96.52	334.11	0	-170.4	261.27	-0	-0	-0	300	0	200	-0
140	-0	-0	-0	1506	0	-203	-0	-0	-0	-0	2109	0	-203	-0	-0	-0	-0	903	0	-403	-0	-38.42	1115.31	-98.28	334.23	0	-170.25	562.5	0	0	0	300	0	200	0
141	-0	-0	-0	1506	0	-203	-0	-0	-0	-0	2109	0	-203	-0	-0	-0	-0	903	0	-403	-0	-34.89	1119.12	-99.77	334.46	0	-170.12	701.81	-0	-0	-0	300	0	200	-0
142	-0	-0	-0	1506	0	-203	-0	-0	-0	-0	2109	0	-203	-0	-0	-0	-0	903	0	-403	-0	-28.78	1122.92	-101.68	334.32	0	-170.13	859.74	-0	-0	-0	300	0	200	-0
143	-0	-0	-0	1506	0	-203	-0	-0	-0	-0	2109	0	-203	-0	0	0	0	903	0	-403	0	-26.88	1127.26	-102.9	334.63	0	-170.14	1371.72	-0	-0	-0	300	0	200	-0
144	-0	-0	-0	1506	0	-203	-0	-0	-0	-0	2109	0	-203	-0	-0	-0	-0	903	0	-403	-0	-20.63	1133.23	-104.8	334.52	0	-170.09	1382.06	-0	-0	-0	300	0	200	-0
145	-0	-0	-0	1506	0	-203	-0	-0	-0	-0	2109	0	-203	-0	-0	-0	-0	903	0	-403	-0	-15.88	1141.38	-106.7	334.68	0	-170.16	1737.98	-0	-0	-0	300	0	200	-0
146	-0	-0	-0	1506	0	-203	-0	-0	-0	-0	2109	0	-203	-0	0	0	0	903	0	-403	0	-8.01	1149.52	-108.19	334.6	0	-170.2	1870.13	-0	-0	-0	300	0	200	-0
147	-0	-0	-0	1506	0	-203	-0	-0	-0	-0	2109	0	-203	-0	-0	-0	-0	903	0	-403	-0	-2.17	1163.64	-109.55	334.7	0	-170.14	2134.38	-0	-0	-0	300	0	200	-0
148	-0	-0	-0	1506	0	-203	-0	-0	-0	-0	2109	0	-203	-0	-0	-0	-0	903	0	-403	-0	5.84	1179.39	-111.86	334.54	0	-170.12	2556.99	-0	-0	-0	300	0	200	-0
149	-0	-0	-0	1506	0	-203	-0	-0	-0	-0	2109	0	-203	-0	-0	-0	-0	903	0	-403	-0	10.86	1189.16	-112.67	334.59	0	-170.25	2888.04	0	0	0	300	0	200	0
150	-0	-0	-0	1506	0	-203	-0	-0	-0	-0	2109	0	-203	-0	-0	-0	-0	903	0	-403	-0	16.7	1203.28	-113.76	334.62	0	-170.1	3146.56	-0	-0	-0	300	0	200	-0
151	-0	-0	-0	1506	0	-203	-0	-0	-0	-0	2109	0	-203	-0	-0	-0	-0	903	0	-403	-0	24.84	1221.74	-116.2	334.63	0	-170.24	3567.56	-0	-0	-0	300	0	200	-0
152	-0	-0	-0	1506	0	-203	-0	-0	-0	-0	2109	0	-203	-0	-0	-0	-0	903	0	-403	-0	30.14	1238.03	-117.15	334.47	0	-170.16	3798.85	-0	-0	-0	300	0	200	-0
153	-0	-0	-0	1506	0	-203	-0	-0	-0	-0	2109	0	-203	-0	-0	-0	-0	903	0	-403	-0	40.05	1255.95	-118.37	334.53	0	-170.19	4191.11	-0	-0	-0	300	0	200	-0
154	-0	-0	-0	1506	0	-203	-0	-0	-0	-0	2109	0	-203	-0	-0	-0	-0	903	0	-403	-0	49.28	1273.87	-119.87	334.49	0	-170.26	4702.43	-0	-0	-0	300	0	200	-0
155	-0	-0	-0	1506	0	-203	-0	-0	-0	-0	2109	0	-203	-0	-0	-0	-0	903	0	-403	-0	59.73	1292.33	-120.82	334.39	0	-170.45	4724.28	-0	-0	-0	300	0	200	-0
156	-0	-0	-0	1506	0	-203	-0	-0	-0	-0	2109	0	-203	-0	-0	-0	-0	903	0	-403	-0	69.37	1313.51	-120.68	334.57	0	-170.51	5197.69	-0	-0	-0	300	0	200	-0
157	-0	-0	-0	1506	0	-203	-0	-0	-0	-0	2109	0	-203	-0	0	0	0	903	0	-403	0	80.5	1337.94	-120.14	334.33	0	-170.63	5741.38	-0	-0	-0	300	0	200	-0
158	-0	-0	-0	1506	0	-203	-0	-0	-0	-0	2109	0	-203	-0	-0	-0	-0	903	0	-403	-0	88.92	1359.66	-120.82	334.2	0	-170.95	5922.8	-0	-0	-0	300	0	200	-0
159	-0	-0	-0	1506	0	-203	-0	-0	-0	-0	2109	0	-203	-0	-0	-0	-0	903	0	-403	-0	96.65	1383.55	-120.54	334.43	0	-171.08	6445.53	-0	-0	-0	300	0	200	-0
160	-0	-0	-0	1506	0	-203	-0	-0	-0	-0	2109	0	-203	-0	-0	-0	-0	903	0	-403	-0	106.29	1410.7	-119.73	334.41	0	-171.48	6920.71	-0	-0	-0	300	0	200	-0
161	-0	-0	-0	1506	0	-203	-0	-0	-0	-0	2109	0	-203	-0	-0	-0	-0	903	0	-403	-0	113.62	1434.05	-123.12	334.41	0	-171.47	7258.59	-0	-0	-0	300	0	200	-0
162	-0	-0	-0	1506	0	-203	-0	-0	-0	-0	2109	0	-203	-0	-0	-0	-0	903	0	-403	-0	122.31	1462.83	-121.9	334.58	0	-171.75	8002.13	-0	-0	-0	300	0	200	-0
163	-0	-0	-0	1506	0	-203	-0	-0	-0	-0	2109	0	-203	-0	-0	-0	-0	903	0	-403	-0	132.35	1496.5	-124.07	334.4	0	-172.05	8434.38	-0	-0	-0	300	0	200	-0
164	-0	-0	-0	1506	0	-203	-0	-0	-0	-0	2109	0	-203	-0	-0	-0	-0	903	0	-403	-0	141.45	1520.93	-120.68	334.53	0	-172.26	9334.03	-0	-0	-0	300	0	200	-0
165	-0	-0	-0	1506	0	-203	-0	-0	-0	-0	2109	0	-203	-0	-0	-0	-0	903	0	-403	-0	148.92	1551.34	-114.44	334.71	0	-172.42	9868.23	-0	-0	-0	300	0	200	-0
166	-0	-0	-0	1506	0	-203	-0	-0	-0	-0	2109	0	-203	-0	-0	-0	-0	903	0	-403	-0	159.91	1585.01	-114.03	334.93	0	-172.79	10594	0	0	0	300	0	200	0
167	-0	-0	-0	1506	0	-203	-0	-0	-0	-0	2109	0	-203	-0	-0	-0	-0	903	0	-403	-0	167.78	1615.41	-113.76	335.02	0	-173.03	11261.4	-0	-0	-0	300	0	200	-0
168	-0	-0	-0	1506	0	-203	-0	-0	-0	-0	2109	0	-203	-0	-0	-0	-0	903	0	-403	-0	176.74	1647.45	-112.26	335.33	0	-173.26	11813.5	-0	-0	-0	300	0	200	-0
169	-0	-0	-0	1506	0	-203	-0	-0	-0	-0	2109	0	-203	-0	-0	-0	-0	903	0	-403	-0	184.35	1683.29	-111.31	335.46	0	-173.44	12428	-0	-0	-0	300	0	200	-0
170	-0	-0	-0	1506	0	-203	-0	-0	-0	-0	2109	0	-203	-0	-0	-0	-0	903	0	-403	-0	194.12	1712.61	-112.4	335.77	0	-173.8	12814.9	-0	-0	-0	300	0	200	-0
171	-0	-0	-0	1506	0	-203	-0	-0	-0	-0	2109	0	-203	-0	-0	-0	-0	903	0	-403	-0	201.72	1746.82	-110.23	335.96	0	-174.1	13487.4	-0	-0	-0	300	0	200	-0
172	-0	-0	-0	1506	0	-203	-0	-0	-0	-0	2109	0	-203	-0	-0	-0	-0	903	0	-403	-0	209.32	1787.54	-108.46	336.08	0	-174.61	14237.1	-0	-0	-0	300	0	200	-0
173	-0	-0	-0	1506	0	-203	-0	-0	-0	-0	2109	0	-203	-0	-0	-0	-0	903	0	-403	-0	215.84	1815.24	-103.44	336.29	0	-174.81	14724.9	-0	-0	-0	300	0	200	-0
174	-0	-0	-0	1506	0	-203	-0	-0	-0	-0	2109	0	-203	-0	-0	-0	-0	903	0	-403	-0	224.26	1844.02	-100.86	336.6	0	-175.19	15506.9	-0	-0	-0	300	0	200	-0
175	-0	-0	-0	1506	0	-203	-0	-0	-0	-0	2109	0	-203	-0	-0	-0	-0	903	0	-403	-0	236.34	1876.05	-98.55	336.95	0	-175.4	16129.5	-0	-0	-0	300	0	200	-0
176	-0	-0	-0	1506	0	-203	-0	-0	-0	-0	2109	0	-203	-0	-0	-0	-0	903	0	-403	-0	244.21	1899.94	-95.43	337.04	0	-175.75	16448.8	-0	-0	-0	300	0	200	-0
177	-0	-0	-0	1506	0	-203	-0	-0	-0	-0	2109	0	-203	-0	-0	-0	-0	903	0	-403	-0	253.31	1925.46	-93.67	337.61	0	-176.04	17262.1	-0	-0	-0	300	0	200	-0
178	-0	-0	-0	1506	0	-203	-0	-0	-0	-0	2109	0	-203	-0	0	0	0	903	0	-403	0	262.13	1955.33	-91.63	338.08	0	-176.45	17841.5	-0	-0	-0	300	0	200	-0
179	-0	-0	-0	1506	0	-203	-0	-0	-0	-0	2109	0	-203	-0	0	0	0	903	0	-403	0	268.92	1972.71	-91.77	338.2	0	-176.57	17618.7	-0	-0	-0	300	0	200	-0
180	-0	-0	-0	1506	0	-203	-0	-0	-0	-0	2109	0	-203	-0	-0	-0	-0	903	0	-403	-0	278.96	1993.88	-88.51	338.69	0	-176.81	18197.2	-0	-0	-0	300	0	200	-0
181	-0	-0	-0	1506	0	-203	-0	-0	-0	-0	2109	0	-203	-0	-0	-0	-0	903	0	-403	-0	286.97	2013.97	-86.61	339.09	0	-176.99	18378.2	-0	-0	-0	300	0	200	-0
182	-0	-0	-0	1506	0	-203	-0	-0	-0	-0	2109	0	-203	-0	-0	-0	-0	903	0	-403	-0	306.52	2029.18	-85.79	339.11	0	-177.32	18111.7	0	0	0	300	0	200	0
183	-0	-0	-0	1506	0	-203	-0	-0	-0	-0	2109	0	-203	-0	-0	-0	-0	903	0	-403	-0	314.53	2043.29	-83.62	339.46	0	-176.7	18332.3	0	0	0	300	0	200	0
184	-0	-0	-0	1506	0	-203	-0	-0	-0	-0	2109	0	-203	-0	-0	-0	-0	903	0	-403	-0	331.36	2051.44	-80.77	339.83	0	-176.87	18243.1	-0	-0	-0	300	0	200	-0
185	-0	-0	-0	1506	0	-203	-0	-0	-0	-0	2109	0	-203	-0	-0	-0	-0	903	0	-403	-0	335.16	2057.96	-81.58	340.26	0	-177.09	18127.7	-0	-0	-0	300	0	200	-0
186	-0	-0	-0	1506	0	-203	-0	-0	-0	-0	2109	0	-203	-0	0	0	0	903	0	-403	0	340.19	2063.39	-84.03	340.91	0	-177.2	18316.4	0	0	0	300	0	200	0
187	-0	-0	-0	1506	0	-203	-0	-0	-0	-0	2109	0	-203	-0	-0	-0	-0	903	0	-403	-0	345.21	2067.19	-84.84	341.45	0	-177.37	17848.5	-0	-0	-0	300	0	200	-0
188	-0	-0	-0	1506	0	-203	-0	-0	-0	-0	2109	0	-203	-0	-0	-0	-0	903	0	-403	-0	357.83	2063.93	-85.79	341.81	0	-177.33	17485	-0	-0	-0	300	0	200	-0
189	-0	-0	-0	1506	0	-203	-0	-0	-0	-0	2109	0	-203	-0	-0	-0	-0	903	0	-403	-0	367.33	2057.96	-84.84	342.18	0	-177.48	17615.5	0	0	0	300	0	200	0
190	-0	-0	-0	1506	0	-203	-0	-0	-0	-0	2109	0	-203	-0	0	0	0	903	0	-403	0	367.47	2048.18	-87.01	342.71	0	-177.51	17263.8	-0	-0	-0	300	0	200	-0
191	-0	-0	-0	1506	0	-203	-0	-0	-0	-0	2109	0	-203	-0	-0	-0	-0	903	0	-403	-0	367.61	2039.49	-94.35	342.9	0	-177.57	16843.2	-0	-0	-0	300	0	200	-0
192	-0	-0	-0	1506	0	-203	-0	-0	-0	-0	2109	0	-203	-0	-0	-0	-0	903	0	-403	-0	367.33	2025.38	-94.35	343.68	0	-178.4	17178.5	-0	-0	-0	300	0	200	-0
193	-0	-0	-0	1506	0	-203	-0	-0	-0	-0	2109	0	-203	-0	-0	-0	-0	903	0	-403	-0	367.2	2007.46	-97.47	344.07	0	-178.49	16720.7	-0	-0	-0	300	0	200	-0
194	-0	-0	-0	1506	0	-203	-0	-0	-0	-0	2109	0	-203	-0	-0	-0	-0	903	0	-403	-0	367.47	1985.19	-102.76	344.81	0	-178.49	16270.9	-0	-0	-0	300	0	200	-0
195	-0	-0	-0	1506	0	-203	-0	-0	-0	-0	2109	0	-203	-0	-0	-0	-0	903	0	-403	-0	367.2	1960.76	-102.63	345.26	0	-178.49	16129	-0	-0	-0	300	0	200	-0
196	-0	-0	-0	1506	0	-203	-0	-0	-0	-0	2109	0	-203	-0	-7.19	29.32	-12.22	906.76	0	-339.97	-9.69	367.61	1929.27	-103.98	345.81	0	-178.48	15581.2	-0	-0	-0	300	0	200	-0
197	-0	-0	-0	1506	0	-203	-0	-0	-0	-0	2109	0	-203	-0	-4.34	104.25	-21.72	917.82	0	-333.94	-232.16	367.88	1899.94	-102.35	346.21	0	-178.36	15892.5	0	0	0	300	0	200	0
198	-0	-0	-0	1506	0	-203	-0	-0	-0	-0	2109	0	-203	-0	-13.71	409.96	-50.63	920.09	0	-330.13	-486.89	368.01	1867.36	-109.68	346.81	0	-178.33	15194	-0	-0	-0	300	0	200	-0
199	-0	-0	-0	1506	0	-203	-0	-0	-0	-0	2109	0	-203	-0	9.1	1045.26	-101.13	920.26	0	-333.33	-613.77	368.29	1829.35	-111.45	347.56	0	-178.24	14550.3	-0	-0	-0	300	0	200	-0
200	-0	-0	-0	1506	0	-203	-0	-0	-0	-0	2109	0	-203	-0	18.73	1092.5	-130.05	922.42	0	-332.48	-760.23	368.29	1790.8	-120.27	348.26	0	-178.23	14208.5	-0	-0	-0	300	0	200	-0
201	-0	-0	-0	1506	0	-203	-0	-0	-0	-0	2109	0	-203	-0	-0.68	976.84	-144.16	924.24	0	-331.56	-1209.61	368.83	1747.36	-120.54	349.1	0	-178.18	13443	-0	-0	-0	300	0	200	-0
202	-0	-0	-0	1506	0	-203	-0	-0	-0	-0	2109	0	-203	-0	-26.47	881.28	-141.59	926.66	0	-330.92	-1231.87	368.69	1694.69	-123.67	350.23	0	-178.06	12456.7	-0	-0	-0	300	0	200	-0
203	-0	-0	-0	1506	0	-203	-0	-0	-0	-0	2109	0	-203	-0	-45.07	899.74	-138.33	928.51	0	-331.05	-1554.33	368.96	1649.08	-118.51	351.05	0	-178.01	12102.3	-0	-0	-0	300	0	200	-0
204	-0	-0	-0	1506	0	-203	-0	-0	-0	-0	2109	0	-203	-0	-68.15	968.16	-129.37	929.78	0	-330.92	-1745.3	368.69	1589.89	-110.63	351.82	0	-178.14	11221.1	-0	-0	-0	300	0	200	-0
205	-0	-0	-0	1506	0	-203	-0	-0	-0	-0	2109	0	-203	-0	-108.73	1067.52	-116.47	931.6	0	-332.04	-1763.9	368.83	1514.42	-106.7	352.88	0	-178.05	10617.1	-0	-0	-0	300	0	200	-0
206	-0	-0	-0	1506	0	-203	-0	-0	-0	-0	2109	0	-203	-0	-150.41	1126.17	-107.51	933.59	0	-332.48	-1881.52	369.37	1457.4	-101.4	353.28	0	-177.88	10158.6	-0	-0	-0	300	0	200	-0
207	-0	-0	-0	1506	0	-203	-0	-0	-0	-0	2109	0	-203	-0	-192.9	1164.18	-89.19	935.72	0	-332.84	-1911.02	368.96	1392.79	-107.11	354.38	0	-177.95	8607.85	-0	-0	-0	300	0	200	-0
208	-0	-0	-0	1506	0	-203	-0	-0	-0	-0	2109	0	-203	-0	-237.29	1177.21	-63.39	937.87	0	-333.59	-1556.73	368.83	1322.74	-104.39	355.49	0	-177.85	7501	0	0	0	300	0	200	0
209	-0	-0	-0	1506	0	-203	-0	-0	-0	-0	2109	0	-203	-0	-259.41	1162.55	-36.11	940.04	0	-334.38	-893.08	368.96	1262.47	-107.24	356.59	0	-178.22	6272.99	0	0	0	300	0	200	0
210	-0	-0	-0	1506	0	-203	-0	-0	-0	-0	2109	0	-203	-0	-270.95	1153.32	-19.68	942.06	0	-335.84	-17.86	368.96	1189.7	-97.74	357.57	0	-178.03	5347.04	-0	-0	-0	300	0	200	-0
211	-0	-0	-0	1506	0	-203	-0	-0	-0	-0	2109	0	-203	-0	-271.63	1199.47	-6.79	948.4	0	-339.51	1061.61	369.78	1102.83	-92.17	358.28	0	-177.86	4596.29	-0	-0	-0	300	0	200	-0
212	-0	-0	-0	1506	0	-203	-0	-0	-0	-0	2109	0	-203	-0	-275.98	1277.12	12.76	953.13	0	-342.52	842.04	369.51	1029.52	-78.87	359.16	0	-177.89	4193.35	-0	-0	-0	300	0	200	-0
213	-0	-0	-0	1506	0	-203	-0	-0	-0	-0	2109	0	-203	-0	-288.19	1365.63	39.37	957.98	0	-344.63	493.33	369.78	950.24	-73.03	360.76	0	-177.98	2718.38	-0	-0	-0	300	0	200	-0
214	-0	-0	-0	1506	0	-203	-0	-0	-0	-0	2109	0	-203	-0	-320.5	1478.57	62.44	962.61	0	-346.86	381.71	358.1	851.42	-59.32	362.11	0	-177.47	1982.07	-0	-0	-0	300	0	200	-0
215	-0	-0	-0	1506	0	-203	-0	-0	-0	-0	2109	0	-203	-0	-344.94	1564.36	72.49	966.5	0	-348.51	-1079.61	331.36	777.57	-56.34	362.08	0	-177.99	1531.04	0	0	0	300	0	200	0
216	-0	-0	-0	1506	0	-203	-0	-0	-0	-0	2109	0	-203	-0	-347.38	1621.92	81.18	970.71	0	-349.05	-3298.6	303.53	668.97	-45.88	363.09	0	-178.71	1166.69	-0	-0	-0	300	0	200	-0
217	-0	-0	-0	1506	0	-203	-0	-0	-0	-0	2109	0	-203	-0	-347.92	1675.13	83.35	975.06	0	-349.83	-5990.78	268.1	545.71	-31.09	364.7	0	-178.89	1206.09	-0	-0	-0	300	0	200	-0
218	-0	-0	-0	1506	0	-203	-0	-0	-0	-0	2109	0	-203	-0	-347.92	1714.23	88.78	977.62	0	-350.08	-7416.94	236.07	445.26	-18.05	367.16	0	-178.84	914.08	0	0	0	300	0	200	0
219	-0	-0	-0	1506	0	-203	-0	-0	-0	-0	2109	0	-203	-0	-348.47	1748.44	91.49	981.05	0	-350.62	-8358.52	197.65	339.92	-2.31	367.68	0	-179.55	918.14	-0	-0	-0	300	0	200	-0
220	-0	-0	-0	1506	0	-203	-0	-0	-0	-0	2109	0	-203	-0	-348.6	1801.11	95.7	984.28	0	-350.97	-8646.86	144.84	237.29	5.02	372.31	0	-178.12	790.48	-0	-0	-0	300	0	200	-0
221	-0	-0	-0	1506	0	-203	-0	-0	-0	-0	2109	0	-203	-0	-348.87	1843.46	93.53	986.48	0	-351.2	-8598.19	110.36	168.33	11.67	375.87	0	-177.6	551.21	-0	-0	-0	300	0	200	-0
222	-0	-0	-0	1506	0	-203	-0	-0	-0	-0	2109	0	-203	-0	-347.79	1888.53	93.12	988.33	0	-351.43	-7506.15	76.15	115.66	4.89	379.66	0	-176.77	53.26	0	0	0	300	0	200	0
223	-0	-0	-0	1506	0	-203	-0	-0	-0	-0	2109	0	-203	-0	-348.6	1937.94	88.24	990.35	0	-351.46	-6038.79	56.34	76.56	4.07	389.71	0	-174.18	-13.72	-0	-0	-0	300	0	200	-0
224	-0	-0	-0	1506	0	-203	-0	-0	-0	-0	2109	0	-203	-0	-349.01	1978.67	84.03	991.51	0	-351.21	-5056.3	30.95	59.73	-5.02	390.98	0	-171.13	-753.64	-0	-0	-0	300	0	200	-0
225	-0	-0	-0	1506	0	-203	-0	-0	-0	-0	2109	0	-203	-0	-348.74	2019.39	81.58	992.1	0	-351.02	-4208.45	9.64	51.58	-8.82	394.11	0	-169.85	-494.87	-0	-0	-0	300	0	200	-0
226	-0	-0	-0	1506	0	-203	-0	-0	-0	-0	2109	0	-203	-0	-348.33	2072.06	75.48	992.87	0	-350.88	-3814.27	-3.94	46.7	-13.57	396.28	0	-170.51	-610.24	-0	-0	-0	300	0	200	-0
227	-0	-0	-0	1506	0	-203	-0	-0	-0	-0	2109	0	-203	-0	-348.6	2105.73	75.34	992.99	0	-350.61	-3268.68	-5.97	41.81	-10.72	391.04	0	-164.08	-374.95	-0	-0	-0	300	0	200	-0
228	-0	-0	-0	1506	0	-203	-0	-0	-0	-0	2109	0	-203	-0	-348.87	2137.22	74.66	993.37	0	-350.81	-3267.84	-8.14	36.92	-7.74	397.12	0	-166.39	-18.88	-0	-0	-0	300	0	200	-0
229	-0	-0	-0	1506	0	-203	-0	-0	-0	-0	2109	0	-203	-0	-349.14	2155.68	80.09	993.58	0	-350.96	-2478.69	-9.64	27.69	-1.36	406.58	0	-159.17	19.14	-0	-0	-0	300	0	200	-0
230	-0	-0	-0	1506	0	-203	-0	-0	-0	-0	2109	0	-203	-0	-349.55	2154.6	80.5	994.1	0	-351.03	-1867.57	-0	-0	-0	300	0	-203	-0	0	0	0	300	0	200	0
231	-0	-0	-0	1506	0	-203	-0	-0	-0	-0	2109	0	-203	-0	-349.28	2151.34	84.3	994.51	0	-351.3	-732.53	-0	-0	-0	300	0	-203	-0	-0	-0	-0	300	0	200	-0
232	-0	-0	-0	1506	0	-203	-0	-0	-0	-0	2109	0	-203	-0	-349.14	2147	85.66	995.05	0	-351.63	53.2	-0	-0	-0	300	0	-203	-0	-0	-0	-0	300	0	200	-0
233	-0	-0	-0	1506	0	-203	-0	-0	-0	-0	2109	0	-203	-0	-349.01	2145.91	89.46	995.23	0	-351.99	951.71	-0	-0	-0	300	0	-203	-0	-0	-0	-0	300	0	200	-0
234	-0	-0	-0	1506	0	-203	-0	-0	-0	-0	2109	0	-203	-0	-349.28	2138.85	92.04	995.96	0	-352.26	1665.87	-0	-0	-0	300	0	-203	-0	-0	-0	-0	300	0	200	-0
235	-0	-0	-0	1506	0	-203	-0	-0	-0	-0	2109	0	-203	-0	-348.47	2135.05	91.77	996.54	0	-352.77	1818.15	-0	-0	-0	300	0	-203	-0	-0	-0	-0	300	0	200	-0
236	-0	-0	-0	1506	0	-203	-0	-0	-0	-0	2109	0	-203	-0	-348.74	2123.65	91.63	997.25	0	-353.08	2136.4	0	0	0	300	0	-203	0	-0	-0	-0	300	0	200	-0
237	-0	-0	-0	1506	0	-203	-0	-0	-0	-0	2109	0	-203	-0	-346.7	2113.33	89.19	998.14	0	-353.41	1772.74	-0	-0	-0	300	0	-203	-0	-0	-0	-0	300	0	200	-0
238	-0	-0	-0	1506	0	-203	-0	-0	-0	-0	2109	0	-203	-0	-335.84	2095.41	87.15	999.49	0	-353.85	1368.62	-0	-0	-0	300	0	-203	-0	-0	-0	-0	300	0	200	-0
239	-0	-0	-0	1506	0	-203	-0	-0	-0	-0	2109	0	-203	-0	-327.02	2085.64	84.98	1000.7	0	-354.22	814.51	-0	-0	-0	300	0	-203	-0	0	0	0	300	0	200	0
240	-0	-0	-0	1506	0	-203	-0	-0	-0	-0	2109	0	-203	-0	-314.39	2072.6	84.16	1001.73	0	-354.65	451.13	-0	-0	-0	300	0	-203	-0	-0	-0	-0	300	0	200	-0
241	-0	-0	-0	1506	0	-203	-0	-0	-0	-0	2109	0	-203	-0	-302.31	2050.34	83.35	1002.48	0	-355.27	-82.85	-0	-0	-0	300	0	-203	-0	-0	-0	-0	300	0	200	-0
242	-0	-0	-0	1506	0	-203	-0	-0	-0	-0	2109	0	-203	-0	-288.06	2031.88	86.47	1003.81	0	-355.72	92.38	-0	-0	-0	300	0	-203	-0	-0	-0	-0	300	0	200	-0
243	-0	-0	-0	1506	0	-203	-0	-0	-0	-0	2109	0	-203	-0	-277.33	2008.53	88.24	1005.15	0	-356.06	10.14	-0	-0	-0	300	0	-203	-0	-0	-0	-0	300	0	200	-0
244	-0	-0	-0	1506	0	-203	-0	-0	-0	-0	2109	0	-203	-0	-261.32	1981.93	91.9	1006.58	0	-356.99	-337.54	-0	-0	-0	300	0	-203	-0	-0	-0	-0	300	0	200	-0
245	-0	-0	-0	1506	0	-203	-0	-0	-0	-0	2109	0	-203	-0	-251.54	1949.35	93.67	1008.49	0	-357.49	-414.09	-0	-0	-0	300	0	-203	-0	-0	-0	-0	300	0	200	-0
246	-0	-0	-0	1506	0	-203	-0	-0	-0	-0	2109	0	-203	-0	-241.5	1921.11	95.02	1010.07	0	-358.09	-749.17	-0	-0	-0	300	0	-203	-0	-0	-0	-0	300	0	200	-0
247	-0	-0	-0	1506	0	-203	-0	-0	-0	-0	2109	0	-203	-0	-229.28	1886.9	97.2	1012.11	0	-359.1	-1167.96	-0	-0	-0	300	0	-203	-0	-0	-0	-0	300	0	200	-0
248	-0	-0	-0	1506	0	-203	-0	-0	-0	-0	2109	0	-203	-0	-221.68	1853.78	96.38	1013.83	0	-359.74	-1806.28	-0	-0	-0	300	0	-203	-0	-0	-0	-0	300	0	200	-0
249	-0	-0	-0	1506	0	-203	-0	-0	-0	-0	2109	0	-203	-0	-213.67	1821.2	98.55	1016.04	0	-360.56	-1944.55	-0	-0	-0	300	0	-203	-0	-0	-0	-0	300	0	200	-0
250	-0	-0	-0	1506	0	-203	-0	-0	-0	-0	2109	0	-203	-0	-207.83	1778.3	97.87	1018.92	0	-361.48	-2373.69	-0	-0	-0	300	0	-203	-0	-0	-0	-0	300	0	200	-0
251	-0	-0	-0	1506	0	-203	-0	-0	-0	-0	2109	0	-203	-0	-202.4	1745.72	99.1	1021.08	0	-362.25	-2289.4	-0	-0	-0	300	0	-203	-0	0	0	0	300	0	200	0
252	-0	-0	-0	1506	0	-203	-0	-0	-0	-0	2109	0	-203	-0	-197.92	1711.51	97.87	1023.51	0	-363.05	-2557.38	-0	-0	-0	300	0	-203	-0	-0	-0	-0	300	0	200	-0
253	-0	-0	-0	1506	0	-203	-0	-0	-0	-0	2109	0	-203	-0	-189.64	1669.7	97.33	1026.49	0	-364.16	-2788.26	-0	-0	-0	300	0	-203	-0	-0	-0	-0	300	0	200	-0
254	-0	-0	-0	1506	0	-203	-0	-0	-0	-0	2109	0	-203	-0	-185.16	1639.84	96.25	1028.52	0	-365	-2918.61	0	0	0	300	0	-203	0	-0	-0	-0	300	0	200	-0
255	-0	-0	-0	1506	0	-203	-0	-0	-0	-0	2109	0	-203	-0	-176.34	1608.35	95.43	1031.12	0	-365.75	-2981.8	-0	-0	-0	300	0	-203	-0	-0	-0	-0	300	0	200	-0
256	-0	-0	-0	1506	0	-203	-0	-0	-0	-0	2109	0	-203	-0	-166.56	1566.54	95.57	1034.27	0	-366.94	-2897.49	-0	-0	-0	300	0	-203	-0	-0	-0	-0	300	0	200	-0
257	-0	-0	-0	1506	0	-203	-0	-0	-0	-0	2109	0	-203	-0	-157.74	1536.13	96.92	1036.76	0	-367.77	-2516.77	-0	-0	-0	300	0	-203	-0	0	0	0	300	0	200	0
258	-0	-0	-0	1506	0	-203	-0	-0	-0	-0	2109	0	-203	-0	-150.82	1502.46	99.5	1039.78	0	-368.61	-2046.47	-0	-0	-0	300	0	-203	-0	-0	-0	-0	300	0	200	-0
259	-0	-0	-0	1506	0	-203	-0	-0	-0	-0	2109	0	-203	-0	-144.44	1461.74	100.59	1043.27	0	-369.77	-1674.59	0	0	0	300	0	-203	0	-0	-0	-0	300	0	200	-0
260	-0	-0	-0	1506	0	-203	-0	-0	-0	-0	2109	0	-203	-0	-140.36	1427.53	102.9	1046.4	0	-370.63	-1071.93	-0	-0	-0	300	0	-203	-0	-0	-0	-0	300	0	200	-0
261	-0	-0	-0	1506	0	-203	-0	-0	-0	-0	2109	0	-203	-0	-137.24	1400.38	102.9	1048.8	0	-371.94	-907.71	-0	-0	-0	300	0	-203	-0	-0	-0	-0	300	0	200	-0
262	-0	-0	-0	1506	0	-203	-0	-0	-0	-0	2109	0	-203	-0	-131.13	1360.74	104.12	1052.85	0	-373.1	-433.49	-0	-0	-0	300	0	-203	-0	-0	-0	-0	300	0	200	-0
263	-0	-0	-0	1506	0	-203	-0	-0	-0	-0	2109	0	-203	-0	-127.33	1331.42	101.81	1055.69	0	-373.97	-621.65	-0	-0	-0	300	0	-203	-0	-0	-0	-0	300	0	200	-0
264	-0	-0	-0	1506	0	-203	-0	-0	-0	-0	2109	0	-203	-0	-122.31	1302.1	100.32	1058.68	0	-374.76	-656.91	-0	-0	-0	300	0	-203	-0	-0	-0	-0	300	0	200	-0
265	-0	-0	-0	1506	0	-203	-0	-0	-0	-0	2109	0	-203	-0	-116.47	1271.69	98.01	1061.71	0	-375.97	-742.63	-0	-0	-0	300	0	-203	-0	-0	-0	-0	300	0	200	-0
266	-0	-0	-0	1506	0	-203	-0	-0	-0	-0	2109	0	-203	-0	-111.04	1245.63	95.3	1064.52	0	-376.74	-750.93	-0	-0	-0	300	0	-203	-0	0	0	0	300	0	200	0
267	-0	-0	-0	1506	0	-203	-0	-0	-0	-0	2109	0	-203	-0	-107.38	1223.91	91.9	1067.08	0	-377.67	-840.28	-0	-0	-0	300	0	-203	-0	-0	-0	-0	300	0	200	-0
268	-0	-0	-0	1506	0	-203	-0	-0	-0	-0	2109	0	-203	-0	-103.17	1196.76	87.01	1070.29	0	-378.45	-925.89	0	0	0	300	0	-203	0	-0	-0	-0	300	0	200	-0
269	-0	-0	-0	1506	0	-203	-0	-0	-0	-0	2109	0	-203	-0	-100.59	1177.21	82.94	1073.07	0	-379.08	-851.14	-0	-0	-0	300	0	-203	-0	-0	-0	-0	300	0	200	-0
270	-0	-0	-0	1506	0	-203	-0	-0	-0	-0	2109	0	-203	-0	-96.52	1162.01	78.6	1075.2	0	-379.4	-875.77	0	0	0	300	0	-203	0	-0	-0	-0	300	0	200	-0
271	-0	-0	-0	1506	0	-203	-0	-0	-0	-0	2109	0	-203	-0	-91.77	1140.29	73.85	1078.6	0	-379.87	-911.86	-0	-0	-0	300	0	-203	-0	-0	-0	-0	300	0	200	-0
272	-0	-0	-0	1506	0	-203	-0	-0	-0	-0	2109	0	-203	-0	-90	1129.97	69.23	1080.45	0	-380.39	-1264.96	0	0	0	300	0	-203	0	-0	-0	-0	300	0	200	-0
273	-0	-0	-0	1506	0	-203	-0	-0	-0	-0	2109	0	-203	-0	-87.29	1116.39	65.43	1082.56	0	-380.74	-1275.61	0	0	0	300	0	-203	0	-0	-0	-0	300	0	200	-0
274	-0	-0	-0	1506	0	-203	-0	-0	-0	-0	2109	0	-203	-0	-83.89	1107.16	62.85	1084.68	0	-381.13	-1275.66	-0	-0	-0	300	0	-203	-0	-0	-0	-0	300	0	200	-0
275	-0	-0	-0	1506	0	-203	-0	-0	-0	-0	2109	0	-203	-0	-80.09	1097.93	61.77	1086.48	0	-381.37	-871.14	-0	-0	-0	300	0	-203	-0	-0	-0	-0	300	0	200	-0
276	-0	-0	-0	1506	0	-203	-0	-0	-0	-0	2109	0	-203	-0	-76.83	1093.59	59.86	1087.61	0	-381.81	-887.69	-0	-0	-0	300	0	-203	-0	-0	-0	-0	300	0	200	-0
277	-0	-0	-0	1506	0	-203	-0	-0	-0	-0	2109	0	-203	-0	-72.35	1087.62	56.88	1089.36	0	-382.08	-946.71	-0	-0	-0	300	0	-203	-0	-0	-0	-0	300	0	200	-0
278	-0	-0	-0	1506	0	-203	-0	-0	-0	-0	2109	0	-203	-0	-69.5	1084.36	55.25	1090.33	0	-382.65	-737.79	-0	-0	-0	300	0	-203	-0	0	0	0	300	0	200	0
279	-0	-0	-0	1506	0	-203	-0	-0	-0	-0	2109	0	-203	-0	-65.29	1081.64	54.3	1091.23	0	-382.78	-688.3	-0	-0	-0	300	0	-203	-0	-0	-0	-0	300	0	200	-0
280	-0	-0	-0	1506	0	-203	-0	-0	-0	-0	2109	0	-203	-0	-65.29	1077.84	53.08	1093.38	0	-382.91	-795.72	-0	-0	-0	300	0	-203	-0	-0	-0	-0	300	0	200	-0
281	-0	-0	-0	1506	0	-203	-0	-0	-0	-0	2109	0	-203	-0	-65.97	1076.21	51.86	1094.08	0	-383.19	-820.92	-0	-0	-0	300	0	-203	-0	-0	-0	-0	300	0	200	-0
282	-0	-0	-0	1506	0	-203	-0	-0	-0	-0	2109	0	-203	-0	-66.52	1076.21	50.91	1094.87	0	-383.32	-1042.55	-0	-0	-0	300	0	-203	-0	-0	-0	-0	300	0	200	-0
283	-0	-0	-0	1506	0	-203	-0	-0	-0	-0	2109	0	-203	-0	-65.57	1071.87	49.68	1096.91	0	-383.47	-1031.95	-0	-0	-0	300	0	-203	-0	-0	-0	-0	300	0	200	-0
284	-0	-0	-0	1506	0	-203	-0	-0	-0	-0	2109	0	-203	-0	-64.75	1070.24	49.14	1097.7	0	-383.44	-1088.52	-0	-0	-0	300	0	-203	-0	-0	-0	-0	300	0	200	-0
285	-0	-0	-0	1506	0	-203	-0	-0	-0	-0	2109	0	-203	-0	-63.26	1068.07	49.55	1098.56	0	-383.5	-1044.64	-0	-0	-0	300	0	-203	-0	-0	-0	-0	300	0	200	-0
286	-0	-0	-0	1506	0	-203	-0	-0	-0	-0	2109	0	-203	-0	-60	1069.15	49.41	1099.11	0	-383.7	-1109.24	-0	-0	-0	300	0	-203	-0	-0	-0	-0	300	0	200	-0
287	-0	-0	-0	1506	0	-203	-0	-0	-0	-0	2109	0	-203	-0	-57.69	1072.95	50.09	1099.13	0	-383.8	-1148.96	-0	-0	-0	300	0	-203	-0	-0	-0	-0	300	0	200	-0
288	-0	-0	-0	1506	0	-203	-0	-0	-0	-0	2109	0	-203	-0	-54.57	1076.21	48.73	1099.05	0	-384.16	-1692.15	0	0	0	300	0	-203	0	-0	-0	-0	300	0	200	-0
289	-0	-0	-0	1506	0	-203	-0	-0	-0	-0	2109	0	-203	-0	-49.82	1072.95	50.63	1100.67	0	-383.98	-1458.97	-0	-0	-0	300	0	-203	-0	0	0	0	300	0	200	0
290	-0	-0	-0	1506	0	-203	-0	-0	-0	-0	2109	0	-203	-0	-45.88	1076.76	50.36	1100.67	0	-384.25	-1700.31	0	0	0	300	0	-203	0	-0	-0	-0	300	0	200	-0
291	-0	-0	-0	1506	0	-203	-0	-0	-0	-0	2109	0	-203	-0	-41	1076.76	49.96	1101.1	0	-384.3	-2059.67	-0	-0	-0	300	0	-203	-0	-0	-0	-0	300	0	200	-0
292	-0	-0	-0	1506	0	-203	-0	-0	-0	-0	2109	0	-203	-0	-35.97	1081.64	49.82	1101.28	0	-384.66	-2295.18	-0	-0	-0	300	0	-203	-0	-0	-0	-0	300	0	200	-0
293	-0	-0	-0	1506	0	-203	-0	-0	-0	-0	2109	0	-203	-0	-30.54	1084.36	50.63	1102	0	-384.48	-2501.28	-0	-0	-0	300	0	-203	-0	-0	-0	-0	300	0	200	-0
294	-0	-0	-0	1506	0	-203	-0	-0	-0	-0	2109	0	-203	-0	-26.74	1086.53	52.94	1102.77	0	-384.54	-2266.41	-0	-0	-0	300	0	-203	-0	-0	-0	-0	300	0	200	-0
295	-0	-0	-0	1506	0	-203	-0	-0	-0	-0	2109	0	-203	-0	-20.23	1094.67	54.57	1102.85	0	-384.83	-2518.05	-0	-0	-0	300	0	-203	-0	0	0	0	300	0	200	0
296	-0	-0	-0	1506	0	-203	-0	-0	-0	-0	2109	0	-203	-0	-15.34	1100.1	55.52	1102.99	0	-384.87	-2788.93	-0	-0	-0	300	0	-203	-0	-0	-0	-0	300	0	200	-0
297	-0	-0	-0	1506	0	-203	-0	-0	-0	-0	2109	0	-203	-0	-9.64	1109.34	56.2	1103.17	0	-385.2	-3135.95	0	0	0	300	0	-203	0	-0	-0	-0	300	0	200	-0
298	-0	-0	-0	1506	0	-203	-0	-0	-0	-0	2109	0	-203	-0	-2.99	1118.57	58.24	1103.34	0	-385.27	-3409.28	-0	-0	-0	300	0	-203	-0	-0	-0	-0	300	0	200	-0
299	-0	-0	-0	1506	0	-203	-0	-0	-0	-0	2109	0	-203	-0	2.44	1130.51	60.14	1103	0	-385.46	-3647.94	-0	-0	-0	300	0	-203	-0	0	0	0	300	0	200	0
300	-0	-0	-0	1506	0	-203	-0	-0	-0	-0	2109	0	-203	-0	8.96	1139.74	62.72	1103.35	0	-385.62	-3737.29	-0	-0	-0	300	0	-203	-0	-0	-0	-0	300	0	200	-0
301	-0	-0	-0	1506	0	-203	-0	-0	-0	-0	2109	0	-203	-0	17.1	1154.95	65.02	1103.79	0	-385.76	-4040.45	-0	-0	-0	300	0	-203	-0	-0	-0	-0	300	0	200	-0
302	-0	-0	-0	1506	0	-203	-0	-0	-0	-0	2109	0	-203	-0	23.48	1171.24	67.47	1102.97	0	-385.78	-4207.18	-0	-0	-0	300	0	-203	-0	-0	-0	-0	300	0	200	-0
303	-0	-0	-0	1506	0	-203	-0	-0	-0	-0	2109	0	-203	-0	30.54	1184.81	69.77	1103.5	0	-385.84	-4414.91	-0	-0	-0	300	0	-203	-0	-0	-0	-0	300	0	200	-0
304	-0	-0	-0	1506	0	-203	-0	-0	-0	-0	2109	0	-203	-0	39.5	1209.79	71.68	1102.87	0	-385.94	-4759.51	-0	-0	-0	300	0	-203	-0	-0	-0	-0	300	0	200	-0
305	-0	-0	-0	1506	0	-203	-0	-0	-0	-0	2109	0	-203	-0	45.75	1225.54	74.93	1103.14	0	-386.03	-4797.74	-0	-0	-0	300	0	-203	-0	-0	-0	-0	300	0	200	-0
306	-0	-0	-0	1506	0	-203	-0	-0	-0	-0	2109	0	-203	-0	53.08	1247.8	75.34	1102.82	0	-386	-5297.35	-0	-0	-0	300	0	-203	-0	-0	-0	-0	300	0	200	-0
307	-0	-0	-0	1506	0	-203	-0	-0	-0	-0	2109	0	-203	-0	61.63	1272.78	76.97	1103.3	0	-386.12	-5635.23	-0	-0	-0	300	0	-203	-0	0	0	0	300	0	200	0
308	-0	-0	-0	1506	0	-203	-0	-0	-0	-0	2109	0	-203	-0	69.91	1296.12	77.38	1103.33	0	-386.06	-6057.12	-0	-0	-0	300	0	-203	-0	-0	-0	-0	300	0	200	-0
309	-0	-0	-0	1506	0	-203	-0	-0	-0	-0	2109	0	-203	-0	75.88	1321.65	79.14	1103.43	0	-386.07	-6361.47	0	0	0	300	0	-203	0	-0	-0	-0	300	0	200	-0
310	-0	-0	-0	1506	0	-203	-0	-0	-0	-0	2109	0	-203	-0	84.03	1356.94	81.18	1103.42	0	-385.74	-6578.44	-0	-0	-0	300	0	-203	-0	-0	-0	-0	300	0	200	-0
311	-0	-0	-0	1506	0	-203	-0	-0	-0	-0	2109	0	-203	-0	91.22	1385.72	81.58	1103.55	0	-385.82	-7078.31	-0	-0	-0	300	0	-203	-0	-0	-0	-0	300	0	200	-0
312	-0	-0	-0	1506	0	-203	-0	-0	-0	-0	2109	0	-203	-0	96.92	1415.58	83.08	1103.51	0	-385.44	-7592.67	-0	-0	-0	300	0	-203	-0	-0	-0	-0	300	0	200	-0
313	-0	-0	-0	1506	0	-203	-0	-0	-0	-0	2109	0	-203	-0	105.2	1458.48	84.16	1103.44	0	-385.41	-8057.27	-0	-0	-0	300	0	-203	-0	-0	-0	-0	300	0	200	-0
314	-0	-0	-0	1506	0	-203	-0	-0	-0	-0	2109	0	-203	-0	110.91	1492.15	86.2	1103.72	0	-385.18	-8360.9	-0	-0	-0	300	0	-203	-0	-0	-0	-0	300	0	200	-0
315	-0	-0	-0	1506	0	-203	-0	-0	-0	-0	2109	0	-203	-0	116.74	1525.27	87.01	1103.78	0	-385.01	-8834.2	-0	-0	-0	300	0	-203	-0	-0	-0	-0	300	0	200	-0
316	-0	-0	-0	1506	0	-203	-0	-0	-0	-0	2109	0	-203	-0	124.89	1570.34	87.83	1104.04	0	-384.91	-9378.78	0	0	0	300	0	-203	0	-0	-0	-0	300	0	200	-0
317	-0	-0	-0	1506	0	-203	-0	-0	-0	-0	2109	0	-203	-0	130.59	1607.8	87.83	1104.02	0	-384.76	-9909.27	-0	-0	-0	300	0	-203	-0	-0	-0	-0	300	0	200	-0
318	-0	-0	-0	1506	0	-203	-0	-0	-0	-0	2109	0	-203	-0	138.19	1643.1	88.51	1103.97	0	-384.47	-10277.9	-0	-0	-0	300	0	-203	-0	-0	-0	-0	300	0	200	-0
319	-0	-0	-0	1506	0	-203	-0	-0	-0	-0	2109	0	-203	-0	146.74	1687.08	88.92	1104.52	0	-384.43	-10852.9	-0	-0	-0	300	0	-203	-0	-0	-0	-0	300	0	200	-0
320	-0	-0	-0	1506	0	-203	-0	-0	-0	-0	2109	0	-203	-0	153.12	1722.92	90.14	1104.71	0	-384	-11083.8	0	0	0	300	0	-203	0	-0	-0	-0	300	0	200	-0
321	-0	-0	-0	1506	0	-203	-0	-0	-0	-0	2109	0	-203	-0	158.55	1759.3	88.64	1105.07	0	-383.82	-11611.1	-0	-0	-0	300	0	-203	-0	-0	-0	-0	300	0	200	-0
322	-0	-0	-0	1506	0	-203	-0	-0	-0	-0	2109	0	-203	-0	167.65	1802.19	87.15	1105.47	0	-383.71	-12316.1	-0	-0	-0	300	0	-203	-0	-0	-0	-0	300	0	200	-0
323	-0	-0	-0	1506	0	-203	-0	-0	-0	-0	2109	0	-203	-0	175.93	1834.77	86.34	1105.95	0	-383.4	-12686.5	-0	-0	-0	300	0	-203	-0	-0	-0	-0	300	0	200	-0
324	-0	-0	-0	1506	0	-203	-0	-0	-0	-0	2109	0	-203	-0	183.94	1866.81	83.35	1106.56	0	-383.21	-13418.2	-0	-0	-0	300	0	-203	-0	-0	-0	-0	300	0	200	-0
325	-0	-0	-0	1506	0	-203	-0	-0	-0	-0	2109	0	-203	-0	193.17	1903.19	82.26	1107.48	0	-382.96	-13879	-0	-0	-0	300	0	-203	-0	-0	-0	-0	300	0	200	-0
326	-0	-0	-0	1506	0	-203	-0	-0	-0	-0	2109	0	-203	-0	202.26	1932.51	79.68	1108	0	-382.8	-14302.1	-0	-0	-0	300	0	-203	-0	-0	-0	-0	300	0	200	-0
327	-0	-0	-0	1506	0	-203	-0	-0	-0	-0	2109	0	-203	-0	211.22	1960.75	78.6	1108.55	0	-382.67	-14724.5	-0	-0	-0	300	0	-203	-0	-0	-0	-0	300	0	200	-0
328	-0	-0	-0	1506	0	-203	-0	-0	-0	-0	2109	0	-203	-0	221	1995.5	76.29	1108.95	0	-382.36	-15197.5	-0	-0	-0	300	0	-203	-0	-0	-0	-0	300	0	200	-0
329	-0	-0	-0	1506	0	-203	-0	-0	-0	-0	2109	0	-203	-0	230.5	2019.93	74.66	1109.47	0	-382.19	-15399.8	-0	-0	-0	300	0	-203	-0	-0	-0	-0	300	0	200	-0
330	-0	-0	-0	1506	0	-203	-0	-0	-0	-0	2109	0	-203	-0	237.83	2043.28	74.39	1110.16	0	-382.03	-15245.3	-0	-0	-0	300	0	-203	-0	-0	-0	-0	300	0	200	-0
331	-0	-0	-0	1506	0	-203	-0	-0	-0	-0	2109	0	-203	-0	250.32	2073.69	72.22	1110.9	0	-381.82	-15663.4	-0	-0	-0	300	0	-203	-0	-0	-0	-0	300	0	200	-0
332	-0	-0	-0	1506	0	-203	-0	-0	-0	-0	2109	0	-203	-0	259.41	2091.07	70.72	1111.77	0	-381.63	-15603.4	-0	-0	-0	300	0	-203	-0	-0	-0	-0	300	0	200	-0
333	-0	-0	-0	1506	0	-203	-0	-0	-0	-0	2109	0	-203	-0	268.78	2110.61	69.1	1111.93	0	-381.5	-15691.5	-0	-0	-0	300	0	-203	-0	0	0	0	300	0	200	0
334	-0	-0	-0	1506	0	-203	-0	-0	-0	-0	2109	0	-203	-0	281.54	2130.16	68.42	1112.52	0	-381.39	-15726.5	-0	-0	-0	300	0	-203	-0	-0	-0	-0	300	0	200	-0
335	-0	-0	-0	1506	0	-203	-0	-0	-0	-0	2109	0	-203	-0	289.42	2138.31	68.55	1113.52	0	-381.24	-15264.2	-0	-0	-0	300	0	-203	-0	0	0	0	300	0	200	0
336	-0	-0	-0	1506	0	-203	-0	-0	-0	-0	2109	0	-203	-0	301.23	2149.71	67.06	1113.75	0	-381.24	-15258.1	-0	-0	-0	300	0	-203	-0	-0	-0	-0	300	0	200	-0
337	-0	-0	-0	1506	0	-203	-0	-0	-0	-0	2109	0	-203	-0	312.76	2157.85	67.06	1114.33	0	-381.1	-15008.9	-0	-0	-0	300	0	-203	-0	-0	-0	-0	300	0	200	-0
338	-0	-0	-0	1506	0	-203	-0	-0	-0	-0	2109	0	-203	-0	324.44	2161.11	66.52	1115.01	0	-381.14	-14771.9	-0	-0	-0	300	0	-203	-0	-0	-0	-0	300	0	200	-0
339	-0	-0	-0	1506	0	-203	-0	-0	-0	-0	2109	0	-203	-0	334.89	2162.2	67.33	1115.62	0	-381.12	-14419.3	-0	-0	-0	300	0	-203	-0	0	0	0	300	0	200	0
340	-0	-0	-0	1506	0	-203	-0	-0	-0	-0	2109	0	-203	-0	348.19	2158.94	67.74	1116.47	0	-381.04	-13957.1	-0	-0	-0	300	0	-203	-0	-0	-0	-0	300	0	200	-0
341	-0	-0	-0	1506	0	-203	-0	-0	-0	-0	2109	0	-203	-0	358.65	2155.68	68.01	1116.94	0	-381	-13691.9	-0	-0	-0	300	0	-203	-0	-0	-0	-0	300	0	200	-0
342	-0	-0	-0	1506	0	-203	-0	-0	-0	-0	2109	0	-203	-0	365.84	2146.45	68.42	1117.66	0	-380.97	-13172.7	0	0	0	300	0	-203	0	-0	-0	-0	300	0	200	-0
343	-0	-0	-0	1506	0	-203	-0	-0	-0	-0	2109	0	-203	-0	366.52	2137.76	67.6	1117.98	0	-380.95	-12691.7	-0	-0	-0	300	0	-203	-0	-0	-0	-0	300	0	200	-0
344	-0	-0	-0	1506	0	-203	-0	-0	-0	-0	2109	0	-203	-0	366.38	2124.19	68.15	1118.63	0	-380.9	-11949.7	-0	-0	-0	300	0	-203	-0	-0	-0	-0	300	0	200	-0
345	-0.33	16.59	5.34	1720.73	0	-294.09	335.4	-0	-0	-0	2109	0	-203	-0	365.98	2108.44	68.28	1119.23	0	-380.77	-11247.4	-0	-0	-0	300	0	-203	-0	0	0	0	300	0	200	0
346	3.04	71.04	13.57	1672.98	0	-284.23	118.03	-0	-0	-0	2109	0	-203	-0	366.11	2085.64	67.74	1119.59	0	-380.81	-10620.9	-0	-0	-0	300	0	-203	-0	-0	-0	-0	300	0	200	-0
347	8.19	235.6	35.38	1666.24	0	-288.01	-114.68	-0	-0	-0	2109	0	-203	-0	365.98	2065	66.52	1120.03	0	-380.75	-10124	-0	-0	-0	300	0	-203	-0	-0	-0	-0	300	0	200	-0
348	28.13	450.83	60.78	1665.65	0	-290.49	-146.82	-0	-0	-0	2109	0	-203	-0	365.57	2043.28	65.57	1119.89	0	-380.81	-9670.2	-0	-0	-0	300	0	-203	-0	-0	-0	-0	300	0	200	-0
349	39.54	493.06	83.27	1662.58	0	-291.69	-818.44	-0	-0	-0	2109	0	-203	-0	365.84	2007.99	64.07	1120.63	0	-380.7	-9107.51	-0	-0	-0	300	0	-203	-0	-0	-0	-0	300	0	200	-0
350	28.28	452.99	95.88	1665.03	0	-293.9	-814.96	-0	-0	-0	2109	0	-203	-0	366.25	1972.69	63.94	1121.61	0	-380.59	-8430.34	-0	-0	-0	300	0	-203	-0	-0	-0	-0	300	0	200	-0
351	12.85	427.31	99.95	1668.47	0	-295.4	-470.14	-0	-0	-0	2109	0	-203	-0	367.33	1939.57	62.85	1121.79	0	-380.61	-7773.58	-0	-0	-0	300	0	-203	-0	-0	-0	-0	300	0	200	-0
352	-0.17	431.38	95.95	1671.15	0	-294.71	-509.77	-0	-0	-0	2109	0	-203	-0	367.06	1889.07	60.27	1122.56	0	-380.57	-6677.59	-0	-0	-0	300	0	-203	-0	-0	-0	-0	300	0	200	-0
353	-11.41	461.73	85.65	1672.82	0	-292.91	-308.42	-0	-0	-0	2109	0	-203	-0	367.33	1842.92	58.78	1123.28	0	-380.37	-5867.63	-0	-0	-0	300	0	-203	-0	-0	-0	-0	300	0	200	-0
354	-26.83	498.97	78.73	1676.07	0	-291.15	25.59	-0	-0	-0	2109	0	-203	-0	367.74	1792.96	56.2	1123.88	0	-380.32	-5107.69	-0	-0	-0	300	0	-203	-0	-0	-0	-0	300	0	200	-0
355	-45.3	523.05	72.14	1679.58	0	-290.34	147.31	-0	-0	-0	2109	0	-203	-0	366.79	1722.92	52.81	1124.36	0	-380.22	-3994.18	-0	-0	-0	300	0	-203	-0	-0	-0	-0	300	0	200	-0
356	-67.15	538.69	66.37	1682.82	0	-289.84	44.31	-0	-0	-0	2109	0	-203	-0	367.47	1661.02	49.14	1125.5	0	-380	-3638.21	-0	-0	-0	300	0	-203	-0	-0	-0	-0	300	0	200	-0
357	-87.72	537.75	57.72	1685.61	0	-288.46	-174.88	-0	-0	-0	2109	0	-203	-0	367.33	1598.57	44.53	1126.44	0	-379.83	-3084	-0	-0	-0	300	0	-203	-0	-0	-0	-0	300	0	200	-0
358	-106.2	534.32	48.43	1687.8	0	-285.41	-274.55	-0	-0	-0	2109	0	-203	-0	366.79	1519.29	39.5	1126.88	0	-379.78	-2624.91	-0	-0	-0	300	0	-203	-0	-0	-0	-0	300	0	200	-0
359	-118.41	526.82	34.94	1690.24	0	-284.1	-849.24	-0	-0	-0	2109	0	-203	-0	367.47	1450.33	35.02	1127.92	0	-379.3	-2844.43	-0	-0	-0	300	0	-203	-0	0	0	0	300	0	200	0
360	-123.23	524.64	24.34	1693.32	0	-282.76	-861.08	-0	-0	-0	2109	0	-203	-0	367.88	1378.66	30	1129.37	0	-379.41	-2531.58	0	0	0	300	0	-203	0	-0	-0	-0	300	0	200	-0
361	-125.96	534.98	13.89	1695.66	0	-280.68	-688.46	-6.39	35.37	4.15	1872.02	0	-211.16	305.9	368.69	1281.46	24.43	1130.44	0	-379.3	-2356.43	0	0	0	300	0	-203	0	-0	-0	-0	300	0	200	-0
362	-126.28	558.14	6.65	1696.96	0	-278.74	-313.54	-5.43	48.2	4.95	1859.43	0	-212.08	-141.88	368.01	1194.58	18.73	1131.42	0	-379.05	-2305.92	0	0	0	300	0	-203	0	-0	-0	-0	300	0	200	-0
363	-128.21	584.12	-0.11	1697.63	0	-277.78	-360.44	-3.68	63.23	4.31	1840.87	0	-217.52	-366.79	369.1	1115.31	13.03	1131.55	0	-378.96	-1860.64	-0	-0	-0	300	0	-203	-0	-0	-0	-0	300	0	200	-0
364	-136.56	606.96	-6.38	1700.59	0	-277.38	66.04	-2.4	83.26	2.07	1854.98	0	-218.93	-271.55	368.42	998.02	5.02	1132.76	0	-378.4	-1736.93	-0	-0	-0	300	0	-203	-0	-0	-0	-0	300	0	200	-0
365	-151.18	625.42	-11.99	1701.43	0	-276.14	402.74	-3.04	97.03	-0	1852.02	0	-222.33	-371.93	368.56	906.26	-0.68	1134.42	0	-378.04	-1787.72	-0	-0	-0	300	0	-203	-0	-0	-0	-0	300	0	200	-0
366	-164.19	632.62	-17.27	1703.07	0	-275.89	825.78	-3.68	112.06	-2.56	1863.86	0	-224.86	-533.9	366.79	813.95	-8.01	1135.69	0	-378.16	-2038.19	-0	-0	-0	300	0	-203	-0	-0	-0	-0	300	0	200	-0
367	-177.37	623.54	-24.32	1706.04	0	-275.63	647.1	-5.6	124.57	-4.47	1864.63	0	-224	-52.08	329.33	695.03	-13.57	1136.68	0	-377.64	-1787.23	-0	-0	-0	300	0	-203	-0	-0	-0	-0	300	0	200	-0
368	-190.06	621.04	-28.14	1708.29	0	-274.88	1156.09	-8.96	141.48	-2.88	1872.33	0	-226.26	-549.97	297.56	591.86	-18.87	1138.27	0	-377.04	-2023.53	-0	-0	-0	300	0	-203	-0	-0	-0	-0	300	0	200	-0
369	-198.9	623.86	-33.29	1708	0	-274.05	559.54	-10.55	151.81	-4.96	1857.83	0	-229.54	333.74	254.94	497.38	-20.5	1141.81	0	-376.38	-2106.73	-0	-0	-0	300	0	-203	-0	0	0	0	300	0	200	0
370	-205.01	633.56	-37.62	1708.1	0	-273.34	578.13	-14.23	173.71	-1.61	1870.47	0	-228.73	-104.79	195.07	384.44	-19.41	1145.23	0	-375.88	-2045.64	-0	-0	-0	300	0	-203	-0	-0	-0	-0	300	0	200	-0
371	-211.92	648.58	-39.71	1708.31	0	-273.02	513.23	-15.51	190.62	2.38	1868.31	0	-230.96	27.29	144.98	294.3	-16.02	1150.35	0	-375.44	-1540.61	0	0	0	300	0	-203	0	-0	-0	-0	300	0	200	-0
372	-213.36	665.48	-39.07	1708.34	0	-273.34	477.8	-17.75	210.34	6.05	1872.21	0	-233.75	-121.3	101	218.83	-9.91	1159.52	0	-375.39	-923.79	-0	-0	-0	300	0	-203	-0	-0	-0	-0	300	0	200	-0
373	-210.15	676.73	-37.33	1708.34	0	-273.82	-3.04	-19.02	220.35	8.6	1871.34	0	-234.86	-142.9	65.16	141.72	-3.12	1174.71	0	-376.33	-572.28	-0	-0	-0	300	0	-203	-0	-0	-0	-0	300	0	200	-0
374	-208.06	693.95	-37.01	1706.26	0	-273.5	100.12	-20.78	230.68	11	1871.03	0	-235.38	-322.45	45.61	103.17	1.22	1181.87	0	-376.53	78.1	-0	-0	-0	300	0	-203	-0	-0	-0	-0	300	0	200	-0
375	-201.79	701.14	-39.11	1707.22	0	-274.26	5.31	-20.78	241.01	12.11	1869.54	0	-236.42	-468.55	41.27	80.36	3.12	1198.53	0	-373.48	49.33	-0	-0	-0	300	0	-203	-0	-0	-0	-0	300	0	200	-0
376	-199.38	713.04	-40.73	1706.66	0	-273.81	-6.63	-21.42	255.41	11.64	1872.63	0	-237.86	-875.94	28.78	71.13	2.85	1183.37	0	-375.47	79.3	-0	-0	-0	300	0	-203	-0	-0	-0	-0	300	0	200	-0
377	-197.77	723.36	-43.95	1707.97	0	-273.89	169.58	-19.83	263.24	9.4	1871.15	0	-237.66	-607.08	22.94	61.36	1.09	1191.62	0	-374.68	-353.56	-0	-0	-0	300	0	-203	-0	-0	-0	-0	300	0	200	-0
378	-195.19	729.61	-45.24	1707.78	0	-274.71	274.11	-19.83	273.88	9.56	1869.88	0	-237.65	-958.33	13.17	55.93	1.36	1183.14	0	-376.37	-177.28	-0	-0	-0	300	0	-203	-0	-0	-0	-0	300	0	200	-0
379	-191.82	732.76	-48.63	1707.82	0	-272.98	352.53	-18.55	283.89	7.01	1875	0	-237.13	-447.52	-0	-0	-0	903	0	-403	-0	-0	-0	-0	300	0	-203	-0	-0	-0	-0	300	0	200	-0
380	-186.52	728.38	-50.4	1708.35	0	-272.48	263.48	-18.23	285.46	7	1872.61	0	-238.12	-125.67	-0	-0	-0	903	0	-403	-0	-0	-0	-0	300	0	-203	-0	-0	-0	-0	300	0	200	-0
381	-180.57	715.86	-50.09	1708.97	0	-272.95	-267.94	-17.59	295.16	8.12	1876.45	0	-238.7	-173.71	-0	-0	-0	903	0	-403	-0	0	0	0	300	0	-203	0	-0	-0	-0	300	0	200	-0
382	-174.79	709.94	-49.44	1707.79	0	-271.32	-7.64	-18.55	299.23	9.4	1875.49	0	-238.38	-291.59	-0	-0	-0	903	0	-403	-0	-0	-0	-0	300	0	-203	-0	-0	-0	-0	300	0	200	-0
383	-170.78	699.6	-45.25	1708.63	0	-271.99	250	-19.83	302.68	9.88	1873.19	0	-239.76	-479.82	-8.14	23.89	2.04	1175.47	0	-391.45	-230.35	-0	-0	-0	300	0	-203	-0	-0	-0	-0	300	0	200	-0
384	-168.05	690.84	-42.67	1708.86	0	-271.6	357.73	-19.51	311.44	8.76	1873.03	0	-237.7	-30.18	-0	-0	-0	903	0	-403	-0	-0	-0	-0	300	0	-203	-0	-0	-0	-0	300	0	200	-0
385	-162.58	683.96	-42.51	1709.08	0	-271.4	449.08	-18.71	320.2	6.68	1873.35	0	-237.76	-35.46	-0	-0	-0	903	0	-403	-0	-0	-0	-0	300	0	-203	-0	-0	-0	-0	300	0	200	-0
386	-159.53	678.02	-42.34	1709.33	0	-270.49	893.24	-19.67	329.59	8.12	1873.47	0	-236.56	-685.07	-0	-0	-0	903	0	-403	-0	-0	-0	-0	300	0	-203	-0	-0	-0	-0	300	0	200	-0
387	-153.11	665.51	-44.26	1710.99	0	-270.32	784.27	-19.35	339.3	5.41	1872.69	0	-238.31	-333.41	-0	-0	-0	903	0	-403	-0	-0	-0	-0	300	0	-203	-0	-0	-0	-0	300	0	200	-0
388	-148.13	655.82	-46.03	1711.42	0	-269.22	836.03	-19.51	349.31	6.36	1875.5	0	-237.17	-365.5	-0	-0	-0	903	0	-403	-0	-0	-0	-0	300	0	-203	-0	-0	-0	-0	300	0	200	-0
389	-139.45	642.37	-48.29	1713.36	0	-268.49	929.5	-17.91	357.14	4.93	1874.35	0	-238.61	-230.05	-0	-0	-0	903	0	-403	-0	-0	-0	-0	300	0	-203	-0	-0	-0	-0	300	0	200	-0
390	-132.86	632.38	-52.31	1711.79	0	-266.63	804.15	-15.99	364.96	7	1871.91	0	-238.29	-630.07	-0	-0	-0	903	0	-403	-0	-0	-0	-0	300	0	-203	-0	-0	-0	-0	300	0	200	-0
391	-125.63	615.8	-54.06	1712.1	0	-265.73	1049.82	-15.67	376.23	5.88	1874.06	0	-237.38	-447.49	-0	-0	-0	903	0	-403	-0	0	0	0	300	0	-203	0	-0	-0	-0	300	0	200	-0
392	-122.1	591.71	-54.54	1714.97	0	-264.59	687.93	-16.31	384.37	4.76	1875.04	0	-237.96	-217.3	-0	-0	-0	903	0	-403	-0	-0	-0	-0	300	0	-203	-0	-0	-0	-0	300	0	200	-0
393	-118.57	574.21	-55.82	1713.35	0	-263.17	654.26	-15.67	395.32	3.49	1875.74	0	-236.67	-193.04	-0	-0	-0	903	0	-403	-0	-0	-0	-0	300	0	-203	-0	-0	-0	-0	300	0	200	-0
394	-118.57	547.3	-55.63	1716.92	0	-262.28	919.18	-17.91	403.46	3.01	1873.98	0	-237.73	-161.21	-0	-0	-0	903	0	-403	-0	-0	-0	-0	300	0	-203	-0	-0	-0	-0	300	0	200	-0
395	-114.4	519.45	-54.49	1719.35	0	-261.53	947.75	-19.83	409.1	2.05	1870.56	0	-238.28	-96.78	-0	-0	-0	903	0	-403	-0	-0	-0	-0	300	0	-203	-0	-0	-0	-0	300	0	200	-0
396	-113.76	498.5	-54.95	1719.22	0	-260.05	1162.17	-22.39	423.18	2.21	1873.03	0	-237.53	-555.28	0	0	0	903	0	-403	0	-0	-0	-0	300	0	-203	-0	-0	-0	-0	300	0	200	-0
397	-110.55	469.08	-54.13	1723.85	0	-258.75	1127.06	-21.27	434.45	0.45	1872.65	0	-237.34	-110.03	-0	-0	-0	903	0	-403	-0	-0	-0	-0	300	0	-203	-0	-0	-0	-0	300	0	200	-0
398	-105.09	445.94	-54.59	1724.52	0	-256.31	1456.03	-22.07	445.09	1.57	1871.46	0	-238.09	-574.49	-0	-0	-0	903	0	-403	-0	-0	-0	-0	300	0	-203	-0	0	0	0	300	0	200	0
399	-100.43	421.54	-58.13	1726.72	0	-253.74	1092.18	-21.75	454.79	1.25	1872.3	0	-237.95	-265.13	-0	-0	-0	903	0	-403	-0	-0	-0	-0	300	0	-203	-0	-0	-0	-0	300	0	200	-0
400	-97.54	393.07	-57.79	1731.77	0	-252.32	1189.43	-21.59	464.18	0.93	1873.33	0	-238.41	-122.02	-0	-0	-0	903	0	-403	-0	-0	-0	-0	300	0	-203	-0	-0	-0	-0	300	0	200	-0
401	-92.72	369.3	-59.23	1732.69	0	-249.39	1094.06	-21.11	477.02	1.73	1875.38	0	-238.09	-321.92	-0	-0	-0	903	0	-403	-0	0	0	0	300	0	-203	0	-0	-0	-0	300	0	200	-0
402	-92.08	352.11	-60.51	1730.88	0	-245.97	1169.21	-23.19	486.09	1.89	1875.03	0	-237.34	-210.53	-0	-0	-0	903	0	-403	-0	-0	-0	-0	300	0	-203	-0	-0	-0	-0	300	0	200	-0
403	-89.19	323.95	-61.16	1735.79	0	-243.55	703.38	-22.71	492.35	0.61	1874.49	0	-237.94	-132.44	-0	-0	-0	903	0	-403	-0	0	0	0	300	0	-203	0	-0	-0	-0	300	0	200	-0
404	-85.82	301.11	-58.41	1734.84	0	-239.84	1952.53	-24.95	501.43	0.61	1874.15	0	-237.39	-222.8	-0	-0	-0	903	0	-403	-0	-0	-0	-0	300	0	-203	-0	-0	-0	-0	300	0	200	-0
405	-81.8	274.82	-60.19	1742.87	0	-238.76	999.86	-23.99	507.06	-1.31	1872.16	0	-237.03	41.88	-0	-0	-0	903	0	-403	-0	-0	-0	-0	300	0	-203	-0	-0	-0	-0	300	0	200	-0
406	-78.1	253.55	-56.81	1743.2	0	-234.92	1896.48	-25.11	514.89	-1.47	1873.1	0	-236.61	-64.29	-0	-0	-0	903	0	-403	-0	-0	-0	-0	300	0	-203	-0	-0	-0	-0	300	0	200	-0
407	-74.09	226.94	-55.21	1752.83	0	-232.88	1386.17	-25.75	524.28	-2.74	1873.45	0	-236.84	-251.42	-0	-0	-0	903	0	-403	-0	-0	-0	-0	300	0	-203	-0	-0	-0	-0	300	0	200	-0
408	-72.48	211	-51.84	1752.57	0	-227.08	2103.07	-27.51	531.48	-3.06	1874.24	0	-236.62	5.17	-0	-0	-0	903	0	-403	-0	-0	-0	-0	300	0	-203	-0	-0	-0	-0	300	0	200	-0
409	-67.66	182.82	-51.04	1761.71	0	-226.09	1363.97	-27.83	539.61	-4.34	1874.97	0	-236.92	-87.94	-0	-0	-0	903	0	-403	-0	-0	-0	-0	300	0	-203	-0	-0	-0	-0	300	0	200	-0
410	-64.76	164.98	-47.04	1765.53	0	-222.2	1724.4	-29.27	544.93	-3.22	1874.49	0	-236.7	-250.03	-0	-0	-0	903	0	-403	-0	-0	-0	-0	300	0	-203	-0	-0	-0	-0	300	0	200	-0
411	-61.39	150.28	-44.32	1763.25	0	-216.98	1834.41	-30.7	553.7	-4.66	1875.36	0	-236.56	-127.25	-0	-0	-0	903	0	-403	-0	-0	-0	-0	300	0	-203	-0	-0	-0	-0	300	0	200	-0
412	-57.69	134.32	-42.9	1768.56	0	-212.84	1284.26	-32.3	558.39	-4.82	1876.4	0	-236.36	-186.82	-0	-0	-0	903	0	-403	-0	-0	-0	-0	300	0	-203	-0	-0	-0	-0	300	0	200	-0
413	-50.62	120.86	-38.57	1767.97	0	-210.69	1237.27	-33.26	565.59	-7.06	1876.29	0	-235.8	78.94	-0	-0	-0	903	0	-403	-0	-0	-0	-0	300	0	-203	-0	0	0	0	300	0	200	0
414	-47.73	103.33	-34.4	1773.76	0	-207.18	1421.64	-35.5	568.09	-7.7	1876.25	0	-235.7	132.31	-0	-0	-0	903	0	-403	-0	0	0	0	300	0	-203	0	-0	-0	-0	300	0	200	-0
415	-42.11	93.94	-31.19	1779.4	0	-206.78	1496.87	-39.18	570.6	-9.61	1875.86	0	-235.99	240.77	-0	-0	-0	903	0	-403	-0	-0	-0	-0	300	0	-203	-0	-0	-0	-0	300	0	200	-0
416	-37.12	83.29	-27.51	1782.62	0	-206.98	1100.92	-41.58	578.11	-11.21	1876.96	0	-235.82	36.31	-0	-0	-0	903	0	-403	-0	-0	-0	-0	300	0	-203	-0	-0	-0	-0	300	0	200	-0
417	-31.66	68.9	-25.6	1795.15	0	-196.69	1039.75	-44.14	581.55	-13.44	1876.94	0	-235.1	43.21	-0	-0	-0	903	0	-403	-0	-0	-0	-0	300	0	-203	-0	-0	-0	-0	300	0	200	-0
418	-27	65.77	-21.25	1783.72	0	-198.94	2104.35	-47.17	586.56	-15.04	1876.96	0	-235.72	-256.89	-0	-0	-0	903	0	-403	-0	-0	-0	-0	300	0	-203	-0	-0	-0	-0	300	0	200	-0
419	-0	-0	-0	1506	0	-203	-0	-47.81	589.06	-18.23	1876.62	0	-235.34	246.85	-0	-0	-0	903	0	-403	-0	0	0	0	300	0	-203	0	-0	-0	-0	300	0	200	-0
420	-20.09	50.11	-19.04	1794.56	0	-191.11	945.28	-48.13	595.01	-19.83	1878.18	0	-234.7	134.35	-0	-0	-0	903	0	-403	-0	0	0	0	300	0	-203	0	-0	-0	-0	300	0	200	-0
421	-0	-0	-0	1506	0	-203	-0	-48.61	593.76	-20.15	1877.23	0	-234.67	194.6	-0	-0	-0	903	0	-403	-0	-0	-0	-0	300	0	-203	-0	-0	-0	-0	300	0	200	-0
422	-17.52	36.97	-15.69	1802.22	0	-178.52	740.5	-48.77	599.7	-22.38	1878.58	0	-234.09	21.58	-0	-0	-0	903	0	-403	-0	-0	-0	-0	300	0	-203	-0	-0	-0	-0	300	0	200	-0
423	-0	-0	-0	1506	0	-203	-0	-45.9	598.76	-24.94	1878.76	0	-233.91	564.79	0	0	0	903	0	-403	0	-0	-0	-0	300	0	-203	-0	-0	-0	-0	300	0	200	-0
424	-14.14	30.07	-12	1783.76	0	-189.56	657.07	-46.54	601.26	-25.42	1879.67	0	-233.19	338.99	-0	-0	-0	903	0	-403	-0	-0	-0	-0	300	0	-203	-0	0	0	0	300	0	200	0
425	-10.61	26.31	-10.57	1782.27	0	-193.64	73.08	-45.26	596.57	-26.7	1877.44	0	-233.47	526.58	-0	-0	-0	903	0	-403	-0	-0	-0	-0	300	0	-203	-0	-0	-0	-0	300	0	200	-0
426	-10.61	26.32	-8.96	1748.83	0	-190.69	680.84	-45.1	595.94	-28.77	1877.63	0	-232.53	576.1	-0	-0	-0	903	0	-403	-0	-0	-0	-0	300	0	-203	-0	0	0	0	300	0	200	0
427	-0	-0	-0	1506	0	-203	-0	-42.7	596.57	-31	1878.69	0	-232.43	439.11	-0	-0	-0	903	0	-403	-0	-0	-0	-0	300	0	-203	-0	-0	-0	-0	300	0	200	-0
428	-7.39	20.68	-5.59	1719.47	0	-197.74	1015.58	-41.9	595	-32.12	1878.05	0	-231.53	651.64	-0	-0	-0	903	0	-403	-0	-0	-0	-0	300	0	-203	-0	-0	-0	-0	300	0	200	-0
429	-0	-0	-0	1506	0	-203	-0	-39.67	594.38	-33.08	1878.83	0	-232.01	392.68	-0	-0	-0	903	0	-403	-0	-0	-0	-0	300	0	-203	-0	-0	-0	-0	300	0	200	-0
430	-0	-0	-0	1506	0	-203	-0	-37.27	588.12	-35.31	1877.85	0	-232.25	575.1	-0	-0	-0	903	0	-403	-0	0	0	0	300	0	-203	0	-0	-0	-0	300	0	200	-0
431	-0	-0	-0	1506	0	-203	-0	-36.47	588.74	-35.79	1879.22	0	-232.13	408.6	-0	-0	-0	903	0	-403	-0	-0	-0	-0	300	0	-203	-0	-0	-0	-0	300	0	200	-0
432	-0	-0	-0	1506	0	-203	-0	-34.71	587.49	-37.07	1879.09	0	-231.78	521.43	-0	-0	-0	903	0	-403	-0	-0	-0	-0	300	0	-203	-0	-0	-0	-0	300	0	200	-0
433	-0	-0	-0	1506	0	-203	-0	-33.27	586.55	-38.5	1879.59	0	-231.75	645.64	-0	-0	-0	903	0	-403	-0	0	0	0	300	0	-203	0	-0	-0	-0	300	0	200	-0
434	-0	-0	-0	1506	0	-203	-0	-31.2	584.05	-39.46	1879.85	0	-231.57	1030.53	-0	-0	-0	903	0	-403	-0	-0	-0	-0	300	0	-203	-0	-0	-0	-0	300	0	200	-0
435	-0	-0	-0	1506	0	-203	-0	-29.76	581.85	-40.58	1879.64	0	-231.45	751.42	-0	-0	-0	903	0	-403	-0	-0	-0	-0	300	0	-203	-0	-0	-0	-0	300	0	200	-0
436	-0	-0	-0	1506	0	-203	-0	-29.28	585.92	-42.18	1883.08	0	-230.17	992.37	-0	-0	-0	903	0	-403	-0	-0	-0	-0	300	0	-203	-0	-0	-0	-0	300	0	200	-0
437	-0	-0	-0	1506	0	-203	-0	-27.68	582.16	-43.61	1881.11	0	-230.59	955.56	-0	-0	-0	903	0	-403	-0	-0	-0	-0	300	0	-203	-0	-0	-0	-0	300	0	200	-0
438	-0	-0	-0	1506	0	-203	-0	-26.24	579.97	-45.05	1880.69	0	-230.62	1418.84	-0	-0	-0	903	0	-403	-0	0	0	0	300	0	-203	0	-0	-0	-0	300	0	200	-0
439	-0	-0	-0	1506	0	-203	-0	-22.72	579.66	-46.81	1880.32	0	-230.58	1392.2	0	0	0	903	0	-403	0	-0	-0	-0	300	0	-203	-0	-0	-0	-0	300	0	200	-0
440	-0	-0	-0	1506	0	-203	-0	-22.25	580.29	-46.33	1879.75	0	-230.77	1113.32	-0	-0	-0	903	0	-403	-0	0	0	0	300	0	-203	0	-0	-0	-0	300	0	200	-0
441	-0	-0	-0	1506	0	-203	-0	-19.53	582.16	-47.45	1878.99	0	-230.64	1561.3	-0	-0	-0	903	0	-403	-0	-0	-0	-0	300	0	-203	-0	-0	-0	-0	300	0	200	-0
442	-0	-0	-0	1506	0	-203	-0	-17.13	584.36	-47.93	1880.59	0	-230.77	1365.03	-0	-0	-0	903	0	-403	-0	-0	-0	-0	300	0	-203	-0	-0	-0	-0	300	0	200	-0
443	-0	-0	-0	1506	0	-203	-0	-14.73	583.42	-49.52	1879.88	0	-231.01	1950.72	-0	-0	-0	903	0	-403	-0	-0	-0	-0	300	0	-203	-0	-0	-0	-0	300	0	200	-0
444	-0	-0	-0	1506	0	-203	-0	-11.22	587.17	-49.36	1880.35	0	-231.2	1776.01	-0	-0	-0	903	0	-403	-0	-0	-0	-0	300	0	-203	-0	-0	-0	-0	300	0	200	-0
445	-0	-0	-0	1506	0	-203	-0	-9.3	590.3	-50.48	1881.3	0	-230.76	1882.82	-0	-0	-0	903	0	-403	-0	-0	-0	-0	300	0	-203	-0	-0	-0	-0	300	0	200	-0
446	-0	-0	-0	1506	0	-203	-0	-6.58	591.87	-49.36	1880.53	0	-231.55	1774.28	-0	-0	-0	903	0	-403	-0	-0	-0	-0	300	0	-203	-0	-0	-0	-0	300	0	200	-0
447	-0	-0	-0	1506	0	-203	-0	-4.82	599.69	-50.96	1880.83	0	-230.74	2108.35	-0	-0	-0	903	0	-403	-0	-0	-0	-0	300	0	-203	-0	0	0	0	300	0	200	0
448	-0	-0	-0	1506	0	-203	-0	-2.58	603.76	-51.76	1880.79	0	-231.43	2245.11	-0	-0	-0	903	0	-403	-0	-0	-0	-0	300	0	-203	-0	-0	-0	-0	300	0	200	-0
449	-0	-0	-0	1506	0	-203	-0	0.29	607.83	-52.4	1879.97	0	-231.35	2529.24	-0	-0	-0	903	0	-403	-0	-0	-0	-0	300	0	-203	-0	-0	-0	-0	300	0	200	-0
450	-0	-0	-0	1506	0	-203	-0	3.81	612.84	-51.92	1878.85	0	-231.57	2571.91	-0	-0	-0	903	0	-403	-0	-0	-0	-0	300	0	-203	-0	-0	-0	-0	300	0	200	-0
451	-0	-0	-0	1506	0	-203	-0	6.85	620.04	-50.97	1879.23	0	-231.59	2898.88	-0	-0	-0	903	0	-403	-0	0	0	0	300	0	-203	0	-0	-0	-0	300	0	200	-0
452	-0	-0	-0	1506	0	-203	-0	10.52	629.74	-50.49	1880.77	0	-232.13	2732.34	-0	-0	-0	903	0	-403	-0	-0	-0	-0	300	0	-203	-0	-0	-0	-0	300	0	200	-0
453	-0	-0	-0	1506	0	-203	-0	14.36	635.69	-50.01	1879.94	0	-232.35	3400.74	-0	-0	-0	903	0	-403	-0	-0	-0	-0	300	0	-203	-0	-0	-0	-0	300	0	200	-0
454	-0	-0	-0	1506	0	-203	-0	17.72	647.89	-49.85	1881.32	0	-232.65	3502.26	-0	-0	-0	903	0	-403	-0	-0	-0	-0	300	0	-203	-0	-0	-0	-0	300	0	200	-0
455	-0	-0	-0	1506	0	-203	-0	21.24	649.46	-50.02	1878.75	0	-233.69	4132.93	-0	-0	-0	903	0	-403	-0	-0	-0	-0	300	0	-203	-0	0	0	0	300	0	200	0
456	-0	-0	-0	1506	0	-203	-0	24.43	662.61	-48.74	1879.96	0	-233.44	4320.02	-0	-0	-0	903	0	-403	-0	0	0	0	300	0	-203	0	-0	-0	-0	300	0	200	-0
457	-0	-0	-0	1506	0	-203	-0	28.27	671.68	-48.42	1879.88	0	-233.85	4583.91	-0	-0	-0	903	0	-403	-0	0	0	0	300	0	-203	0	-0	-0	-0	300	0	200	-0
458	-0	-0	-0	1506	0	-203	-0	30.99	681.39	-46.35	1879.39	0	-233.54	4409.47	-0	-0	-0	903	0	-403	-0	-0	-0	-0	300	0	-203	-0	-0	-0	-0	300	0	200	-0
459	-0	-0	-0	1506	0	-203	-0	35.46	691.4	-47.15	1879.4	0	-234.13	5064.66	-0	-0	-0	903	0	-403	-0	-0	-0	-0	300	0	-203	-0	-0	-0	-0	300	0	200	-0
460	-0	-0	-0	1506	0	-203	-0	38.66	703.61	-45.39	1880.13	0	-234.48	5143.96	-0	-0	-0	903	0	-403	-0	-0	-0	-0	300	0	-203	-0	-0	-0	-0	300	0	200	-0
461	-0	-0	-0	1506	0	-203	-0	41.54	715.19	-44.44	1880.8	0	-235.12	5229.75	-0	-0	-0	903	0	-403	-0	-0	-0	-0	300	0	-203	-0	-0	-0	-0	300	0	200	-0
462	-0	-0	-0	1506	0	-203	-0	46.33	725.21	-43.8	1880.29	0	-235.87	5781.99	-0	-0	-0	903	0	-403	-0	0	0	0	300	0	-203	0	0	0	0	300	0	200	0
463	-0	-0	-0	1506	0	-203	-0	48.41	733.66	-40.61	1879.06	0	-236.67	5828.37	-0	-0	-0	903	0	-403	-0	-0	-0	-0	300	0	-203	-0	-0	-0	-0	300	0	200	-0
464	-0	-0	-0	1506	0	-203	-0	54.33	748.06	-41.57	1880.51	0	-236.89	6513.98	-0	-0	-0	903	0	-403	-0	-0	-0	-0	300	0	-203	-0	-0	-0	-0	300	0	200	-0
465	-0	-0	-0	1506	0	-203	-0	55.77	757.14	-38.86	1879.95	0	-237.45	6903.7	-0	-0	-0	903	0	-403	-0	-0	-0	-0	300	0	-203	-0	-0	-0	-0	300	0	200	-0
466	-0	-0	-0	1506	0	-203	-0	59.44	769.65	-36.15	1880.98	0	-237.4	7020.55	-0	-0	-0	903	0	-403	-0	-0	-0	-0	300	0	-203	-0	-0	-0	-0	300	0	200	-0
467	-0	-0	-0	1506	0	-203	-0	60.88	781.86	-35.2	1881.03	0	-238.49	7383.3	-0	-0	-0	903	0	-403	-0	0	0	0	300	0	-203	0	-0	-0	-0	300	0	200	-0
468	-0	-0	-0	1506	0	-203	-0	65.36	791.25	-34.72	1879.89	0	-238.8	8024.79	-0	-0	-0	903	0	-403	-0	-0	-0	-0	300	0	-203	-0	-0	-0	-0	300	0	200	-0
469	-0	-0	-0	1506	0	-203	-0	66.48	805.96	-32.97	1881.11	0	-238.83	8020.86	-0	-0	-0	903	0	-403	-0	-0	-0	-0	300	0	-203	-0	-0	-0	-0	300	0	200	-0
470	-0	-0	-0	1506	0	-203	-0	69.36	817.24	-30.74	1879.83	0	-239.95	8370.79	-0	-0	-0	903	0	-403	-0	-0	-0	-0	300	0	-203	-0	-0	-0	-0	300	0	200	-0
471	-0	-0	-0	1506	0	-203	-0	73.35	830.38	-31.06	1879.92	0	-240.29	8979.53	-0	-0	-0	903	0	-403	-0	0	0	0	300	0	-203	0	-0	-0	-0	300	0	200	-0
472	-0	-0	-0	1506	0	-203	-0	76.55	846.97	-27.55	1881.26	0	-240.65	8371.98	-0	-0	-0	903	0	-403	-0	-0	-0	-0	300	0	-203	-0	-0	-0	-0	300	0	200	-0
473	-0	-0	-0	1506	0	-203	-0	78.63	856.36	-30.27	1881.24	0	-241.09	9349.62	-0	-0	-0	903	0	-403	-0	-0	-0	-0	300	0	-203	-0	0	0	0	300	0	200	0
474	-0	-0	-0	1506	0	-203	-0	82.15	868.26	-23.08	1881.81	0	-241.64	8944.2	-0	-0	-0	903	0	-403	-0	0	0	0	300	0	-203	0	-0	-0	-0	300	0	200	-0
475	-0	-0	-0	1506	0	-203	-0	87.74	877.33	-25	1881.55	0	-242.07	9354.27	-0	-0	-0	903	0	-403	-0	0	0	0	300	0	-203	0	-0	-0	-0	300	0	200	-0
476	-0	-0	-0	1506	0	-203	-0	85.82	889.23	-25.16	1882.37	0	-242.49	9285.79	-0	-0	-0	903	0	-403	-0	-0	-0	-0	300	0	-203	-0	0	0	0	300	0	200	0
477	-0	-0	-0	1506	0	-203	-0	87.1	901.43	-26.44	1882.8	0	-242.4	9223.32	-0	-0	-0	903	0	-403	-0	-0	-0	-0	300	0	-203	-0	-0	-0	-0	300	0	200	-0
478	-0	-0	-0	1506	0	-203	-0	94.45	911.44	-28.19	1883.47	0	-242.55	9466.05	-0	-0	-0	903	0	-403	-0	-0	-0	-0	300	0	-203	-0	-0	-0	-0	300	0	200	-0
479	-0	-0	-0	1506	0	-203	-0	101.33	916.77	-24.37	1882.62	0	-242.9	9971.85	-0	-0	-0	903	0	-403	-0	-0	-0	-0	300	0	-203	-0	-0	-0	-0	300	0	200	-0
480	-0	-0	-0	1506	0	-203	-0	106.44	924.28	-21.81	1881.74	0	-243.33	9956.42	-0	-0	-0	903	0	-403	-0	0	0	0	300	0	-203	0	-0	-0	-0	300	0	200	-0
481	-0	-0	-0	1506	0	-203	-0	106.44	935.23	-21.33	1882.73	0	-242.88	9784.34	-0	-0	-0	903	0	-403	-0	-0	-0	-0	300	0	-203	-0	-0	-0	-0	300	0	200	-0
482	-0	-0	-0	1506	0	-203	-0	114.11	939.93	-19.41	1883.92	0	-243.26	8946.57	-0	-0	-0	903	0	-403	-0	-0	-0	-0	300	0	-203	-0	0	0	0	300	0	200	0
483	-0	-0	-0	1506	0	-203	-0	119.39	944.63	-23.08	1883.52	0	-243.6	9449.45	-0	-0	-0	903	0	-403	-0	-0	-0	-0	300	0	-203	-0	0	0	0	300	0	200	0
484	-0	-0	-0	1506	0	-203	-0	126.58	947.13	-23.72	1883.82	0	-243.69	9525.41	-0	-0	-0	903	0	-403	-0	-0	-0	-0	300	0	-203	-0	-0	-0	-0	300	0	200	-0
485	-0	-0	-0	1506	0	-203	-0	129.14	952.14	-24.04	1884.87	0	-243.96	9456.17	-0	-0	-0	903	0	-403	-0	-0	-0	-0	300	0	-203	-0	-0	-0	-0	300	0	200	-0
486	-0	-0	-0	1506	0	-203	-0	132.17	951.82	-26.12	1884.35	0	-243.88	9307.57	-0	-0	-0	903	0	-403	-0	-0	-0	-0	300	0	-203	-0	-0	-0	-0	300	0	200	-0
487	-0	-0	-0	1506	0	-203	-0	138.57	951.82	-27.87	1884.94	0	-243.74	9512.14	-0	-0	-0	903	0	-403	-0	-0	-0	-0	300	0	-203	-0	-0	-0	-0	300	0	200	-0
488	-0	-0	-0	1506	0	-203	-0	144	952.44	-29.62	1885.88	0	-243.17	8962	0	0	0	903	0	-403	0	-0	-0	-0	300	0	-203	-0	-0	-0	-0	300	0	200	-0
489	-0	-0	-0	1506	0	-203	-0	149.75	945.25	-31.7	1884.81	0	-243.38	8692.86	-0	-0	-0	903	0	-403	-0	0	0	0	300	0	-203	0	-0	-0	-0	300	0	200	-0
490	-0	-0	-0	1506	0	-203	-0	155.51	943.05	-33.45	1885.44	0	-243.04	8216.33	-0	-0	-0	903	0	-403	-0	-0	-0	-0	300	0	-203	-0	-0	-0	-0	300	0	200	-0
491	-0	-0	-0	1506	0	-203	-0	159.34	938.99	-35.2	1887.27	0	-243.59	8280.67	-0	-0	-0	903	0	-403	-0	-0	-0	-0	300	0	-203	-0	-0	-0	-0	300	0	200	-0
492	-0	-0	-0	1506	0	-203	-0	162.06	938.68	-41.13	1890.07	0	-244.19	10327.8	-0	-0	-0	903	0	-403	-0	0	0	0	300	0	-203	0	-0	-0	-0	300	0	200	-0
493	-0	-0	-0	1506	0	-203	-0	165.09	950.91	-48.49	1900.62	0	-246.52	12434.8	-0	-0	-0	903	0	-403	-0	-0	-0	-0	300	0	-203	-0	-0	-0	-0	300	0	200	-0
494	-0	-0	-0	1506	0	-203	-0	160.13	1006.39	-61.17	1933.1	0	-253.88	17369.1	0	0	0	903	0	-403	0	0	0	0	300	0	-203	0	-0	-0	-0	300	0	200	-0
495	-0	-0	-0	1506	0	-203	-0	149.09	1169.98	-83.32	1999.01	0	-269.72	23587.1	-0	-0	-0	903	0	-403	-0	0	0	0	300	0	-203	0	-0	-0	-0	300	0	200	-0
496	-0	-0	-0	1506	0	-203	-0	158.82	1307.88	-98.58	2043.82	0	-279.92	25681.2	-0	-0	-0	903	0	-403	-0	0	0	0	300	0	-203	0	-0	-0	-0	300	0	200	-0
497	-0	-0	-0	1506	0	-203	-0	168.89	1332.96	-112.35	2054.72	0	-282.18	27675.5	0	0	0	903	0	-403	0	-0	-0	-0	300	0	-203	-0	-0	-0	-0	300	0	200	-0
498	-0	-0	-0	1506	0	-203	-0	171.93	1298.18	-124.18	2051.97	0	-280.37	28893.6	-0	-0	-0	903	0	-403	-0	0	0	0	300	0	-203	0	-0	-0	-0	300	0	200	-0
499	-0	-0	-0	1506	0	-203	-0	175.61	1263.11	-125.14	2051.71	0	-280.59	29720.1	-0	-0	-0	903	0	-403	-0	-0	-0	-0	300	0	-203	-0	-0	-0	-0	300	0	200	-0
500	-0	-0	-0	1506	0	-203	-0	176.56	1256.55	-125.3	2058.78	0	-282.11	28310.6	-0	-0	-0	903	0	-403	-0	-0	-0	-0	300	0	-203	-0	-0	-0	-0	300	0	200	-0
501	-0	-0	-0	1506	0	-203	-0	176.4	1258.15	-122.9	2069.24	0	-284.58	26750.5	-0	-0	-0	903	0	-403	-0	-0	-0	-0	300	0	-203	-0	-0	-0	-0	300	0	200	-0
502	-0	-0	-0	1506	0	-203	-0	177.68	1254.1	-119.39	2079.4	0	-286.72	25829.7	-0	-0	-0	903	0	-403	-0	-0	-0	-0	300	0	-203	-0	-0	-0	-0	300	0	200	-0
503	-0	-0	-0	1506	0	-203	-0	169.04	1233.46	-118.43	2086.59	0	-288.75	25145.8	0	0	0	903	0	-403	0	-0	-0	-0	300	0	-203	-0	-0	-0	-0	300	0	200	-0
504	-0	-0	-0	1506	0	-203	-0	157.86	1202.78	-111.56	2091.71	0	-289.23	23807.6	-0	-0	-0	903	0	-403	-0	-0	-0	-0	300	0	-203	-0	-0	-0	-0	300	0	200	-0
505	-0	-0	-0	1506	0	-203	-0	151.3	1156.13	-104.67	2092.63	0	-289.53	22788	0	0	0	903	0	-403	0	-0	-0	-0	300	0	-203	-0	0	0	0	300	0	200	0
506	-0	-0	-0	1506	0	-203	-0	140.12	1104.14	-96.98	2090.35	0	-288.98	20018.2	-0	-0	-0	903	0	-403	-0	0	0	0	300	0	-203	0	-0	-0	-0	300	0	200	-0
507	-0	-0	-0	1506	0	-203	-0	134.85	1034.62	-86.72	2090.18	0	-289.27	18163.2	-0	-0	-0	903	0	-403	-0	-0	-0	-0	300	0	-203	-0	-0	-0	-0	300	0	200	-0
508	-0	-0	-0	1506	0	-203	-0	129.25	975.45	-77.11	2090.74	0	-289.67	16410.7	-0	-0	-0	903	0	-403	-0	-0	-0	-0	300	0	-203	-0	-0	-0	-0	300	0	200	-0
509	-0	-0	-0	1506	0	-203	-0	122.22	920.34	-68.94	2094.04	0	-290.11	14572.6	-0	-0	-0	903	0	-403	-0	-0	-0	-0	300	0	-203	-0	-0	-0	-0	300	0	200	-0
510	-0	-0	-0	1506	0	-203	-0	102.4	870.89	-57.26	2103.31	0	-293.12	12065.1	-0	-0	-0	903	0	-403	-0	-0	-0	-0	300	0	-203	-0	0	0	0	300	0	200	0
511	-0	-0	-0	1506	0	-203	-0	98.57	833.02	-48.79	2113.58	0	-295.51	11549.3	-0	-0	-0	903	0	-403	-0	-0	-0	-0	300	0	-203	-0	-0	-0	-0	300	0	200	-0
512	-0	-0	-0	1506	0	-203	-0	87.38	794.22	-42.41	2130.16	0	-299.08	12899.1	-0	-0	-0	903	0	-403	-0	-0	-0	-0	300	0	-203	-0	-0	-0	-0	300	0	200	-0
513	-0	-0	-0	1506	0	-203	-0	66.29	751.97	-37.47	2148.57	0	-303.51	13934.7	-0	-0	-0	903	0	-403	-0	-0	-0	-0	300	0	-203	-0	-0	-0	-0	300	0	200	-0
514	-0	-0	-0	1506	0	-203	-0	46.47	705.97	-32.22	2169.93	0	-309.02	15251.1	-0	-0	-0	903	0	-403	-0	-0	-0	-0	300	0	-203	-0	-0	-0	-0	300	0	200	-0
515	-0	-0	-0	1506	0	-203	-0	24.58	659.66	-28.08	2195.2	0	-315.02	15897.3	-0	-0	-0	903	0	-403	-0	-0	-0	-0	300	0	-203	-0	-0	-0	-0	300	0	200	-0
516	-0	-0	-0	1506	0	-203	-0	1.4	612.72	-22.97	2223.29	0	-322.23	15155.9	-0	-0	-0	903	0	-403	-0	-0	-0	-0	300	0	-203	-0	-0	-0	-0	300	0	200	-0
517	-0	-0	-0	1506	0	-203	-0	-22.41	563.59	-19.29	2255.78	0	-330.24	13794.7	-0	-0	-0	903	0	-403	-0	-0	-0	-0	300	0	-203	-0	-0	-0	-0	300	0	200	-0
518	-0	-0	-0	1506	0	-203	-0	-50.22	527.29	-15.93	2287.81	0	-337.7	10903.7	-0	-0	-0	903	0	-403	-0	-0	-0	-0	300	0	-203	-0	-0	-0	-0	300	0	200	-0
519	-0	-0	-0	1506	0	-203	-0	-69.24	495.06	-15.12	2316.7	0	-344.2	7956.07	-0	-0	-0	903	0	-403	-0	-0	-0	-0	300	0	-203	-0	-0	-0	-0	300	0	200	-0
520	-0	-0	-0	1506	0	-203	-0	-82.18	480.35	-15.92	2337.54	0	-348.52	5033.15	-0	-0	-0	903	0	-403	-0	-0	-0	-0	300	0	-203	-0	-0	-0	-0	300	0	200	-0
521	-0	-0	-0	1506	0	-203	-0	-86.98	470.03	-15.59	2353.66	0	-352.88	3560.96	-0	-0	-0	903	0	-403	-0	0	0	0	300	0	-203	0	-0	-0	-0	300	0	200	-0
522	-0	-0	-0	1506	0	-203	-0	-92.25	473.17	-16.23	2359.71	0	-353.55	2103.51	-0	-0	-0	903	0	-403	-0	-0	-0	-0	300	0	-203	-0	-0	-0	-0	300	0	200	-0
523	-0	-0	-0	1506	0	-203	-0	-97.85	473.81	-18.46	2368.05	0	-356.11	-4.75	-0	-0	-0	903	0	-403	-0	-0	-0	-0	300	0	-203	-0	-0	-0	-0	300	0	200	-0
524	-0	-0	-0	1506	0	-203	-0	-100.89	479.14	-18.94	2370.23	0	-355.95	-1065.49	-0	-0	-0	903	0	-403	-0	0	0	0	300	0	-203	0	-0	-0	-0	300	0	200	-0
525	-0	-0	-0	1506	0	-203	-0	-101.05	486.65	-20.86	2370.55	0	-355.32	-2294	0	0	0	903	0	-403	0	-0	-0	-0	300	0	-203	-0	0	0	0	300	0	200	0
526	-0	-0	-0	1506	0	-203	-0	-101.05	486.66	-18.13	2373.13	0	-356.28	-2807.28	-0	-0	-0	903	0	-403	-0	-0	-0	-0	300	0	-203	-0	-0	-0	-0	300	0	200	-0
527	-0	-0	-0	1506	0	-203	-0	-95.78	485.73	-14.29	2375.32	0	-357.2	-1609.93	-0	-0	-0	903	0	-403	-0	-0	-0	-0	300	0	-203	-0	-0	-0	-0	300	0	200	-0
528	-0	-0	-0	1506	0	-203	-0	-90.82	478.22	-9.48	2381.31	0	-358.04	-743.36	-0	-0	-0	903	0	-403	-0	-0	-0	-0	300	0	-203	-0	0	0	0	300	0	200	0
529	-0	-0	-0	1506	0	-203	-0	-84.11	473.21	-7.4	2382.75	0	-359.79	-373.2	-0	-0	-0	903	0	-403	-0	-0	-0	-0	300	0	-203	-0	-0	-0	-0	300	0	200	-0
530	-0	-0	-0	1506	0	-203	-0	-79.31	468.2	-5.79	2384.3	0	-360.34	-499.37	-0	-0	-0	903	0	-403	-0	-0	-0	-0	300	0	-203	-0	-0	-0	-0	300	0	200	-0
531	-0	-0	-0	1506	0	-203	-0	-74.84	461.62	-4.02	2385.3	0	-361.66	-263.59	-0	-0	-0	903	0	-403	-0	-0	-0	-0	300	0	-203	-0	-0	-0	-0	300	0	200	-0
532	-0	-0	-0	1506	0	-203	-0	-72.44	460.36	-2.58	2382.49	0	-359.66	-22.48	-0	-0	-0	903	0	-403	-0	-0	-0	-0	300	0	-203	-0	-0	-0	-0	300	0	200	-0
533	-0	-0	-0	1506	0	-203	-0	-68.92	450.65	-2.41	2382.5	0	-361.09	-222.29	-0	-0	-0	903	0	-403	-0	-0	-0	-0	300	0	-203	-0	-0	-0	-0	300	0	200	-0
534	-0	-0	-0	1506	0	-203	-0	-66.85	440.94	-2.41	2383.78	0	-360.4	-9.46	-0	-0	-0	903	0	-403	-0	-0	-0	-0	300	0	-203	-0	-0	-0	-0	300	0	200	-0
535	-0	-0	-0	1506	0	-203	-0	-63.97	429.97	-3.68	2384.26	0	-361.32	-235.39	-0	-0	-0	903	0	-403	-0	-0	-0	-0	300	0	-203	-0	-0	-0	-0	300	0	200	-0
536	-0	-0	-0	1506	0	-203	-0	-62.53	420.88	-2.88	2382.78	0	-359.21	273.17	-0	-0	-0	903	0	-403	-0	-0	-0	-0	300	0	-203	-0	-0	-0	-0	300	0	200	-0
537	-0	-0	-0	1506	0	-203	-0	-60.29	409.91	-3.2	2382.58	0	-360.03	117.04	-0	-0	-0	903	0	-403	-0	-0	-0	-0	300	0	-203	-0	-0	-0	-0	300	0	200	-0
538	-0	-0	-0	1506	0	-203	-0	-58.53	397.37	-1.44	2382.9	0	-359.28	777.24	-0	-0	-0	903	0	-403	-0	-0	-0	-0	300	0	-203	-0	-0	-0	-0	300	0	200	-0
539	-0	-0	-0	1506	0	-203	-0	-56.77	383.89	-3.99	2383.11	0	-359.5	-240.81	0	0	0	903	0	-403	0	-0	-0	-0	300	0	-203	-0	-0	-0	-0	300	0	200	-0
540	-0	-0	-0	1506	0	-203	-0	-54.85	370.42	-3.02	2382.33	0	-359.89	-142.66	-0	-0	-0	903	0	-403	-0	-0	-0	-0	300	0	-203	-0	-0	-0	-0	300	0	200	-0
541	-0	-0	-0	1506	0	-203	-0	-52.77	354.44	-3.65	2380.62	0	-360.58	-524.33	-0	-0	-0	903	0	-403	-0	-0	-0	-0	300	0	-203	-0	0	0	0	300	0	200	0
542	-0	-0	-0	1506	0	-203	-0	-50.69	337.21	-1.73	2382.72	0	-360.67	-187.07	-0	-0	-0	903	0	-403	-0	-0	-0	-0	300	0	-203	-0	-0	-0	-0	300	0	200	-0
543	-0	-0	-0	1506	0	-203	-0	-49.89	320.28	-1.56	2381.27	0	-360.99	-425.69	-0	-0	-0	903	0	-403	-0	-0	-0	-0	300	0	-203	-0	-0	-0	-0	300	0	200	-0
544	-0	-0	-0	1506	0	-203	-0	-47.33	302.11	-0.44	2383.95	0	-361.11	-112.48	-0	-0	-0	903	0	-403	-0	-0	-0	-0	300	0	-203	-0	-0	-0	-0	300	0	200	-0
545	-0	-0	-0	1506	0	-203	-0	-44.46	285.5	-0.75	2380.02	0	-361.28	137.51	-0	-0	-0	903	0	-403	-0	-0	-0	-0	300	0	-203	-0	-0	-0	-0	300	0	200	-0
546	-0	-0	-0	1506	0	-203	-0	-44.13	266.07	-0.1	2386.21	0	-363.11	166.47	-0	-0	-0	903	0	-403	-0	-0	-0	-0	300	0	-203	-0	0	0	0	300	0	200	0
547	-0	-0	-0	1506	0	-203	-0	-44.13	251.02	-0.42	2381.86	0	-361.09	182.72	-0	-0	-0	903	0	-403	-0	0	0	0	300	0	-203	0	-0	-0	-0	300	0	200	-0
548	-0	-0	-0	1506	0	-203	-0	-43.17	232.22	-1.53	2383.1	0	-362.78	-165.15	-0	-0	-0	903	0	-403	-0	0	0	0	300	0	-203	0	-0	-0	-0	300	0	200	-0
549	-0	-0	-0	1506	0	-203	-0	-41.41	216.86	-1.69	2381.24	0	-360.09	418.03	0	0	0	903	0	-403	0	-0	-0	-0	300	0	-203	-0	-0	-0	-0	300	0	200	-0
550	-0	-0	-0	1506	0	-203	-0	-41.89	202.13	-2.33	2381.43	0	-358.86	150.67	-0	-0	-0	903	0	-403	-0	-0	-0	-0	300	0	-203	-0	-0	-0	-0	300	0	200	-0
551	-0	-0	-0	1506	0	-203	-0	-40.77	186.77	-3.28	2382.31	0	-359.24	-10.39	-0	-0	-0	903	0	-403	-0	-0	-0	-0	300	0	-203	-0	-0	-0	-0	300	0	200	-0
552	-0	-0	-0	1506	0	-203	-0	-39.49	172.36	-0.88	2379.36	0	-357.25	511.63	-0	-0	-0	903	0	-403	-0	-0	-0	-0	300	0	-203	-0	0	0	0	300	0	200	0
553	-0	-0	-0	1506	0	-203	-0	-36.93	160.45	-2.15	2379.89	0	-357.83	181.85	-0	-0	-0	903	0	-403	-0	-0	-0	-0	300	0	-203	-0	-0	-0	-0	300	0	200	-0
554	-0	-0	-0	1506	0	-203	-0	-36.61	148.85	-0.55	2372.05	0	-355.99	481.09	-0	-0	-0	903	0	-403	-0	-0	-0	-0	300	0	-203	-0	-0	-0	-0	300	0	200	-0
555	-0	-0	-0	1506	0	-203	-0	-33.09	134.44	-2.62	2378.21	0	-358.58	59.83	-0	-0	-0	903	0	-403	-0	-0	-0	-0	300	0	-203	-0	-0	-0	-0	300	0	200	-0
556	-0	-0	-0	1506	0	-203	-0	-32.77	124.72	-1.02	2371.68	0	-358.93	330.91	-0	-0	-0	903	0	-403	-0	-0	-0	-0	300	0	-203	-0	-0	-0	-0	300	0	200	-0
557	-0	-0	-0	1506	0	-203	-0	-29.89	112.19	-1.65	2376.56	0	-359.87	346.87	-0	-0	-0	903	0	-403	-0	-0	-0	-0	300	0	-203	-0	-0	-0	-0	300	0	200	-0
558	-0	-0	-0	1506	0	-203	-0	-28.13	99.65	-0.85	2384.65	0	-358.85	655	-0	-0	-0	903	0	-403	-0	0	0	0	300	0	-203	0	-0	-0	-0	300	0	200	-0
559	-0	-0	-0	1506	0	-203	-0	-27.01	91.82	-1.65	2379.42	0	-358.23	545.86	-0	-0	-0	903	0	-403	-0	-0	-0	-0	300	0	-203	-0	-0	-0	-0	300	0	200	-0
560	-0	-0	-0	1506	0	-203	-0	-25.42	84.29	-1.33	2367.31	0	-352.29	869.29	-0	-0	-0	903	0	-403	-0	-0	-0	-0	300	0	-203	-0	-0	-0	-0	300	0	200	-0
561	-0	-0	-0	1506	0	-203	-0	-24.62	74.89	-1.64	2376.81	0	-353.16	518.75	-0	-0	-0	903	0	-403	-0	-0	-0	-0	300	0	-203	-0	-0	-0	-0	300	0	200	-0
562	-0	-0	-0	1506	0	-203	-0	-23.5	65.49	-2.28	2375.9	0	-353.37	762.7	-0	-0	-0	903	0	-403	-0	-0	-0	-0	300	0	-203	-0	-0	-0	-0	300	0	200	-0
563	-0	-0	-0	1506	0	-203	-0	-23.18	58.91	-2.75	2368.76	0	-349.5	416.16	-0	-0	-0	903	0	-403	-0	-0	-0	-0	300	0	-203	-0	-0	-0	-0	300	0	200	-0
564	-0	-0	-0	1506	0	-203	-0	-20.78	51.39	-3.55	2377.3	0	-349.74	461.56	-0	-0	-0	903	0	-403	-0	0	0	0	300	0	-203	0	-0	-0	-0	300	0	200	-0
565	-0	-0	-0	1506	0	-203	-0	-19.66	46.37	-4.51	2364.25	0	-348.76	453.87	-0	-0	-0	903	0	-403	-0	-0	-0	-0	300	0	-203	-0	-0	-0	-0	300	0	200	-0
566	-0	-0	-0	1506	0	-203	-0	-19.18	43.86	-3.71	2359.38	0	-335.68	1213.42	-0	-0	-0	903	0	-403	-0	-0	-0	-0	300	0	-203	-0	-0	-0	-0	300	0	200	-0
567	-0	-0	-0	1506	0	-203	-0	-17.1	36.35	-4.99	2348.42	0	-346.15	962.89	-0	-0	-0	903	0	-403	-0	-0	-0	-0	300	0	-203	-0	0	0	0	300	0	200	0
568	-0	-0	-0	1506	0	-203	-0	-15.5	33.84	-4.51	2346.22	0	-340.53	1039.62	-0	-0	-0	903	0	-403	-0	-0	-0	-0	300	0	-203	-0	-0	-0	-0	300	0	200	-0
569	-0	-0	-0	1506	0	-203	-0	-14.7	26.94	-5.94	2366.46	0	-350.38	531.18	-0	-0	-0	903	0	-403	-0	-0	-0	-0	300	0	-203	-0	-0	-0	-0	300	0	200	-0
570	-0	-0	-0	1506	0	-203	-0	-12.94	23.18	-4.66	2374.02	0	-345.68	781.28	-0	-0	-0	903	0	-403	-0	0	0	0	300	0	-203	0	-0	-0	-0	300	0	200	-0
571	-0	-0	-0	1506	0	-203	-0	-11.34	25.99	-6.1	2288.05	0	-299.67	1732.47	-0	-0	-0	903	0	-403	-0	-0	-0	-0	300	0	-203	-0	-0	-0	-0	300	0	200	-0
572	-0	-0	-0	1506	0	-203	-0	-10.38	17.54	-4.82	2351.96	0	-331.99	1129.33	-0	-0	-0	903	0	-403	-0	0	0	0	300	0	-203	0	-0	-0	-0	300	0	200	-0
573	-0	-0	-0	1506	0	-203	-0	-0	-0	-0	2109	0	-203	-0	-0	-0	-0	903	0	-403	-0	0	0	0	300	0	-203	0	0	0	0	300	0	200	0
574	-0	-0	-0	1506	0	-203	-0	-0	-0	-0	2109	0	-203	-0	0	0	0	903	0	-403	0	-0	-0	-0	300	0	-203	-0	-0	-0	-0	300	0	200	-0
575	-0	-0	-0	1506	0	-203	-0	-0	-0	-0	2109	0	-203	-0	-0	-0	-0	903	0	-403	-0	-0	-0	-0	300	0	-203	-0	-0	-0	-0	300	0	200	-0
576	-0	-0	-0	1506	0	-203	-0	-0	-0	-0	2109	0	-203	-0	-0	-0	-0	903	0	-403	-0	0	0	0	300	0	-203	0	-0	-0	-0	300	0	200	-0
577	-0	-0	-0	1506	0	-203	-0	-0	-0	-0	2109	0	-203	-0	-0	-0	-0	903	0	-403	-0	-0	-0	-0	300	0	-203	-0	-0	-0	-0	300	0	200	-0
578	-0	-0	-0	1506	0	-203	-0	-0	-0	-0	2109	0	-203	-0	-0	-0	-0	903	0	-403	-0	-0	-0	-0	300	0	-203	-0	-0	-0	-0	300	0	200	-0
579	-0	-0	-0	1506	0	-203	-0	-0	-0	-0	2109	0	-203	-0	-0	-0	-0	903	0	-403	-0	0	0	0	300	0	-203	0	-0	-0	-0	300	0	200	-0
580	-0	-0	-0	1506	0	-203	-0	-0	-0	-0	2109	0	-203	-0	-0	-0	-0	903	0	-403	-0	-0	-0	-0	300	0	-203	-0	-0	-0	-0	300	0	200	-0
581	-0	-0	-0	1506	0	-203	-0	-0	-0	-0	2109	0	-203	-0	-0	-0	-0	903	0	-403	-0	0	0	0	300	0	-203	0	-0	-0	-0	300	0	200	-0
582	-0	-0	-0	1506	0	-203	-0	-0	-0	-0	2109	0	-203	-0	-0	-0	-0	903	0	-403	-0	0	0	0	300	0	-203	0	-0	-0	-0	300	0	200	-0
583	-0	-0	-0	1506	0	-203	-0	-0	-0	-0	2109	0	-203	-0	-0	-0	-0	903	0	-403	-0	-0	-0	-0	300	0	-203	-0	-0	-0	-0	300	0	200	-0
584	-0	-0	-0	1506	0	-203	-0	-0	-0	-0	2109	0	-203	-0	-0	-0	-0	903	0	-403	-0	-0	-0	-0	300	0	-203	-0	-0	-0	-0	300	0	200	-0
585	-0	-0	-0	1506	0	-203	-0	-0	-0	-0	2109	0	-203	-0	-0	-0	-0	903	0	-403	-0	-0	-0	-0	300	0	-203	-0	-0	-0	-0	300	0	200	-0
586	-0	-0	-0	1506	0	-203	-0	-0	-0	-0	2109	0	-203	-0	-0	-0	-0	903	0	-403	-0	0	0	0	300	0	-203	0	-0	-0	-0	300	0	200	-0
587	-0	-0	-0	1506	0	-203	-0	-0	-0	-0	2109	0	-203	-0	-0	-0	-0	903	0	-403	-0	0	0	0	300	0	-203	0	-0	-0	-0	300	0	200	-0
588	-0	-0	-0	1506	0	-203	-0	-0	-0	-0	2109	0	-203	-0	-0	-0	-0	903	0	-403	-0	-0	-0	-0	300	0	-203	-0	-0	-0	-0	300	0	200	-0
589	-0	-0	-0	1506	0	-203	-0	-0	-0	-0	2109	0	-203	-0	-0	-0	-0	903	0	-403	-0	-0	-0	-0	300	0	-203	-0	-0	-0	-0	300	0	200	-0
590	-0	-0	-0	1506	0	-203	-0	-0	-0	-0	2109	0	-203	-0	-0	-0	-0	903	0	-403	-0	-0	-0	-0	300	0	-203	-0	-0	-0	-0	300	0	200	-0
591	-0	-0	-0	1506	0	-203	-0	-0	-0	-0	2109	0	-203	-0	-0	-0	-0	903	0	-403	-0	-0	-0	-0	300	0	-203	-0	-0	-0	-0	300	0	200	-0
592	-0	-0	-0	1506	0	-203	-0	-0	-0	-0	2109	0	-203	-0	-0	-0	-0	903	0	-403	-0	-0	-0	-0	300	0	-203	-0	-0	-0	-0	300	0	200	-0
593	-0	-0	-0	1506	0	-203	-0	-0	-0	-0	2109	0	-203	-0	-0	-0	-0	903	0	-403	-0	-0	-0	-0	300	0	-203	-0	-0	-0	-0	300	0	200	-0
594	-0	-0	-0	1506	0	-203	-0	-0	-0	-0	2109	0	-203	-0	-0	-0	-0	903	0	-403	-0	-0	-0	-0	300	0	-203	-0	-0	-0	-0	300	0	200	-0
595	-0	-0	-0	1506	0	-203	-0	-0	-0	-0	2109	0	-203	-0	-0	-0	-0	903	0	-403	-0	-0	-0	-0	300	0	-203	-0	-0	-0	-0	300	0	200	-0
596	-0	-0	-0	1506	0	-203	-0	-0	-0	-0	2109	0	-203	-0	-0	-0	-0	903	0	-403	-0	-0	-0	-0	300	0	-203	-0	-0	-0	-0	300	0	200	-0
597	-0	-0	-0	1506	0	-203	-0	-0	-0	-0	2109	0	-203	-0	-0	-0	-0	903	0	-403	-0	-0	-0	-0	300	0	-203	-0	-0	-0	-0	300	0	200	-0
598	-0	-0	-0	1506	0	-203	-0	-0	-0	-0	2109	0	-203	-0	-0	-0	-0	903	0	-403	-0	-0	-0	-0	300	0	-203	-0	-0	-0	-0	300	0	200	-0
599	-0	-0	-0	1506	0	-203	-0	-0	-0	-0	2109	0	-203	-0	-0	-0	-0	903	0	-403	-0	-0	-0	-0	300	0	-203	-0	-0	-0	-0	300	0	200	-0
600	-0	-0	-0	1506	0	-203	-0	-0	-0	-0	2109	0	-203	-0	-0	-0	-0	903	0	-403	-0	-0	-0	-0	300	0	-203	-0	-0	-0	-0	300	0	200	-0
601	-0	-0	-0	1506	0	-203	-0	-0	-0	-0	2109	0	-203	-0	-0	-0	-0	903	0	-403	-0	-0	-0	-0	300	0	-203	-0	-0	-0	-0	300	0	200	-0
602	-0	-0	-0	1506	0	-203	-0	-0	-0	-0	2109	0	-203	-0	-0	-0	-0	903	0	-403	-0	0	0	0	300	0	-203	0	-0	-0	-0	300	0	200	-0
603	-0	-0	-0	1506	0	-203	-0	-0	-0	-0	2109	0	-203	-0	-0	-0	-0	903	0	-403	-0	-0	-0	-0	300	0	-203	-0	-0	-0	-0	300	0	200	-0
604	-0	-0	-0	1506	0	-203	-0	-0	-0	-0	2109	0	-203	-0	-0	-0	-0	903	0	-403	-0	-0	-0	-0	300	0	-203	-0	-0	-0	-0	300	0	200	-0
605	-0	-0	-0	1506	0	-203	-0	-0	-0	-0	2109	0	-203	-0	-0	-0	-0	903	0	-403	-0	-0	-0	-0	300	0	-203	-0	-0	-0	-0	300	0	200	-0
606	-0	-0	-0	1506	0	-203	-0	-0	-0	-0	2109	0	-203	-0	-0	-0	-0	903	0	-403	-0	-0	-0	-0	300	0	-203	-0	-0	-0	-0	300	0	200	-0
607	-0	-0	-0	1506	0	-203	-0	-0	-0	-0	2109	0	-203	-0	-0	-0	-0	903	0	-403	-0	-0	-0	-0	300	0	-203	-0	-0	-0	-0	300	0	200	-0
608	-0	-0	-0	1506	0	-203	-0	-0	-0	-0	2109	0	-203	-0	0	0	0	903	0	-403	0	-0	-0	-0	300	0	-203	-0	-0	-0	-0	300	0	200	-0
609	-0	-0	-0	1506	0	-203	-0	-0	-0	-0	2109	0	-203	-0	-0	-0	-0	903	0	-403	-0	-0	-0	-0	300	0	-203	-0	-0	-0	-0	300	0	200	-0
610	-0	-0	-0	1506	0	-203	-0	-0	-0	-0	2109	0	-203	-0	-0	-0	-0	903	0	-403	-0	-0	-0	-0	300	0	-203	-0	-0	-0	-0	300	0	200	-0
611	-0	-0	-0	1506	0	-203	-0	-0	-0	-0	2109	0	-203	-0	-0	-0	-0	903	0	-403	-0	-0	-0	-0	300	0	-203	-0	-0	-0	-0	300	0	200	-0
612	-0	-0	-0	1506	0	-203	-0	-0	-0	-0	2109	0	-203	-0	-0	-0	-0	903	0	-403	-0	-0	-0	-0	300	0	-203	-0	-0	-0	-0	300	0	200	-0
613	-0	-0	-0	1506	0	-203	-0	-0	-0	-0	2109	0	-203	-0	-0	-0	-0	903	0	-403	-0	-0	-0	-0	300	0	-203	-0	-0	-0	-0	300	0	200	-0
614	-0	-0	-0	1506	0	-203	-0	-0	-0	-0	2109	0	-203	-0	-0	-0	-0	903	0	-403	-0	-0	-0	-0	300	0	-203	-0	-0	-0	-0	300	0	200	-0
615	-0	-0	-0	1506	0	-203	-0	-0	-0	-0	2109	0	-203	-0	-0	-0	-0	903	0	-403	-0	-0	-0	-0	300	0	-203	-0	-0	-0	-0	300	0	200	-0
616	-0	-0	-0	1506	0	-203	-0	-0	-0	-0	2109	0	-203	-0	-0	-0	-0	903	0	-403	-0	-0	-0	-0	300	0	-203	-0	-0	-0	-0	300	0	200	-0
617	-0	-0	-0	1506	0	-203	-0	-0	-0	-0	2109	0	-203	-0	-0	-0	-0	903	0	-403	-0	-0	-0	-0	300	0	-203	-0	-0	-0	-0	300	0	200	-0
618	-0	-0	-0	1506	0	-203	-0	-0	-0	-0	2109	0	-203	-0	-0	-0	-0	903	0	-403	-0	-0	-0	-0	300	0	-203	-0	-0	-0	-0	300	0	200	-0
619	-0	-0	-0	1506	0	-203	-0	-0	-0	-0	2109	0	-203	-0	0	0	0	903	0	-403	0	-0	-0	-0	300	0	-203	-0	-0	-0	-0	300	0	200	-0
620	-0	-0	-0	1506	0	-203	-0	-0	-0	-0	2109	0	-203	-0	-0	-0	-0	903	0	-403	-0	-0	-0	-0	300	0	-203	-0	-0	-0	-0	300	0	200	-0
621	-0	-0	-0	1506	0	-203	-0	-0	-0	-0	2109	0	-203	-0	-0	-0	-0	903	0	-403	-0	-0	-0	-0	300	0	-203	-0	-0	-0	-0	300	0	200	-0
622	-0	-0	-0	1506	0	-203	-0	-0	-0	-0	2109	0	-203	-0	-0	-0	-0	903	0	-403	-0	-0	-0	-0	300	0	-203	-0	-0	-0	-0	300	0	200	-0
623	-0	-0	-0	1506	0	-203	-0	-0	-0	-0	2109	0	-203	-0	-0	-0	-0	903	0	-403	-0	-0	-0	-0	300	0	-203	-0	-0	-0	-0	300	0	200	-0
624	-0	-0	-0	1506	0	-203	-0	-0	-0	-0	2109	0	-203	-0	-0	-0	-0	903	0	-403	-0	0	0	0	300	0	-203	0	-0	-0	-0	300	0	200	-0
625	-0	-0	-0	1506	0	-203	-0	-0	-0	-0	2109	0	-203	-0	-0	-0	-0	903	0	-403	-0	-0	-0	-0	300	0	-203	-0	-0	-0	-0	300	0	200	-0
626	-0	-0	-0	1506	0	-203	-0	-0	-0	-0	2109	0	-203	-0	-0	-0	-0	903	0	-403	-0	-0	-0	-0	300	0	-203	-0	-0	-0	-0	300	0	200	-0
627	-0	-0	-0	1506	0	-203	-0	-0	-0	-0	2109	0	-203	-0	-0	-0	-0	903	0	-403	-0	-0	-0	-0	300	0	-203	-0	-0	-0	-0	300	0	200	-0
628	-0	-0	-0	1506	0	-203	-0	-0	-0	-0	2109	0	-203	-0	-0	-0	-0	903	0	-403	-0	0	0	0	300	0	-203	0	-0	-0	-0	300	0	200	-0
629	-0	-0	-0	1506	0	-203	-0	-0	-0	-0	2109	0	-203	-0	-0	-0	-0	903	0	-403	-0	-0	-0	-0	300	0	-203	-0	-0	-0	-0	300	0	200	-0
630	-0	-0	-0	1506	0	-203	-0	-0	-0	-0	2109	0	-203	-0	-0	-0	-0	903	0	-403	-0	-0	-0	-0	300	0	-203	-0	-0	-0	-0	300	0	200	-0
631	-0	-0	-0	1506	0	-203	-0	-0	-0	-0	2109	0	-203	-0	0	0	0	903	0	-403	0	0	0	0	300	0	-203	0	-0	-0	-0	300	0	200	-0
632	-0	-0	-0	1506	0	-203	-0	-0	-0	-0	2109	0	-203	-0	-0	-0	-0	903	0	-403	-0	0	0	0	300	0	-203	0	-0	-0	-0	300	0	200	-0
633	-0	-0	-0	1506	0	-203	-0	-0	-0	-0	2109	0	-203	-0	-0	-0	-0	903	0	-403	-0	-0	-0	-0	300	0	-203	-0	-0	-0	-0	300	0	200	-0
634	-0	-0	-0	1506	0	-203	-0	-0	-0	-0	2109	0	-203	-0	-0	-0	-0	903	0	-403	-0	-0	-0	-0	300	0	-203	-0	-0	-0	-0	300	0	200	-0
635	-0	-0	-0	1506	0	-203	-0	-0	-0	-0	2109	0	-203	-0	-0	-0	-0	903	0	-403	-0	0	0	0	300	0	-203	0	-0	-0	-0	300	0	200	-0
636	-0	-0	-0	1506	0	-203	-0	-0	-0	-0	2109	0	-203	-0	-0	-0	-0	903	0	-403	-0	-0	-0	-0	300	0	-203	-0	-0	-0	-0	300	0	200	-0
637	-0	-0	-0	1506	0	-203	-0	-0	-0	-0	2109	0	-203	-0	-0	-0	-0	903	0	-403	-0	-0	-0	-0	300	0	-203	-0	-0	-0	-0	300	0	200	-0
638	-0	-0	-0	1506	0	-203	-0	-0	-0	-0	2109	0	-203	-0	-0	-0	-0	903	0	-403	-0	-0	-0	-0	300	0	-203	-0	-0	-0	-0	300	0	200	-0
639	-0	-0	-0	1506	0	-203	-0	-0	-0	-0	2109	0	-203	-0	-0	-0	-0	903	0	-403	-0	-0	-0	-0	300	0	-203	-0	-0	-0	-0	300	0	200	-0
640	-0	-0	-0	1506	0	-203	-0	-0	-0	-0	2109	0	-203	-0	0	0	0	903	0	-403	0	-0	-0	-0	300	0	-203	-0	0	0	0	300	0	200	0
641	-0	-0	-0	1506	0	-203	-0	-0	-0	-0	2109	0	-203	-0	0	0	0	903	0	-403	0	-0	-0	-0	300	0	-203	-0	-0	-0	-0	300	0	200	-0
642	-0	-0	-0	1506	0	-203	-0	-0	-0	-0	2109	0	-203	-0	-0	-0	-0	903	0	-403	-0	0	0	0	300	0	-203	0	-0	-0	-0	300	0	200	-0
643	-0	-0	-0	1506	0	-203	-0	-0	-0	-0	2109	0	-203	-0	-0	-0	-0	903	0	-403	-0	-0	-0	-0	300	0	-203	-0	-0	-0	-0	300	0	200	-0
644	-0	-0	-0	1506	0	-203	-0	-0	-0	-0	2109	0	-203	-0	-0	-0	-0	903	0	-403	-0	-0	-0	-0	300	0	-203	-0	-0	-0	-0	300	0	200	-0
645	-0	-0	-0	1506	0	-203	-0	-0	-0	-0	2109	0	-203	-0	-0	-0	-0	903	0	-403	-0	0	0	0	300	0	-203	0	0	0	0	300	0	200	0
646	-0	-0	-0	1506	0	-203	-0	-0	-0	-0	2109	0	-203	-0	0	0	0	903	0	-403	0	-0	-0	-0	300	0	-203	-0	-0	-0	-0	300	0	200	-0
647	-0	-0	-0	1506	0	-203	-0	-0	-0	-0	2109	0	-203	-0	-0	-0	-0	903	0	-403	-0	-0	-0	-0	300	0	-203	-0	-0	-0	-0	300	0	200	-0
648	-0	-0	-0	1506	0	-203	-0	-0	-0	-0	2109	0	-203	-0	-0	-0	-0	903	0	-403	-0	0	0	0	300	0	-203	0	-0	-0	-0	300	0	200	-0
649	-0	-0	-0	1506	0	-203	-0	-0	-0	-0	2109	0	-203	-0	-0	-0	-0	903	0	-403	-0	-0	-0	-0	300	0	-203	-0	-0	-0	-0	300	0	200	-0
650	-0	-0	-0	1506	0	-203	-0	-0	-0	-0	2109	0	-203	-0	-0	-0	-0	903	0	-403	-0	-0	-0	-0	300	0	-203	-0	-0	-0	-0	300	0	200	-0
651	-0	-0	-0	1506	0	-203	-0	-0	-0	-0	2109	0	-203	-0	-0	-0	-0	903	0	-403	-0	-0	-0	-0	300	0	-203	-0	-0	-0	-0	300	0	200	-0
652	-0	-0	-0	1506	0	-203	-0	-0	-0	-0	2109	0	-203	-0	-0	-0	-0	903	0	-403	-0	-0	-0	-0	300	0	-203	-0	0	0	0	300	0	200	0
653	-0	-0	-0	1506	0	-203	-0	-0	-0	-0	2109	0	-203	-0	-0	-0	-0	903	0	-403	-0	0	0	0	300	0	-203	0	-0	-0	-0	300	0	200	-0
654	-0	-0	-0	1506	0	-203	-0	-0	-0	-0	2109	0	-203	-0	-0	-0	-0	903	0	-403	-0	0	0	0	300	0	-203	0	-0	-0	-0	300	0	200	-0
655	-0	-0	-0	1506	0	-203	-0	-0	-0	-0	2109	0	-203	-0	-0	-0	-0	903	0	-403	-0	-0	-0	-0	300	0	-203	-0	-0	-0	-0	300	0	200	-0
656	-0	-0	-0	1506	0	-203	-0	-0	-0	-0	2109	0	-203	-0	-0	-0	-0	903	0	-403	-0	0	0	0	300	0	-203	0	-0	-0	-0	300	0	200	-0
657	-0	-0	-0	1506	0	-203	-0	-0	-0	-0	2109	0	-203	-0	-0	-0	-0	903	0	-403	-0	0	0	0	300	0	-203	0	-0	-0	-0	300	0	200	-0
658	-0	-0	-0	1506	0	-203	-0	-0	-0	-0	2109	0	-203	-0	-0	-0	-0	903	0	-403	-0	-0	-0	-0	300	0	-203	-0	-0	-0	-0	300	0	200	-0
659	-0	-0	-0	1506	0	-203	-0	-0	-0	-0	2109	0	-203	-0	-0	-0	-0	903	0	-403	-0	-0	-0	-0	300	0	-203	-0	-0	-0	-0	300	0	200	-0
660	-0	-0	-0	1506	0	-203	-0	-0	-0	-0	2109	0	-203	-0	-0	-0	-0	903	0	-403	-0	-0	-0	-0	300	0	-203	-0	0	0	0	300	0	200	0
661	-0	-0	-0	1506	0	-203	-0	-0	-0	-0	2109	0	-203	-0	-0	-0	-0	903	0	-403	-0	-0	-0	-0	300	0	-203	-0	-0	-0	-0	300	0	200	-0
662	-0	-0	-0	1506	0	-203	-0	-0	-0	-0	2109	0	-203	-0	-0	-0	-0	903	0	-403	-0	-0	-0	-0	300	0	-203	-0	-0	-0	-0	300	0	200	-0
663	-0	-0	-0	1506	0	-203	-0	-0	-0	-0	2109	0	-203	-0	-0	-0	-0	903	0	-403	-0	-0	-0	-0	300	0	-203	-0	-0	-0	-0	300	0	200	-0
664	-0	-0	-0	1506	0	-203	-0	-0	-0	-0	2109	0	-203	-0	-0	-0	-0	903	0	-403	-0	-0	-0	-0	300	0	-203	-0	-0	-0	-0	300	0	200	-0
665	-0	-0	-0	1506	0	-203	-0	-0	-0	-0	2109	0	-203	-0	-0	-0	-0	903	0	-403	-0	-0	-0	-0	300	0	-203	-0	-0	-0	-0	300	0	200	-0
666	-0	-0	-0	1506	0	-203	-0	-0	-0	-0	2109	0	-203	-0	0	0	0	903	0	-403	0	0	0	0	300	0	-203	0	-0	-0	-0	300	0	200	-0
667	-0	-0	-0	1506	0	-203	-0	-0	-0	-0	2109	0	-203	-0	-0	-0	-0	903	0	-403	-0	-0	-0	-0	300	0	-203	-0	-0	-0	-0	300	0	200	-0
668	-0	-0	-0	1506	0	-203	-0	-0	-0	-0	2109	0	-203	-0	-0	-0	-0	903	0	-403	-0	-0	-0	-0	300	0	-203	-0	-0	-0	-0	300	0	200	-0
669	-0	-0	-0	1506	0	-203	-0	-0	-0	-0	2109	0	-203	-0	-0	-0	-0	903	0	-403	-0	-0	-0	-0	300	0	-203	-0	-0	-0	-0	300	0	200	-0
670	-0	-0	-0	1506	0	-203	-0	-0	-0	-0	2109	0	-203	-0	-0	-0	-0	903	0	-403	-0	-0	-0	-0	300	0	-203	-0	-0	-0	-0	300	0	200	-0
671	-0	-0	-0	1506	0	-203	-0	-0	-0	-0	2109	0	-203	-0	-0	-0	-0	903	0	-403	-0	-0	-0	-0	300	0	-203	-0	-0	-0	-0	300	0	200	-0
672	-0	-0	-0	1506	0	-203	-0	-0	-0	-0	2109	0	-203	-0	-0	-0	-0	903	0	-403	-0	-0	-0	-0	300	0	-203	-0	-0	-0	-0	300	0	200	-0
673	-0	-0	-0	1506	0	-203	-0	-0	-0	-0	2109	0	-203	-0	-0	-0	-0	903	0	-403	-0	-0	-0	-0	300	0	-203	-0	-0	-0	-0	300	0	200	-0
674	-0	-0	-0	1506	0	-203	-0	-0	-0	-0	2109	0	-203	-0	-0	-0	-0	903	0	-403	-0	-0	-0	-0	300	0	-203	-0	-0	-0	-0	300	0	200	-0
675	-0	-0	-0	1506	0	-203	-0	-0	-0	-0	2109	0	-203	-0	-0	-0	-0	903	0	-403	-0	-0	-0	-0	300	0	-203	-0	-0	-0	-0	300	0	200	-0
676	-0	-0	-0	1506	0	-203	-0	-0	-0	-0	2109	0	-203	-0	-0	-0	-0	903	0	-403	-0	-0	-0	-0	300	0	-203	-0	-0	-0	-0	300	0	200	-0
677	-0	-0	-0	1506	0	-203	-0	-0	-0	-0	2109	0	-203	-0	-0	-0	-0	903	0	-403	-0	-0	-0	-0	300	0	-203	-0	-0	-0	-0	300	0	200	-0
678	-0	-0	-0	1506	0	-203	-0	-0	-0	-0	2109	0	-203	-0	-0	-0	-0	903	0	-403	-0	-0	-0	-0	300	0	-203	-0	-0	-0	-0	300	0	200	-0
679	-0	-0	-0	1506	0	-203	-0	-0	-0	-0	2109	0	-203	-0	-0	-0	-0	903	0	-403	-0	-0	-0	-0	300	0	-203	-0	-0	-0	-0	300	0	200	-0
680	-0	-0	-0	1506	0	-203	-0	-0	-0	-0	2109	0	-203	-0	-0	-0	-0	903	0	-403	-0	-0	-0	-0	300	0	-203	-0	0	0	0	300	0	200	0
681	-0	-0	-0	1506	0	-203	-0	-0	-0	-0	2109	0	-203	-0	-0	-0	-0	903	0	-403	-0	-0	-0	-0	300	0	-203	-0	-0	-0	-0	300	0	200	-0
682	-0	-0	-0	1506	0	-203	-0	-0	-0	-0	2109	0	-203	-0	-0	-0	-0	903	0	-403	-0	-0	-0	-0	300	0	-203	-0	-0	-0	-0	300	0	200	-0
683	-0	-0	-0	1506	0	-203	-0	-0	-0	-0	2109	0	-203	-0	-0	-0	-0	903	0	-403	-0	-0	-0	-0	300	0	-203	-0	-0	-0	-0	300	0	200	-0
684	-0	-0	-0	1506	0	-203	-0	-0	-0	-0	2109	0	-203	-0	-0	-0	-0	903	0	-403	-0	-0	-0	-0	300	0	-203	-0	-0	-0	-0	300	0	200	-0
685	-0	-0	-0	1506	0	-203	-0	-0	-0	-0	2109	0	-203	-0	-0	-0	-0	903	0	-403	-0	-0	-0	-0	300	0	-203	-0	-0	-0	-0	300	0	200	-0
686	-0	-0	-0	1506	0	-203	-0	-0	-0	-0	2109	0	-203	-0	-0	-0	-0	903	0	-403	-0	-0	-0	-0	300	0	-203	-0	-0	-0	-0	300	0	200	-0
687	-0	-0	-0	1506	0	-203	-0	-0	-0	-0	2109	0	-203	-0	-0	-0	-0	903	0	-403	-0	-0	-0	-0	300	0	-203	-0	0	0	0	300	0	200	0
688	-0	-0	-0	1506	0	-203	-0	-0	-0	-0	2109	0	-203	-0	-0	-0	-0	903	0	-403	-0	-0	-0	-0	300	0	-203	-0	-0	-0	-0	300	0	200	-0
689	-0	-0	-0	1506	0	-203	-0	-0	-0	-0	2109	0	-203	-0	-0	-0	-0	903	0	-403	-0	-0	-0	-0	300	0	-203	-0	0	0	0	300	0	200	0
690	-0	-0	-0	1506	0	-203	-0	-0	-0	-0	2109	0	-203	-0	-0	-0	-0	903	0	-403	-0	-0	-0	-0	300	0	-203	-0	0	0	0	300	0	200	0
691	-0	-0	-0	1506	0	-203	-0	-0	-0	-0	2109	0	-203	-0	-0	-0	-0	903	0	-403	-0	-0	-0	-0	300	0	-203	-0	-0	-0	-0	300	0	200	-0
692	-0	-0	-0	1506	0	-203	-0	-0	-0	-0	2109	0	-203	-0	0	0	0	903	0	-403	0	-0	-0	-0	300	0	-203	-0	-0	-0	-0	300	0	200	-0
693	-0	-0	-0	1506	0	-203	-0	-0	-0	-0	2109	0	-203	-0	-0	-0	-0	903	0	-403	-0	-0	-0	-0	300	0	-203	-0	-0	-0	-0	300	0	200	-0
694	-0	-0	-0	1506	0	-203	-0	-0	-0	-0	2109	0	-203	-0	-0	-0	-0	903	0	-403	-0	-0	-0	-0	300	0	-203	-0	-0	-0	-0	300	0	200	-0
695	-0	-0	-0	1506	0	-203	-0	-0	-0	-0	2109	0	-203	-0	-0	-0	-0	903	0	-403	-0	-0	-0	-0	300	0	-203	-0	-0	-0	-0	300	0	200	-0
696	-0	-0	-0	1506	0	-203	-0	-0	-0	-0	2109	0	-203	-0	-0	-0	-0	903	0	-403	-0	-0	-0	-0	300	0	-203	-0	-0	-0	-0	300	0	200	-0
