Time	RHipMomentX	RHipMomentY	RHipMomentZ	LHipMomentX	LHipMomentY	LHipMomentZ	RKneeMomentX	RKneeMomentY	RKneeMomentZ	LKneeMomentX	LKneeMomentY	LKneeMomentZ	RAnkleMomentX	RAnkleMomentY	RAnkleMomentZ	LAnkleMomentX	LAnkleMomentY	LAnkleMomentZ	RGRFX	RGRFY	RGRFZ	LGRFX	LGRFY	LGRFZ
0	-0.0559544	0.0175848	-0.486922	-0.0855675	0.00399542	-0.436392	-0.0468928	0.0111072	-0.257804	-0.0500967	0.00495458	-0.226169	0.0027672	0.0115552	0.0094508	0.0021025	0.00016125	-0.0030575	0.155539	0.546816	-0.067154	0.140284	0.502158	-0.0620946
1	-0.0098908	0.02265	-0.473075	-0.0706304	0.00240292	-0.408655	-0.0395036	0.0208508	-0.227606	-0.0388583	0.00571292	-0.187385	0.0014496	0.0162512	0.0076416	0.00267	-0.00699375	-0.0157858	0.244604	1.38628	-0.131956	0.241238	1.20581	-0.131585
2	0.0614868	0.02736	-0.413725	-0.0313325	0.002615	-0.339935	-0.0238764	0.032398	-0.179205	-0.0154004	0.0104679	-0.128087	-0.0022216	0.0231744	0.0061928	0.00208167	-0.0117204	-0.0298704	0.210692	2.40449	-0.181428	0.250984	2.08614	-0.195384
3	0.117152	0.02635	-0.387171	0.00243	-0.00016875	-0.295497	-0.0082876	0.0363836	-0.155106	0.00702667	0.0118563	-0.0862708	-0.0065464	0.0286388	0.0082824	-0.000620833	-0.0148671	-0.040425	-0.0251212	3.29642	-0.168718	0.0789633	2.81406	-0.19743
4	0.130993	0.0239884	-0.438861	-0.00732458	-0.00570417	-0.344681	0.0053768	0.0325072	-0.185036	0.017	0.00684625	-0.109464	-0.010388	0.0351756	0.0191772	-0.00657375	-0.0146467	-0.0426721	-0.361193	4.04413	-0.084898	-0.192081	3.33421	-0.130198
5	0.142523	0.0256612	-0.445235	-0.00722708	-0.00758167	-0.351345	0.0346296	0.0264128	-0.207473	0.0396075	-0.000479167	-0.14155	-0.0146236	0.042204	0.0364092	-0.0172617	-0.01178	-0.0395025	-0.649602	4.69944	0.0395324	-0.429871	3.77654	-0.0311517
6	0.177074	0.0308864	-0.376181	0.0370604	-0.00246125	-0.25056	0.0792008	0.0232368	-0.174095	0.0862938	-0.00515458	-0.11992	-0.020854	0.045932	0.0532936	-0.0327413	-0.0106588	-0.0360875	-0.854013	5.246	0.162006	-0.613808	4.22684	0.0657483
7	0.260436	0.0376092	-0.331311	0.109284	0.00676875	-0.166059	0.136904	0.0268888	-0.109448	0.14335	-0.00499	-0.0625054	-0.0286632	0.048626	0.0707156	-0.0485642	-0.0120217	-0.0293325	-0.998374	5.69511	0.262569	-0.769132	4.68765	0.146937
8	0.394163	0.0434932	-0.352812	0.202004	0.0162246	-0.173374	0.20186	0.03774	-0.0484804	0.204269	0.000477083	-0.00322583	-0.0374744	0.0537036	0.0917048	-0.0605196	-0.0130562	-0.0156925	-1.0988	6.12187	0.345029	-0.89753	5.1517	0.217038
9	0.538485	0.046	-0.402474	0.304448	0.0218988	-0.235275	0.258767	0.0518672	-0.00243	0.26595	0.00884583	0.0478833	-0.0474128	0.061078	0.115581	-0.06961	-0.0134271	0.001975	-1.16406	6.57196	0.415684	-0.997534	5.63573	0.288746
10	0.650628	0.0436256	-0.441303	0.39786	0.0210037	-0.299403	0.298841	0.0635324	0.0236816	0.32144	0.0159	0.0864762	-0.0571192	0.0699076	0.142098	-0.07815	-0.0136258	0.0203983	-1.19467	7.0325	0.47447	-1.06489	6.14665	0.364187
11	0.723926	0.0372572	-0.456252	0.480134	0.0132713	-0.33505	0.326458	0.0695668	0.027604	0.369622	0.0178971	0.108042	-0.06517	0.0798216	0.170843	-0.0865804	-0.0133154	0.0388633	-1.19275	7.47652	0.519722	-1.09654	6.66873	0.438088
12	0.767377	0.0315448	-0.441922	0.550985	0.00191292	-0.325993	0.347592	0.0714064	0.01525	0.411932	0.0144821	0.113629	-0.071058	0.0905552	0.200407	-0.0946721	-0.0123179	0.0575463	-1.16615	7.89165	0.553129	-1.09726	7.18238	0.506622
13	0.789593	0.031156	-0.397688	0.606303	-0.00785667	-0.276899	0.365032	0.071976	-0.0042292	0.448784	0.00878875	0.108367	-0.074956	0.101278	0.229946	-0.101873	-0.0105863	0.0774608	-1.12595	8.27961	0.580056	-1.07809	7.67587	0.569287
14	0.807387	0.0377548	-0.335943	0.654676	-0.012705	-0.21232	0.3819	0.0742492	-0.0242428	0.482269	0.00406208	0.0968204	-0.0782048	0.111785	0.259156	-0.108137	-0.0083775	0.0987062	-1.08176	8.64543	0.60514	-1.04872	8.14221	0.625832
15	0.839355	0.050298	-0.277292	0.708579	-0.0111646	-0.154752	0.401708	0.0801096	-0.0417808	0.51459	0.00267	0.0825408	-0.0821668	0.122208	0.287902	-0.114138	-0.00542625	0.120345	-1.03796	8.9841	0.632087	-1.01271	8.56873	0.675404
16	0.888665	0.0662032	-0.235738	0.768721	-0.00363708	-0.11609	0.424229	0.089392	-0.0561068	0.545583	0.00548542	0.0669075	-0.0872616	0.132542	0.315966	-0.119667	-0.00119875	0.142255	-0.993478	9.2769	0.662312	-0.969937	8.934	0.718447
17	0.940229	0.082146	-0.214455	0.82475	0.00727333	-0.09704	0.44569	0.0999556	-0.0689204	0.572801	0.0109983	0.0506942	-0.0925888	0.142956	0.343452	-0.124623	0.00388375	0.163773	-0.946273	9.50005	0.693487	-0.920371	9.22184	0.755878
18	0.978058	0.0951232	-0.206398	0.868644	0.0188692	-0.0869638	0.461825	0.108989	-0.0818516	0.593994	0.0170096	0.0338433	-0.0970632	0.153146	0.370061	-0.129	0.00954083	0.184658	-0.895599	9.63778	0.721261	-0.865225	9.42843	0.788355
19	0.995253	0.103286	-0.201166	0.898205	0.02865	-0.0751229	0.470161	0.115042	-0.0939876	0.608047	0.0216317	0.0153762	-0.100497	0.162393	0.394386	-0.131927	0.0154275	0.205653	-0.840514	9.69181	0.741684	-0.80623	9.55343	0.816558
20	0.994632	0.10641	-0.198804	0.914007	0.0354012	-0.0580371	0.470568	0.118849	-0.105616	0.614144	0.0243471	-0.00402208	-0.102944	0.170939	0.416534	-0.133115	0.0211717	0.226727	-0.779601	9.68051	0.752349	-0.744129	9.59699	0.839426
21	0.983799	0.107312	-0.199188	0.916173	0.0398604	-0.0409321	0.46474	0.121904	-0.118744	0.611502	0.0264467	-0.02377	-0.104322	0.17943	0.438406	-0.132847	0.0273354	0.247863	-0.713255	9.6276	0.752444	-0.678879	9.56407	0.85369
22	0.970324	0.109257	-0.193128	0.907209	0.0425275	-0.02662	0.453892	0.125743	-0.131296	0.600435	0.0287046	-0.0422421	-0.106155	0.188002	0.46006	-0.13176	0.0337675	0.268494	-0.644158	9.55339	0.741273	-0.611339	9.4684	0.855795
23	0.960996	0.111917	-0.180713	0.890889	0.0440321	-0.0140763	0.439356	0.130778	-0.141944	0.581805	0.0313313	-0.0575121	-0.109184	0.196529	0.48162	-0.131	0.0400846	0.287633	-0.575113	9.4693	0.720483	-0.543629	9.3304	0.843678
24	0.956227	0.116315	-0.161497	0.870664	0.0459079	-0.00142042	0.422385	0.136364	-0.151298	0.55717	0.0349325	-0.0701563	-0.113186	0.204797	0.50315	-0.130917	0.0468733	0.305912	-0.509271	9.37664	0.693294	-0.47782	9.16937	0.818455
25	0.948325	0.123359	-0.138494	0.850258	0.0489163	0.0121879	0.403857	0.141906	-0.161415	0.529425	0.0394075	-0.0819813	-0.116456	0.213481	0.525415	-0.131386	0.0541921	0.32401	-0.44835	9.27194	0.664428	-0.415337	8.99905	0.784876
26	0.932423	0.131182	-0.117873	0.83022	0.0531658	0.0261333	0.385268	0.145909	-0.173889	0.500968	0.044425	-0.0942692	-0.117125	0.22211	0.548686	-0.13195	0.0620512	0.342401	-0.39284	9.15328	0.639104	-0.357365	8.82809	0.749025
27	0.906869	0.138711	-0.0987928	0.809475	0.0580212	0.0410996	0.366608	0.148192	-0.186934	0.473488	0.0492312	-0.106853	-0.115763	0.230265	0.571832	-0.132059	0.0700992	0.361118	-0.342279	9.02435	0.619414	-0.304365	8.66409	0.716627
28	0.877224	0.145332	-0.0825904	0.787643	0.062695	0.0564908	0.349056	0.15001	-0.199765	0.448248	0.053125	-0.119397	-0.11284	0.238632	0.594882	-0.131585	0.0778629	0.380029	-0.295319	8.89345	0.605823	-0.255869	8.51461	0.690995
29	0.849814	0.150408	-0.0701544	0.765382	0.0674767	0.0691929	0.333666	0.151827	-0.212229	0.425855	0.0565388	-0.133029	-0.108978	0.247168	0.61788	-0.130473	0.0857763	0.399861	-0.249704	8.77173	0.597192	-0.21059	8.38639	0.672927
30	0.828573	0.154015	-0.0618948	0.744535	0.0724958	0.0805646	0.3198	0.153828	-0.223474	0.406188	0.0597629	-0.147069	-0.105401	0.255824	0.640485	-0.129121	0.0937562	0.420402	-0.204174	8.67052	0.590746	-0.166998	8.28514	0.661604
31	0.811884	0.156559	-0.0586152	0.725232	0.0771767	0.0914175	0.307593	0.1565	-0.235254	0.388505	0.0631546	-0.160743	-0.101878	0.265433	0.664361	-0.127859	0.101856	0.441449	-0.158263	8.59822	0.585158	-0.123182	8.21361	0.655124
32	0.801161	0.158607	-0.0562272	0.709041	0.0807467	0.101639	0.29692	0.159891	-0.247082	0.37298	0.0669383	-0.174081	-0.099102	0.275718	0.689879	-0.126725	0.110407	0.463307	-0.111551	8.55907	0.579032	-0.0778133	8.17213	0.651643
33	0.7933	0.16123	-0.0509072	0.697792	0.0833654	0.111399	0.287001	0.164062	-0.258337	0.359837	0.0710113	-0.187095	-0.0976564	0.286516	0.716743	-0.125919	0.119573	0.486008	-0.0631556	8.55291	0.572025	-0.0303696	8.16045	0.649805
34	0.789618	0.165178	-0.0435836	0.690728	0.0857812	0.118973	0.278289	0.168884	-0.270142	0.348328	0.0757771	-0.200311	-0.0968612	0.298072	0.745538	-0.12555	0.129929	0.509982	-0.0125412	8.57572	0.565353	0.0199758	8.17799	0.648805
35	0.787803	0.170548	-0.0316156	0.686274	0.0887154	0.127917	0.270118	0.174251	-0.282179	0.337937	0.0811217	-0.213644	-0.0962716	0.310608	0.776413	-0.125487	0.141367	0.535576	0.04019	8.62057	0.560104	0.0738754	8.22327	0.649119
36	0.785334	0.176823	-0.0186664	0.683621	0.0927362	0.14043	0.262446	0.179976	-0.295225	0.328412	0.0869646	-0.22708	-0.095286	0.324516	0.809324	-0.125856	0.153735	0.562853	0.0942876	8.67994	0.557498	0.131448	8.29298	0.651347
37	0.783039	0.183581	-0.00382	0.683718	0.0975408	0.153071	0.255289	0.185645	-0.308703	0.319862	0.0932358	-0.241516	-0.093574	0.339702	0.843998	-0.126419	0.167103	0.592302	0.149248	8.74777	0.557995	0.192836	8.38279	0.656449
38	0.780704	0.190521	0.0126696	0.685412	0.102519	0.169197	0.24834	0.191208	-0.321424	0.312164	0.099165	-0.256074	-0.0911012	0.356097	0.879541	-0.126795	0.180904	0.623904	0.204337	8.81981	0.561068	0.25722	8.48876	0.665599
39	0.779849	0.197222	0.0290976	0.688166	0.107275	0.190808	0.242816	0.196944	-0.333256	0.305189	0.104686	-0.26958	-0.0870592	0.373927	0.916075	-0.126577	0.195408	0.658085	0.258926	8.89437	0.567041	0.322546	8.60769	0.67898
40	0.78012	0.202889	0.0457284	0.693193	0.111153	0.217107	0.238633	0.202526	-0.343434	0.29922	0.109546	-0.281034	-0.081568	0.392662	0.953811	-0.125533	0.210772	0.695089	0.312944	8.97253	0.57575	0.386147	8.73773	0.696318
41	0.780562	0.20765	0.062184	0.699842	0.114048	0.248682	0.235393	0.207957	-0.351661	0.293982	0.113655	-0.289038	-0.074922	0.412206	0.993003	-0.12404	0.227067	0.73444	0.366286	9.05518	0.586808	0.446245	8.87755	0.716383
42	0.783066	0.211549	0.0796824	0.707261	0.115801	0.283351	0.233924	0.213051	-0.358274	0.28889	0.117269	-0.293038	-0.0669108	0.43245	1.03432	-0.12216	0.244702	0.776348	0.419316	9.14227	0.600438	0.501843	9.0237	0.737298
43	0.78781	0.214018	0.0974356	0.715357	0.115353	0.318933	0.233462	0.217288	-0.362526	0.283842	0.119569	-0.291904	-0.0584616	0.452881	1.07702	-0.119659	0.262925	0.820225	0.472696	9.23302	0.615166	0.551984	9.16959	0.758068
44	0.792741	0.21545	0.115782	0.721869	0.112635	0.354736	0.233155	0.22093	-0.363933	0.27849	0.120273	-0.285297	-0.049866	0.473798	1.12026	-0.116436	0.281364	0.865002	0.52751	9.32514	0.629552	0.597325	9.30572	0.778174
45	0.795632	0.215608	0.136316	0.726859	0.108016	0.389574	0.232189	0.22333	-0.361868	0.273248	0.119292	-0.27401	-0.041488	0.494488	1.16276	-0.111844	0.299891	0.909568	0.584369	9.41486	0.642495	0.640359	9.42245	0.797793
46	0.795774	0.214738	0.162532	0.729943	0.101376	0.421521	0.230235	0.224374	-0.356032	0.268291	0.116246	-0.258041	-0.0334144	0.514627	1.20368	-0.105778	0.317835	0.951375	0.644704	9.49731	0.653784	0.685087	9.51321	0.816705
47	0.793583	0.213128	0.190284	0.729913	0.093535	0.451144	0.228111	0.224427	-0.34822	0.26298	0.111819	-0.238085	-0.0245072	0.534566	1.24268	-0.0981679	0.335438	0.988908	0.710772	9.56592	0.664362	0.736983	9.57436	0.833543
48	0.787822	0.210031	0.214239	0.726503	0.0851254	0.478107	0.22504	0.223204	-0.338167	0.257155	0.106264	-0.215223	-0.0151184	0.55372	1.27787	-0.0887583	0.352476	1.02083	0.784312	9.61323	0.673153	0.800771	9.60226	0.846524
49	0.775743	0.205486	0.231465	0.718243	0.0763842	0.500658	0.21998	0.221238	-0.325161	0.250361	0.0996742	-0.189578	-0.005894	0.572176	1.30718	-0.07802	0.36844	1.04487	0.866444	9.63027	0.677536	0.878949	9.58842	0.852811
50	0.754664	0.198964	0.2407	0.70117	0.0673917	0.514442	0.212182	0.218125	-0.30931	0.241946	0.0924867	-0.162117	0.0032012	0.589023	1.32824	-0.0657817	0.383171	1.05891	0.956992	9.60186	0.67394	0.970552	9.514	0.849755
51	0.723099	0.190352	0.24098	0.671248	0.0573946	0.515677	0.199731	0.213213	-0.290585	0.230995	0.0845237	-0.133004	0.0116752	0.602644	1.33734	-0.0518696	0.395347	1.05963	1.05335	9.50519	0.657598	1.07033	9.35016	0.834403
52	0.682125	0.180627	0.235797	0.627347	0.0464675	0.504045	0.18274	0.206563	-0.26972	0.215617	0.0760288	-0.10279	0.019994	0.612016	1.33165	-0.0365642	0.403855	1.04431	1.14978	9.31402	0.626518	1.16953	9.06504	0.802414
53	0.632763	0.169943	0.23296	0.571824	0.035195	0.483222	0.16229	0.197494	-0.245985	0.195329	0.0670567	-0.0721071	0.028152	0.615124	1.30831	-0.0202937	0.406917	1.01092	1.23809	9.00728	0.581819	1.25648	8.63515	0.75117
54	0.57484	0.159024	0.234441	0.506515	0.0246067	0.458201	0.13903	0.186351	-0.218677	0.170858	0.0576929	-0.0406313	0.0355992	0.611141	1.2655	-0.00500542	0.402001	0.957855	1.30957	8.57594	0.526454	1.31888	8.0565	0.680573
55	0.508891	0.147836	0.23798	0.432839	0.0161258	0.429626	0.113882	0.173162	-0.187613	0.143748	0.0486046	-0.00958792	0.0422352	0.598994	1.20273	0.00751167	0.387712	0.886362	1.35467	8.02187	0.463988	1.34494	7.34357	0.593879
56	0.436095	0.135501	0.239683	0.352307	0.010045	0.395803	0.0875744	0.157228	-0.153318	0.11508	0.0397583	0.0186108	0.0476644	0.576281	1.11993	0.0165929	0.362592	0.799028	1.36534	7.35436	0.396828	1.32505	6.52105	0.49712
57	0.359002	0.121847	0.232599	0.269579	0.00606208	0.353195	0.0619568	0.138953	-0.118348	0.0862208	0.0309338	0.0411	0.0516044	0.5412	1.01799	0.0221942	0.325749	0.699279	1.33667	6.58846	0.327434	1.25488	5.62181	0.398302
58	0.279538	0.106552	0.21686	0.191535	0.0036325	0.297649	0.0388956	0.118786	-0.0847532	0.0599846	0.0224787	0.05457	0.0532924	0.491958	0.898951	0.0250637	0.278315	0.591583	1.26578	5.74438	0.258561	1.13856	4.68281	0.305961
59	0.201093	0.0898444	0.196216	0.122846	0.00192375	0.236293	0.0190372	0.097272	-0.0542988	0.0387667	0.0148688	0.0578858	0.0515172	0.428277	0.765834	0.0258912	0.223497	0.48043	1.15216	4.84668	0.192946	0.988498	3.73995	0.224062
60	0.131719	0.0722132	0.173243	0.0683742	0.000475417	0.179627	0.0044568	0.0757312	-0.02952	0.0233525	0.00862583	0.0516437	0.0466764	0.353707	0.62403	0.0252379	0.167146	0.371184	1.0013	3.92633	0.13452	0.819511	2.83125	0.151675
61	0.075814	0.0541776	0.153752	0.0332646	-0.000909583	0.140835	-0.0041556	0.0551532	-0.0104128	0.0132096	0.00373917	0.041275	0.03981	0.274255	0.480866	0.0229671	0.114834	0.267211	0.82519	3.02612	0.0862528	0.633158	1.98711	0.0898833
62	0.0323088	0.0378356	0.145955	0.0167721	-0.00223167	0.121223	-0.0087532	0.0367984	0.0048272	0.00692292	-0.000242083	0.031815	0.0319236	0.197853	0.345951	0.0195279	0.0713654	0.175011	0.636981	2.19996	0.0493064	0.435033	1.25059	0.0445225
63	-0.0032824	0.0253776	0.142852	0.0123738	-0.00231667	0.112512	-0.0133464	0.020922	0.010068	0.00172958	-0.00312667	0.0232996	0.0224884	0.126772	0.220695	0.0144508	0.0371929	0.0941312	0.436661	1.4306	0.0217096	0.255056	0.689965	0.0160408
64	-0.0264748	0.0164448	0.13924	0.0102192	-0.000623333	0.109112	-0.0156312	0.0092036	0.012586	-0.00294042	-0.00491958	0.0187575	0.0149732	0.07257	0.12554	0.0111363	0.0153621	0.0392104	0.271147	0.86903	0.0070804	0.123594	0.349945	0.00562042
65	-0.0411384	0.0114	0.13674	0.00439958	0.00384917	0.111508	-0.0172116	0.002038	0.0118088	-0.0101871	-0.00545625	0.0168296	0.008394	0.0337452	0.0568476	0.005425	-0.00413042	-0.0103913	0.144055	0.458153	0.0003024	0.0226775	0.0608146	-3.625e-05
66	-0.0480192	0.0083996	0.130817	-0.00401333	0.00835083	0.117385	-0.0169324	-0.0011092	0.007522	-0.0143588	-0.00463958	0.0262588	0.0042328	0.0085916	0.0118456	0.00446458	-0.00983042	-0.0216754	0.0666736	0.215896	-0.000668	0.006705	0.022585	-0.000134583
67	-0.0507768	0.00766	0.133681	-0.00948625	0.0113829	0.131691	-0.0165104	-0.0015568	0.0106648	-0.0158788	-0.00258708	0.0394775	0.0017368	-0.0050124	-0.0117244	0.0039025	-0.0121158	-0.0249904	0.0265932	0.0848716	-0.0001332	0	0	0
68	-0.0464276	0.006374	0.14245	-0.0122079	0.011595	0.141877	-0.0126424	8e-06	0.0211788	-0.0151429	-0.001	0.0502233	0.0008516	-0.0090512	-0.0188196	0.00381958	-0.0118	-0.0223371	0.01268	0.0386988	-0.0004144	0	0	0
69	-0.0405656	0.003994	0.151882	-0.011005	0.00978167	0.135534	-0.0077968	0.001234	0.0332108	-0.0139846	-0.000259167	0.0509704	0.0006092	-0.0105192	-0.0209116	0.00308292	-0.0103813	-0.0185246	0	0	0	0	0	0
70	-0.0405492	0.0036424	0.155792	-0.00398417	0.00612208	0.114693	-0.0073856	0.0006608	0.041766	-0.0117463	-0.000405417	0.0421783	0.0004484	-0.0116776	-0.0208048	0.00212917	-0.0082075	-0.0147287	0	0	0	0	0	0
71	-0.0430484	0.0050836	0.149376	0.00623792	0.00185167	0.0897346	-0.0108996	-0.001618	0.0444756	-0.0090775	-0.00130083	0.0289404	0.0007012	-0.0114708	-0.0172932	0.00138792	-0.00611917	-0.0119388	0	0	0	0	0	0
72	-0.03748	0.004648	0.131571	0.0161808	-0.00185917	0.0666771	-0.0130188	-0.004084	0.0400776	-0.007015	-0.002635	0.0161804	0.000732	-0.01083	-0.0140924	0.000980833	-0.00467583	-0.0102358	0	0	0	0	0	0
73	-0.0214776	0.0012944	0.108595	0.02384	-0.00491125	0.04678	-0.0112788	-0.0053996	0.0317104	-0.00523	-0.00369625	0.00587208	0.000584	-0.0097128	-0.011972	0.000795	-0.00371417	-0.00922833	0	0	0	0	0	0
74	-0.0048268	-0.0026244	0.0883808	0.0285	-0.00720833	0.0304454	-0.0078572	-0.0055672	0.023026	-0.00325792	-0.00406375	-0.00214833	0.000418	-0.0086048	-0.0109112	0.000699583	-0.00295875	-0.00862542	0	0	0	0	0	0
75	0.0067984	-0.0055312	0.0736448	0.0318888	-0.00870958	0.0171167	-0.0045836	-0.005132	0.015914	-0.0010425	-0.00373333	-0.008765	0.0003216	-0.0077236	-0.0104176	0.000663333	-0.00231792	-0.00825542	0	0	0	0	0	0
76	0.016202	-0.0080096	0.062352	0.0341692	-0.00978875	0.00498292	-0.0007464	-0.0042384	0.0098624	0.00124458	-0.00275958	-0.0143571	0.0002676	-0.0067636	-0.0100656	0.000702917	-0.00180333	-0.00805833	0	0	0	0	0	0
77	0.0251348	-0.0102828	0.0504596	0.0365721	-0.0107583	-0.00498375	0.0035976	-0.0031376	0.0038372	0.00368667	-0.001355	-0.0191712	0.000212	-0.0056564	-0.0097032	0.000810833	-0.00147333	-0.00815167	0	0	0	0	0	0
78	0.0316312	-0.0121248	0.0379612	0.042115	-0.0118558	-0.0110587	0.007438	-0.002062	-0.0020752	0.00667125	0.000192083	-0.02328	0.0001472	-0.0045468	-0.0094204	0.000961667	-0.00131042	-0.0086975	0	0	0	0	0	0
79	0.036812	-0.0134492	0.0275604	0.0498354	-0.0126892	-0.0121433	0.0104208	-0.0012704	-0.0078028	0.00977083	0.00159042	-0.0261071	0.0001064	-0.0036628	-0.0094284	0.00119917	-0.001375	-0.00969875	0	0	0	0	0	0
80	0.0436468	-0.014366	0.0213568	0.0566038	-0.0130246	-0.0106679	0.0129816	-0.0007948	-0.0131748	0.0121433	0.00254833	-0.0281529	0.0001128	-0.0031592	-0.009908	0.00157667	-0.00165375	-0.0107292	0	0	0	0	0	0
81	0.04836	-0.0146024	0.0202284	0.06149	-0.0129971	-0.00894708	0.0146924	-0.0006448	-0.01792	0.0134413	0.0029525	-0.0304942	0.000184	-0.0031296	-0.0108452	0.00202625	-0.00202875	-0.0115804	0	0	0	0	0	0
82	0.0481428	-0.0140052	0.021212	0.065325	-0.0124187	-0.00642833	0.0150208	-0.0009092	-0.0224268	0.0139754	0.00286875	-0.0335583	0.0003148	-0.0035824	-0.0120524	0.00244208	-0.00242208	-0.0124454	0	0	0	0	0	0
83	0.0441468	-0.0126912	0.0216368	0.0672563	-0.0112375	-0.00519875	0.0140664	-0.0013444	-0.026456	0.0135167	0.00250375	-0.0373363	0.0005224	-0.0043964	-0.0133512	0.00276417	-0.0027525	-0.01334	0	0	0	0	0	0
84	0.0383632	-0.0109356	0.0224108	0.0655021	-0.0091925	-0.00501	0.0126932	-0.0013604	-0.0297188	0.0113579	0.00207292	-0.0409954	0.0007796	-0.005246	-0.0146296	0.00298833	-0.00307167	-0.0142508	0	0	0	0	0	0
85	0.0326284	-0.00868	0.022946	0.0609975	-0.00642458	-0.00543708	0.0113276	-0.0006952	-0.0330152	0.0073025	0.00162333	-0.0443358	0.0010428	-0.0059036	-0.015822	0.00313708	-0.00352792	-0.0151729	0	0	0	0	0	0
86	0.0293412	-0.0062204	0.0178488	0.0548567	-0.00384333	-0.00959292	0.0098632	0.0004836	-0.0382604	0.00136417	0.00112667	-0.0478575	0.0012756	-0.00625	-0.0168856	0.00320167	-0.00405792	-0.016	0	0	0	0	0	0
87	0.0305444	-0.0037428	0.00482	0.0470025	-0.001625	-0.0175633	0.0081164	0.0018636	-0.0466324	-0.00609583	0.0005	-0.0518962	0.0014704	-0.0062336	-0.01769	0.00314417	-0.00452292	-0.0165842	0	0	0	0	0	0
88	0.034512	-0.0010244	-0.0144884	0.0372583	0.00060375	-0.0249538	0.00548	0.003144	-0.057926	-0.0141104	-0.000227917	-0.0569754	0.0016116	-0.0059136	-0.018066	0.00293625	-0.00475542	-0.0167546	0	0	0	0	0	0
89	0.036184	0.0020864	-0.0432108	0.0247804	0.00199917	-0.035425	0.0002432	0.0038932	-0.0723264	-0.0217912	-0.000818333	-0.0640604	0.0016456	-0.0053908	-0.0177828	0.00261292	-0.00453167	-0.0163492	0	0	0	0	0	0
90	0.0313896	0.0056428	-0.0806996	0.0110054	0.00182708	-0.0538617	-0.0080964	0.0040356	-0.0900968	-0.0272471	-0.000849583	-0.0737929	0.001538	-0.0046112	-0.0166152	0.0022425	-0.00369417	-0.0153142	0	0	0	0	0	0
91	0.018528	0.0087808	-0.128149	-0.00148667	0.000967917	-0.0830996	-0.0183616	0.0040164	-0.111438	-0.0287221	-3.91667e-05	-0.0871567	0.0012872	-0.003488	-0.0146924	0.00190875	-0.00207667	-0.0136708	0	0	0	0	0	0
92	-0.0033684	0.0112476	-0.182035	-0.0109767	0.0009475	-0.127537	-0.0290276	0.0043824	-0.135358	-0.0267183	0.00156292	-0.105723	0.000974	-0.0020368	-0.0123344	0.00166708	0.000313333	-0.0115229	0	0	0	0	0	0
93	-0.0277632	0.0128212	-0.238576	-0.0178317	0.00260417	-0.187753	-0.0376632	0.0054584	-0.160612	-0.0241767	0.00395667	-0.129938	0.0007064	-0.000178	-0.0096036	0.00150167	0.00319375	-0.00904458	0	0	0	0	0	0
94	-0.047492	0.0136148	-0.299006	-0.0252429	0.00587958	-0.256584	-0.0422744	0.0071536	-0.188149	-0.0243188	0.00745917	-0.15896	0.000522	0.0023092	-0.006432	0.00133542	0.00636917	-0.00622542	0	0	0	0	0	0
95	-0.0613844	0.0144704	-0.361942	-0.0356979	0.0103771	-0.325503	-0.0436292	0.008964	-0.218732	-0.0279204	0.01211	-0.191955	0.0004208	0.0053256	-0.0028524	0.00111542	0.00983375	-0.0030025	0	0	0	0	0	0
96	-0.0722548	0.015946	-0.418781	-0.0495729	0.0149233	-0.383965	-0.044924	0.0102396	-0.249263	-0.0337008	0.0166417	-0.224896	0.00035	0.0082412	0.0008572	0.000846667	0.013075	0.00030375	0	0	0	0	0	0
97	-0.079616	0.017384	-0.456297	-0.0645725	0.0172525	-0.420329	-0.0467232	0.010628	-0.271197	-0.0401567	0.0186908	-0.248137	0.000278	0.010288	0.0040136	0.0005925	0.0147983	0.00287083	0	0	0	0	0	0
98	-0.0786752	0.0175968	-0.456954	-0.0722308	0.0163487	-0.419818	-0.0458408	0.0099288	-0.270362	-0.0442217	0.0170433	-0.2477	0.0001632	0.0105904	0.0055632	0.00044375	0.0138908	0.003695	0	0	0	0	0	0
99	-0.0586088	0.0162532	-0.379998	-0.0585883	0.0140717	-0.353171	-0.0362728	0.0084452	-0.224884	-0.0401438	0.0130396	-0.206032	-6.4e-05	0.0083528	0.004298	0.000398333	0.0103658	0.00211417	0	0	0	0	0	0
100	-0.0551652	0.0176452	-0.484122	-0.0867608	0.00408708	-0.438558	-0.045922	0.0111216	-0.25651	-0.0512442	0.00489042	-0.228112	0.0031976	0.0115588	0.009328	0.00232375	0.0006875	-0.00208292	0.156926	0.544224	-0.0657204	0.139985	0.502975	-0.0639279
