Time	Fx1	Fy1	Fz1	COPx1	COPy1	COPz1	Ty1	Fx2	Fy2	Fz2	COPx2	COPy2	COPz2	Ty2	Fx3	Fy3	Fz3	COPx3	COPy3	COPz3	Ty3	Fx4	Fy4	Fz4	COPx4	COPy4	COPz4	Ty4	Fx5	Fy5	Fz5	COPx5	COPy5	COPz5	Ty5
1	0	0	0	1506	0	-203	0	0	0	0	2109	0	-203	0	0	0	0	903	0	-403	0	0	0	0	300	0	-203	0	0	0	0	300	0	200	0
2	-0	-0	-0	1506	0	-203	-0	-0	-0	-0	2109	0	-203	-0	-0	-0	-0	903	0	-403	-0	-0	-0	-0	300	0	-203	-0	-0	-0	-0	300	0	200	-0
3	-0	-0	-0	1506	0	-203	-0	-0	-0	-0	2109	0	-203	-0	-0	-0	-0	903	0	-403	-0	-0	-0	-0	300	0	-203	-0	-0	-0	-0	300	0	200	-0
4	-0	-0	-0	1506	0	-203	-0	-0	-0	-0	2109	0	-203	-0	-0	-0	-0	903	0	-403	-0	-0	-0	-0	300	0	-203	-0	0	0	0	300	0	200	0
5	-0	-0	-0	1506	0	-203	-0	-0	-0	-0	2109	0	-203	-0	-0	-0	-0	903	0	-403	-0	0	0	0	300	0	-203	0	-0	-0	-0	300	0	200	-0
6	-0	-0	-0	1506	0	-203	-0	-0	-0	-0	2109	0	-203	-0	0	0	0	903	0	-403	0	-0	-0	-0	300	0	-203	-0	-0	-0	-0	300	0	200	-0
7	-0	-0	-0	1506	0	-203	-0	-0	-0	-0	2109	0	-203	-0	-0	-0	-0	903	0	-403	-0	-0	-0	-0	300	0	-203	-0	-0	-0	-0	300	0	200	-0
8	-0	-0	-0	1506	0	-203	-0	-0	-0	-0	2109	0	-203	-0	-0	-0	-0	903	0	-403	-0	0	0	0	300	0	-203	0	-0	-0	-0	300	0	200	-0
9	-0	-0	-0	1506	0	-203	-0	-0	-0	-0	2109	0	-203	-0	-0	-0	-0	903	0	-403	-0	-0	-0	-0	300	0	-203	-0	-0	-0	-0	300	0	200	-0
10	-0	-0	-0	1506	0	-203	-0	-0	-0	-0	2109	0	-203	-0	-0	-0	-0	903	0	-403	-0	0	0	0	300	0	-203	0	-0	-0	-0	300	0	200	-0
11	-0	-0	-0	1506	0	-203	-0	-0	-0	-0	2109	0	-203	-0	-0	-0	-0	903	0	-403	-0	-0	-0	-0	300	0	-203	-0	-0	-0	-0	300	0	200	-0
12	-0	-0	-0	1506	0	-203	-0	-0	-0	-0	2109	0	-203	-0	-0	-0	-0	903	0	-403	-0	-0	-0	-0	300	0	-203	-0	-0	-0	-0	300	0	200	-0
13	-0	-0	-0	1506	0	-203	-0	-0	-0	-0	2109	0	-203	-0	-0	-0	-0	903	0	-403	-0	0	0	0	300	0	-203	0	-0	-0	-0	300	0	200	-0
14	-0	-0	-0	1506	0	-203	-0	-0	-0	-0	2109	0	-203	-0	-0	-0	-0	903	0	-403	-0	-0	-0	-0	300	0	-203	-0	-0	-0	-0	300	0	200	-0
15	-0	-0	-0	1506	0	-203	-0	-0	-0	-0	2109	0	-203	-0	-0	-0	-0	903	0	-403	-0	0	0	0	300	0	-203	0	-0	-0	-0	300	0	200	-0
16	-0	-0	-0	1506	0	-203	-0	-0	-0	-0	2109	0	-203	-0	-0	-0	-0	903	0	-403	-0	-0	-0	-0	300	0	-203	-0	-0	-0	-0	300	0	200	-0
17	-0	-0	-0	1506	0	-203	-0	-0	-0	-0	2109	0	-203	-0	0	0	0	903	0	-403	0	-0	-0	-0	300	0	-203	-0	-0	-0	-0	300	0	200	-0
18	-0	-0	-0	1506	0	-203	-0	-0	-0	-0	2109	0	-203	-0	-0	-0	-0	903	0	-403	-0	-0	-0	-0	300	0	-203	-0	0	0	0	300	0	200	0
19	-0	-0	-0	1506	0	-203	-0	-0	-0	-0	2109	0	-203	-0	-0	-0	-0	903	0	-403	-0	-0	-0	-0	300	0	-203	-0	-0	-0	-0	300	0	200	-0
20	-0	-0	-0	1506	0	-203	-0	-0	-0	-0	2109	0	-203	-0	-0	-0	-0	903	0	-403	-0	-0	-0	-0	300	0	-203	-0	-0	-0	-0	300	0	200	-0
21	-0	-0	-0	1506	0	-203	-0	-0	-0	-0	2109	0	-203	-0	-0	-0	-0	903	0	-403	-0	-0	-0	-0	300	0	-203	-0	-0	-0	-0	300	0	200	-0
22	-0	-0	-0	1506	0	-203	-0	-0	-0	-0	2109	0	-203	-0	-0	-0	-0	903	0	-403	-0	-0	-0	-0	300	0	-203	-0	-0	-0	-0	300	0	200	-0
23	-0	-0	-0	1506	0	-203	-0	-0	-0	-0	2109	0	-203	-0	-0	-0	-0	903	0	-403	-0	-0	-0	-0	300	0	-203	-0	-0	-0	-0	300	0	200	-0
24	-0	-0	-0	1506	0	-203	-0	-0	-0	-0	2109	0	-203	-0	-0	-0	-0	903	0	-403	-0	-0	-0	-0	300	0	-203	-0	-0	-0	-0	300	0	200	-0
25	-0	-0	-0	1506	0	-203	-0	-0	-0	-0	2109	0	-203	-0	-0	-0	-0	903	0	-403	-0	-0	-0	-0	300	0	-203	-0	0	0	0	300	0	200	0
26	-0	-0	-0	1506	0	-203	-0	-0	-0	-0	2109	0	-203	-0	-0	-0	-0	903	0	-403	-0	-0	-0	-0	300	0	-203	-0	-0	-0	-0	300	0	200	-0
27	-0	-0	-0	1506	0	-203	-0	-0	-0	-0	2109	0	-203	-0	-0	-0	-0	903	0	-403	-0	-0	-0	-0	300	0	-203	-0	-0	-0	-0	300	0	200	-0
28	-0	-0	-0	1506	0	-203	-0	-0	-0	-0	2109	0	-203	-0	-0	-0	-0	903	0	-403	-0	-0	-0	-0	300	0	-203	-0	-0	-0	-0	300	0	200	-0
29	-0	-0	-0	1506	0	-203	-0	-0	-0	-0	2109	0	-203	-0	-0	-0	-0	903	0	-403	-0	-0	-0	-0	300	0	-203	-0	0	0	0	300	0	200	0
30	-0	-0	-0	1506	0	-203	-0	-0	-0	-0	2109	0	-203	-0	-0	-0	-0	903	0	-403	-0	-0	-0	-0	300	0	-203	-0	-0	-0	-0	300	0	200	-0
31	-0	-0	-0	1506	0	-203	-0	-0	-0	-0	2109	0	-203	-0	-0	-0	-0	903	0	-403	-0	-34.62	86.06	12.96	154.01	0	-171.27	67.72	-0	-0	-0	300	0	200	-0
32	-0	-0	-0	1506	0	-203	-0	-0	-0	-0	2109	0	-203	-0	-0	-0	-0	903	0	-403	-0	-117.76	372.5	36.99	164.52	0	-174.34	-169.64	-0	-0	-0	300	0	200	-0
33	-0	-0	-0	1506	0	-203	-0	-0	-0	-0	2109	0	-203	-0	-0	-0	-0	903	0	-403	-0	-117.29	517.75	51.65	166.01	0	-174.55	-613.86	-0	-0	-0	300	0	200	-0
34	-0	-0	-0	1506	0	-203	-0	-0	-0	-0	2109	0	-203	-0	-0	-0	-0	903	0	-403	-0	-81.86	487.88	53.08	167.67	0	-174.87	-744.12	-0	-0	-0	300	0	200	-0
35	-0	-0	-0	1506	0	-203	-0	-0	-0	-0	2109	0	-203	-0	-0	-0	-0	903	0	-403	-0	-46.83	445.8	49.14	168.54	0	-174.48	-920.96	-0	-0	-0	300	0	200	-0
36	-0	-0	-0	1506	0	-203	-0	-0	-0	-0	2109	0	-203	-0	-0	-0	-0	903	0	-403	-0	-32.85	467.79	50.84	169.42	0	-173.93	-1090.93	-0	-0	-0	300	0	200	-0
37	-0	-0	-0	1506	0	-203	-0	-0	-0	-0	2109	0	-203	-0	-0	-0	-0	903	0	-403	-0	-30.34	524.26	49.89	170.83	0	-173.72	-1169.93	-0	-0	-0	300	0	200	-0
38	-0	-0	-0	1506	0	-203	-0	-0	-0	-0	2109	0	-203	-0	-0	-0	-0	903	0	-403	-0	-46.49	553.58	43.64	172.22	0	-173.8	-1198.99	-0	-0	-0	300	0	200	-0
39	-0	-0	-0	1506	0	-203	-0	-0	-0	-0	2109	0	-203	-0	0	0	0	903	0	-403	0	-69.71	549.78	38.15	173.87	0	-173.9	-995.23	-0	-0	-0	300	0	200	-0
40	-0	-0	-0	1506	0	-203	-0	-0	-0	-0	2109	0	-203	-0	-0	-0	-0	903	0	-403	-0	-91.83	532.95	34.68	175.91	0	-174.04	-870.45	0	0	0	300	0	200	0
41	-0	-0	-0	1506	0	-203	-0	-0	-0	-0	2109	0	-203	-0	-0	-0	-0	903	0	-403	-0	-104.39	516.12	30.54	177.34	0	-174.01	-731.72	-0	-0	-0	300	0	200	-0
42	-0	-0	-0	1506	0	-203	-0	-0	-0	-0	2109	0	-203	-0	0	0	0	903	0	-403	0	-101.95	516.93	24.23	179.51	0	-173.2	-438.18	-0	-0	-0	300	0	200	-0
43	-0	-0	-0	1506	0	-203	-0	-0	-0	-0	2109	0	-203	-0	-0	-0	-0	903	0	-403	-0	-97.47	540.82	14.32	183.51	0	-171.38	-161.87	-0	-0	-0	300	0	200	-0
44	-0	-0	-0	1506	0	-203	-0	-0	-0	-0	2109	0	-203	-0	-0	-0	-0	903	0	-403	-0	-98.69	594.85	-3.05	188.71	0	-169.4	604.13	-0	-0	-0	300	0	200	-0
45	-0	-0	-0	1506	0	-203	-0	-0	-0	-0	2109	0	-203	-0	-0	-0	-0	903	0	-403	-0	-114.91	635.85	-16.56	191.11	0	-167.06	1270.18	-0	-0	-0	300	0	200	-0
46	-0	-0	-0	1506	0	-203	-0	-0	-0	-0	2109	0	-203	-0	-0	-0	-0	903	0	-403	-0	-140.97	677.66	-23.21	195.02	0	-166.26	1509.58	-0	-0	-0	300	0	200	-0
47	-0	-0	-0	1506	0	-203	-0	-0	-0	-0	2109	0	-203	-0	-0	-0	-0	903	0	-403	-0	-162.83	701.55	-18.12	198.16	0	-166.08	1242.52	-0	-0	-0	300	0	200	-0
48	-0	-0	-0	1506	0	-203	-0	-0	-0	-0	2109	0	-203	-0	0	0	0	903	0	-403	0	-169.55	714.31	-12.62	200.14	0	-166.04	1134.24	-0	-0	-0	300	0	200	-0
49	-0	-0	-0	1506	0	-203	-0	-0	-0	-0	2109	0	-203	-0	-0	-0	-0	903	0	-403	-0	-167.38	743.63	-9.43	202.94	0	-165.92	820.26	-0	-0	-0	300	0	200	-0
50	-0	-0	-0	1506	0	-203	-0	-0	-0	-0	2109	0	-203	-0	-0	-0	-0	903	0	-403	-0	-165.14	784.63	-7.53	204.78	0	-165.89	635.51	-0	-0	-0	300	0	200	-0
51	-0	-0	-0	1506	0	-203	-0	-0	-0	-0	2109	0	-203	-0	-0	-0	-0	903	0	-403	-0	-162.35	815.85	-5.16	206.24	0	-166.06	779.61	-0	-0	-0	300	0	200	-0
52	-0	-0	-0	1506	0	-203	-0	-0	-0	-0	2109	0	-203	-0	-0	-0	-0	903	0	-403	-0	-163.37	844.09	-5.09	207.76	0	-165.79	1088.19	0	0	0	300	0	200	0
53	-0	-0	-0	1506	0	-203	-0	-0	-0	-0	2109	0	-203	-0	-0	-0	-0	903	0	-403	-0	-164.05	868.25	-9.5	209.61	0	-165.62	1568.9	-0	-0	-0	300	0	200	-0
54	-0	-0	-0	1506	0	-203	-0	-0	-0	-0	2109	0	-203	-0	-0	-0	-0	903	0	-403	-0	-167.72	890.51	-14.32	210.88	0	-165.5	1977.72	0	0	0	300	0	200	0
55	-0	-0	-0	1506	0	-203	-0	-0	-0	-0	2109	0	-203	-0	-0	-0	-0	903	0	-403	-0	-170.64	914.13	-18.12	212.48	0	-164.92	2015.87	-0	-0	-0	300	0	200	-0
56	-0	-0	-0	1506	0	-203	-0	-0	-0	-0	2109	0	-203	-0	-0	-0	-0	903	0	-403	-0	-171.79	929.07	-20.43	213.94	0	-164.67	2103.94	-0	-0	-0	300	0	200	-0
57	-0	-0	-0	1506	0	-203	-0	-0	-0	-0	2109	0	-203	-0	-0	-0	-0	903	0	-403	-0	-170.5	935.85	-21.72	214.85	0	-164.39	2043.95	-0	-0	-0	300	0	200	-0
58	-0	-0	-0	1506	0	-203	-0	-0	-0	-0	2109	0	-203	-0	-0	-0	-0	903	0	-403	-0	-165.95	945.08	-24.03	215.94	0	-164.08	2077.75	-0	-0	-0	300	0	200	-0
59	-0	-0	-0	1506	0	-203	-0	-0	-0	-0	2109	0	-203	-0	-0	-0	-0	903	0	-403	-0	-160.73	955.4	-28.64	216.86	0	-163.86	2385.93	-0	-0	-0	300	0	200	-0
60	-0	-0	-0	1506	0	-203	-0	-0	-0	-0	2109	0	-203	-0	-0	-0	-0	903	0	-403	-0	-155.09	962.73	-32.58	217.44	0	-163.37	2574.11	-0	-0	-0	300	0	200	-0
61	-0	-0	-0	1506	0	-203	-0	-0	-0	-0	2109	0	-203	-0	-0	-0	-0	903	0	-403	-0	-150	967.62	-36.31	218.06	0	-162.99	2760.67	-0	-0	-0	300	0	200	-0
62	-0	-0	-0	1506	0	-203	-0	-0	-0	-0	2109	0	-203	-0	0	0	0	903	0	-403	0	-143.55	970.06	-38.76	218.85	0	-162.69	2883.95	0	0	0	300	0	200	0
63	-0	-0	-0	1506	0	-203	-0	-0	-0	-0	2109	0	-203	-0	-0	-0	-0	903	0	-403	-0	-140.3	970.88	-39.03	219.62	0	-162.53	2953.63	-0	-0	-0	300	0	200	-0
64	-0	-0	-0	1506	0	-203	-0	-0	-0	-0	2109	0	-203	-0	-0	-0	-0	903	0	-403	-0	-134.73	968.43	-38.01	220.36	0	-162.25	3156.97	-0	-0	-0	300	0	200	-0
65	-0	-0	-0	1506	0	-203	-0	-0	-0	-0	2109	0	-203	-0	0	0	0	903	0	-403	0	-128.49	965.72	-36.79	221.25	0	-162.17	3354.17	-0	-0	-0	300	0	200	-0
66	-0	-0	-0	1506	0	-203	-0	-0	-0	-0	2109	0	-203	-0	-0	-0	-0	903	0	-403	-0	-121.97	960.02	-34.96	222.02	0	-162.01	3370.45	-0	-0	-0	300	0	200	-0
67	-0	-0	-0	1506	0	-203	-0	-0	-0	-0	2109	0	-203	-0	-0	-0	-0	903	0	-403	-0	-115.25	948.07	-32.85	222.72	0	-161.77	3468.16	0	0	0	300	0	200	0
68	-0	-0	-0	1506	0	-203	-0	-0	-0	-0	2109	0	-203	-0	-0	-0	-0	903	0	-403	-0	-108.06	932.6	-30.95	223.6	0	-161.61	3420.66	-0	-0	-0	300	0	200	-0
69	-0	-0	-0	1506	0	-203	-0	-0	-0	-0	2109	0	-203	-0	-0	-0	-0	903	0	-403	-0	-102.22	917.39	-29.86	224.47	0	-161.42	3299.85	-0	-0	-0	300	0	200	-0
70	-0	-0	-0	1506	0	-203	-0	-0	-0	-0	2109	0	-203	-0	-0	-0	-0	903	0	-403	-0	-97.2	898.39	-28.51	225.67	0	-161.24	3202.22	-0	-0	-0	300	0	200	-0
71	-0	-0	-0	1506	0	-203	-0	-0	-0	-0	2109	0	-203	-0	-0	-0	-0	903	0	-403	-0	-91.97	875.85	-27.15	227.11	0	-160.78	3125.89	-0	-0	-0	300	0	200	-0
72	-0	-0	-0	1506	0	-203	-0	-0	-0	-0	2109	0	-203	-0	-0	-0	-0	903	0	-403	-0	-89.53	857.39	-27.01	228.35	0	-160.53	3113.59	-0	-0	-0	300	0	200	-0
73	-0	-0	-0	1506	0	-203	-0	-0	-0	-0	2109	0	-203	-0	-0	-0	-0	903	0	-403	-0	-84.71	834.86	-26.74	229.97	0	-160.01	3102.18	-0	-0	-0	300	0	200	-0
74	-0	-0	-0	1506	0	-203	-0	-0	-0	-0	2109	0	-203	-0	-0	-0	-0	903	0	-403	-0	-80.09	810.96	-26.81	231.68	0	-159.48	3026.16	-0	-0	-0	300	0	200	-0
75	-0	-0	-0	1506	0	-203	-0	-0	-0	-0	2109	0	-203	-0	-0	-0	-0	903	0	-403	-0	-74.39	790.06	-26.74	233.33	0	-158.99	2888.01	0	0	0	300	0	200	0
76	-0	-0	-0	1506	0	-203	-0	-0	-0	-0	2109	0	-203	-0	-0	-0	-0	903	0	-403	-0	-68.42	764.27	-26.4	235.25	0	-158.48	2788.51	-0	-0	-0	300	0	200	-0
77	-0	-0	-0	1506	0	-203	-0	-0	-0	-0	2109	0	-203	-0	-0	-0	-0	903	0	-403	-0	-62.65	738.2	-26.4	237.39	0	-157.95	2632.16	-0	-0	-0	300	0	200	-0
78	-0	-0	-0	1506	0	-203	-0	-0	-0	-0	2109	0	-203	-0	-0	-0	-0	903	0	-403	-0	-58.58	717.03	-26.2	239.06	0	-157.22	2516.21	-0	-0	-0	300	0	200	-0
79	-0	-0	-0	1506	0	-203	-0	-0	-0	-0	2109	0	-203	-0	0	0	0	903	0	-403	0	-54.64	692.59	-26.13	241.45	0	-156.66	2453.4	-0	-0	-0	300	0	200	-0
80	-0	-0	-0	1506	0	-203	-0	-0	-0	-0	2109	0	-203	-0	-0	-0	-0	903	0	-403	-0	-50.5	665.98	-25.59	243.9	0	-155.8	2325.98	-0	-0	-0	300	0	200	-0
81	-0	-0	-0	1506	0	-203	-0	-0	-0	-0	2109	0	-203	-0	-0	-0	-0	903	0	-403	-0	-48.39	645.89	-25.52	245.93	0	-155.34	2229.62	-0	-0	-0	300	0	200	-0
82	-0	-0	-0	1506	0	-203	-0	-0	-0	-0	2109	0	-203	-0	0	0	0	903	0	-403	0	-44.25	621.73	-24.84	248.76	0	-156.3	2051.7	-0	-0	-0	300	0	200	-0
83	-0	-0	-0	1506	0	-203	-0	-0	-0	-0	2109	0	-203	-0	0	0	0	903	0	-403	0	-40.86	599.47	-24.03	251.68	0	-155.84	1829.59	-0	-0	-0	300	0	200	-0
84	-0	-0	-0	1506	0	-203	-0	-0	-0	-0	2109	0	-203	-0	-0	-0	-0	903	0	-403	-0	-36.86	579.92	-23.35	253.67	0	-155.08	1717.02	-0	-0	-0	300	0	200	-0
85	-0	-0	-0	1506	0	-203	-0	0	0	0	2109	0	-203	0	-0	-0	-0	903	0	-403	-0	-34.48	558.47	-22.87	256.73	0	-154.45	1632.87	-0	-0	-0	300	0	200	-0
86	-0	-0	-0	1506	0	-203	-0	-0	-0	-0	2109	0	-203	-0	-0	-0	-0	903	0	-403	-0	-31.36	537.29	-22.19	259.88	0	-153.48	1472.65	-0	-0	-0	300	0	200	-0
87	-0	-0	-0	1506	0	-203	-0	-0	-0	-0	2109	0	-203	-0	-0	-0	-0	903	0	-403	-0	-30.34	521.55	-21.92	262.26	0	-153.1	1496.56	-0	-0	-0	300	0	200	-0
88	-0	-0	-0	1506	0	-203	-0	-0	-0	-0	2109	0	-203	-0	-0	-0	-0	903	0	-403	-0	-29.12	501.46	-21.38	265.18	0	-152.2	1503.06	-0	-0	-0	300	0	200	-0
89	-0	-0	-0	1506	0	-203	-0	-0	-0	-0	2109	0	-203	-0	-0	-0	-0	903	0	-403	-0	-27.76	483.27	-20.57	268.32	0	-151.23	1392.2	0	0	0	300	0	200	0
90	-0	-0	-0	1506	0	-203	-0	-0	-0	-0	2109	0	-203	-0	-0	-0	-0	903	0	-403	-0	-26.81	472.14	-20.29	271.05	0	-150.94	1500.45	-0	-0	-0	300	0	200	-0
91	-0	-0	-0	1506	0	-203	-0	-0	-0	-0	2109	0	-203	-0	-0	-0	-0	903	0	-403	-0	-24.91	458.02	-19.48	274.28	0	-150.48	1410.89	-0	-0	-0	300	0	200	-0
92	-0	-0	-0	1506	0	-203	-0	-0	-0	-0	2109	0	-203	-0	-0	-0	-0	903	0	-403	-0	-23.55	443.63	-18.8	277.15	0	-149.46	1380.21	-0	-0	-0	300	0	200	-0
93	-0	-0	-0	1506	0	-203	-0	-0	-0	-0	2109	0	-203	-0	-0	-0	-0	903	0	-403	-0	-21.72	432.77	-18.05	279.73	0	-149.01	1445.44	-0	-0	-0	300	0	200	-0
94	-0	-0	-0	1506	0	-203	-0	-0	-0	-0	2109	0	-203	-0	-0	-0	-0	903	0	-403	-0	-20.84	421.91	-17.58	282.74	0	-148.38	1345.12	-0	-0	-0	300	0	200	-0
95	-0	-0	-0	1506	0	-203	-0	-0	-0	-0	2109	0	-203	-0	0	0	0	903	0	-403	0	-19.21	410.78	-16.97	285.66	0	-147.8	1325.96	-0	-0	-0	300	0	200	-0
96	-0	-0	-0	1506	0	-203	-0	-0	-0	-0	2109	0	-203	-0	-0	-0	-0	903	0	-403	-0	-19.34	403.17	-16.9	288.1	0	-147.48	1399.32	0	0	0	300	0	200	0
97	-0	-0	-0	1506	0	-203	-0	-0	-0	-0	2109	0	-203	-0	-0	-0	-0	903	0	-403	-0	-18.73	395.84	-16.56	290.84	0	-146.8	1333.88	0	0	0	300	0	200	0
98	-0	-0	-0	1506	0	-203	-0	-0	-0	-0	2109	0	-203	-0	-0	-0	-0	903	0	-403	-0	-17.38	386.88	-16.29	293.98	0	-146.42	1260.47	-0	-0	-0	300	0	200	-0
99	-0	-0	-0	1506	0	-203	-0	-0	-0	-0	2109	0	-203	-0	0	0	0	903	0	-403	0	-16.43	382.54	-16.43	296.57	0	-146.07	1246.5	-0	-0	-0	300	0	200	-0
100	-0	-0	-0	1506	0	-203	-0	-0	-0	-0	2109	0	-203	-0	-0	-0	-0	903	0	-403	-0	-14.73	377.38	-15.88	298.94	0	-145.73	1155.12	-0	-0	-0	300	0	200	-0
101	-0	-0	-0	1506	0	-203	-0	-0	-0	-0	2109	0	-203	-0	-0	-0	-0	903	0	-403	-0	-13.57	372.5	-15.54	301.22	0	-145.31	1172.67	-0	-0	-0	300	0	200	-0
102	-0	-0	-0	1506	0	-203	-0	-0	-0	-0	2109	0	-203	-0	0	0	0	903	0	-403	0	-12.56	369.78	-15.48	303.24	0	-144.96	1102.61	-0	-0	-0	300	0	200	-0
103	-0	-0	-0	1506	0	-203	-0	-0	-0	-0	2109	0	-203	-0	-0	-0	-0	903	0	-403	-0	-11.95	367.61	-15.48	305.25	0	-145.11	1101.59	-0	-0	-0	300	0	200	-0
104	-0	-0	-0	1506	0	-203	-0	-0	-0	-0	2109	0	-203	-0	-0	-0	-0	903	0	-403	-0	-10.86	364.62	-15.75	307.79	0	-144.6	1101.13	-0	-0	-0	300	0	200	-0
105	-0	-0	-0	1506	0	-203	-0	-0	-0	-0	2109	0	-203	-0	-0	-0	-0	903	0	-403	-0	-10.38	363.54	-16.09	309.26	0	-144.57	1092.23	-0	-0	-0	300	0	200	-0
106	-0	-0	-0	1506	0	-203	-0	-0	-0	-0	2109	0	-203	-0	-0	-0	-0	903	0	-403	-0	-8.55	362.45	-16.49	311.38	0	-144.44	1054.47	-0	-0	-0	300	0	200	-0
107	-0	-0	-0	1506	0	-203	-0	-0	-0	-0	2109	0	-203	-0	-0	-0	-0	903	0	-403	-0	-6.52	362.72	-17.58	312.85	0	-144.41	1010.94	-0	-0	-0	300	0	200	-0
108	-0	-0	-0	1506	0	-203	-0	-0	-0	-0	2109	0	-203	-0	-0	-0	-0	903	0	-403	-0	-4.48	362.45	-18.05	314.23	0	-143.98	812.52	-0	-0	-0	300	0	200	-0
109	-0	-0	-0	1506	0	-203	-0	-0	-0	-0	2109	0	-203	-0	-0	-0	-0	903	0	-403	-0	-3.87	365.98	-18.46	315.79	0	-144.21	847.89	-0	-0	-0	300	0	200	-0
110	-0	-0	-0	1506	0	-203	-0	-0	-0	-0	2109	0	-203	-0	-0	-0	-0	903	0	-403	-0	-2.99	368.69	-18.39	317.13	0	-144.08	877.94	0	0	0	300	0	200	0
111	-0	-0	-0	1506	0	-203	-0	-0	-0	-0	2109	0	-203	-0	-0	-0	-0	903	0	-403	-0	-2.65	371.41	-18.12	318.53	0	-144.22	928.29	-0	-0	-0	300	0	200	-0
112	-0	-0	-0	1506	0	-203	-0	-0	-0	-0	2109	0	-203	-0	-0	-0	-0	903	0	-403	-0	-1.97	374.4	-18.46	319.49	0	-144.35	1007.24	0	0	0	300	0	200	0
113	-0	-0	-0	1506	0	-203	-0	-0	-0	-0	2109	0	-203	-0	-0	-0	-0	903	0	-403	-0	-0.75	379.83	-18.26	320.15	0	-144.68	1092.66	-0	-0	-0	300	0	200	-0
114	-0	-0	-0	1506	0	-203	-0	-0	-0	-0	2109	0	-203	-0	-0	-0	-0	903	0	-403	-0	-0.48	383.9	-18.6	321.59	0	-144.62	1108.77	-0	-0	-0	300	0	200	-0
115	-0	-0	-0	1506	0	-203	-0	-0	-0	-0	2109	0	-203	-0	0	0	0	903	0	-403	0	0.88	391.23	-18.33	322.46	0	-144.9	1249.07	-0	-0	-0	300	0	200	-0
116	-0	-0	-0	1506	0	-203	-0	-0	-0	-0	2109	0	-203	-0	-0	-0	-0	903	0	-403	-0	1.83	398.29	-18.19	323.79	0	-145	1355.57	0	0	0	300	0	200	0
117	-0	-0	-0	1506	0	-203	-0	-0	-0	-0	2109	0	-203	-0	-0	-0	-0	903	0	-403	-0	3.53	405.89	-18.39	324.26	0	-145.68	1373.59	-0	-0	-0	300	0	200	-0
118	-0	-0	-0	1506	0	-203	-0	-0	-0	-0	2109	0	-203	-0	-0	-0	-0	903	0	-403	-0	5.02	413.76	-18.53	325.03	0	-145.6	1461.38	-0	-0	-0	300	0	200	-0
119	-0	-0	-0	1506	0	-203	-0	-0	-0	-0	2109	0	-203	-0	-0	-0	-0	903	0	-403	-0	6.65	422.99	-18.87	325.79	0	-145.65	1531.57	-0	-0	-0	300	0	200	-0
120	-0	-0	-0	1506	0	-203	-0	-0	-0	-0	2109	0	-203	-0	-0	-0	-0	903	0	-403	-0	6.86	432.5	-18.8	326.12	0	-145.95	1662.4	0	0	0	300	0	200	0
121	-0	-0	-0	1506	0	-203	-0	-0	-0	-0	2109	0	-203	-0	-0	-0	-0	903	0	-403	-0	7.81	442.54	-19.34	326.68	0	-146.31	1754.92	-0	-0	-0	300	0	200	-0
122	-0	-0	-0	1506	0	-203	-0	-0	-0	-0	2109	0	-203	-0	-0	-0	-0	903	0	-403	-0	9.1	452.86	-19.89	327.17	0	-146.38	1809.98	-0	-0	-0	300	0	200	-0
123	-0	-0	-0	1506	0	-203	-0	-0	-0	-0	2109	0	-203	-0	-0	-0	-0	903	0	-403	-0	10.05	462.9	-20.29	327.59	0	-146.54	1865.66	-0	-0	-0	300	0	200	-0
124	-0	-0	-0	1506	0	-203	-0	0	0	0	2109	0	-203	0	-0	-0	-0	903	0	-403	-0	11.88	474.04	-20.91	328.13	0	-146.73	1972.4	-0	-0	-0	300	0	200	-0
125	-0	-0	-0	1506	0	-203	-0	-0	-0	-0	2109	0	-203	-0	-0	-0	-0	903	0	-403	-0	13.98	487.34	-22.13	328.92	0	-146.91	1970.16	-0	-0	-0	300	0	200	-0
126	-0	-0	-0	1506	0	-203	-0	-0	-0	-0	2109	0	-203	-0	0	0	0	903	0	-403	0	16.02	498.47	-23.08	329.08	0	-147.19	2027.65	-0	-0	-0	300	0	200	-0
127	-0	-0	-0	1506	0	-203	-0	-0	-0	-0	2109	0	-203	-0	-0	-0	-0	903	0	-403	-0	17.85	511.5	-23.96	329.47	0	-147.32	2123.62	-0	-0	-0	300	0	200	-0
128	-0	-0	-0	1506	0	-203	-0	-0	-0	-0	2109	0	-203	-0	0	0	0	903	0	-403	0	20.29	525.08	-25.79	330.13	0	-147.24	2164.89	-0	-0	-0	300	0	200	-0
129	-0	-0	-0	1506	0	-203	-0	-0	-0	-0	2109	0	-203	-0	-0	-0	-0	903	0	-403	-0	22.06	536.21	-26.4	330.27	0	-147.39	2256.22	-0	-0	-0	300	0	200	-0
130	-0	-0	-0	1506	0	-203	-0	-0	-0	-0	2109	0	-203	-0	-0	-0	-0	903	0	-403	-0	24.64	549.51	-27.62	330.67	0	-147.53	2423.47	0	0	0	300	0	200	0
131	-0	-0	-0	1506	0	-203	-0	-0	-0	-0	2109	0	-203	-0	-0	-0	-0	903	0	-403	-0	27.62	562.82	-28.98	331.1	0	-147.72	2465.76	-0	-0	-0	300	0	200	-0
132	-0	-0	-0	1506	0	-203	-0	0	0	0	2109	0	-203	0	-0	-0	-0	903	0	-403	-0	30.75	575.03	-30.27	331.47	0	-147.93	2498.41	-0	-0	-0	300	0	200	-0
133	-0	-0	-0	1506	0	-203	-0	-0	-0	-0	2109	0	-203	-0	-0	-0	-0	903	0	-403	-0	34.21	589.69	-31.29	331.83	0	-148.11	2606.57	-0	-0	-0	300	0	200	-0
134	-0	-0	-0	1506	0	-203	-0	-0	-0	-0	2109	0	-203	-0	-0	-0	-0	903	0	-403	-0	38.08	604.35	-32.51	332.04	0	-148.32	2689.35	-0	-0	-0	300	0	200	-0
135	-0	-0	-0	1506	0	-203	-0	-0	-0	-0	2109	0	-203	-0	-0	-0	-0	903	0	-403	-0	41.74	616.3	-33.67	332.45	0	-148.33	2766.11	-0	-0	-0	300	0	200	-0
136	-0	-0	-0	1506	0	-203	-0	-0	-0	-0	2109	0	-203	-0	-0	-0	-0	903	0	-403	-0	45.27	628.79	-34.55	332.75	0	-147.68	2846.25	-0	-0	-0	300	0	200	-0
137	-0	-0	-0	1506	0	-203	-0	-0	-0	-0	2109	0	-203	-0	0	0	0	903	0	-403	0	49.68	643.72	-35.63	332.87	0	-147.27	2833.4	0	0	0	300	0	200	0
138	-0	-0	-0	1506	0	-203	-0	-0	-0	-0	2109	0	-203	-0	-0	-0	-0	903	0	-403	-0	52.74	656.21	-36.58	333.38	0	-147.64	3027.46	0	0	0	300	0	200	0
139	-0	-0	-0	1506	0	-203	-0	-0	-0	-0	2109	0	-203	-0	-0	-0	-0	903	0	-403	-0	56.54	670.6	-36.86	333.65	0	-147.78	3160.97	0	0	0	300	0	200	0
140	-0	-0	-0	1506	0	-203	-0	-0	-0	-0	2109	0	-203	-0	-0	-0	-0	903	0	-403	-0	60.95	684.72	-37.87	334.06	0	-147.93	3252.46	-0	-0	-0	300	0	200	-0
141	-0	-0	-0	1506	0	-203	-0	-0	-0	-0	2109	0	-203	-0	-0	-0	-0	903	0	-403	-0	65.57	698.29	-38.48	334.23	0	-147.87	3260.49	-0	-0	-0	300	0	200	-0
142	-0	-0	-0	1506	0	-203	-0	-0	-0	-0	2109	0	-203	-0	-0	-0	-0	903	0	-403	-0	70.59	710.78	-39.03	334.46	0	-148.16	3402.17	-0	-0	-0	300	0	200	-0
143	0	0	0	1506	0	-203	0	-0	-0	-0	2109	0	-203	-0	0	0	0	903	0	-403	0	76.43	725.99	-39.91	334.99	0	-148.36	3364.54	-0	-0	-0	300	0	200	-0
144	-0	-0	-0	1506	0	-203	-0	-0	-0	-0	2109	0	-203	-0	-0	-0	-0	903	0	-403	-0	80.97	735.22	-40.66	335.21	0	-148.54	3461.12	-0	-0	-0	300	0	200	-0
145	-0	-0	-0	1506	0	-203	-0	-0	-0	-0	2109	0	-203	-0	-0	-0	-0	903	0	-403	-0	85.66	748.52	-41.2	335.53	0	-148.85	3539.73	-0	-0	-0	300	0	200	-0
146	-0	-0	-0	1506	0	-203	-0	-0	-0	-0	2109	0	-203	-0	0	0	0	903	0	-403	0	91.49	760.74	-41.81	335.99	0	-148.95	3583.81	0	0	0	300	0	200	0
147	-0	-0	-0	1506	0	-203	-0	-0	-0	-0	2109	0	-203	-0	-0	-0	-0	903	0	-403	-0	95.7	769.7	-41.74	336.16	0	-149.12	3608.59	-0	-0	-0	300	0	200	-0
148	-0	-0	-0	1506	0	-203	-0	-0	-0	-0	2109	0	-203	-0	-0	-0	-0	903	0	-403	-0	101.4	778.11	-42.15	336.76	0	-149.35	3556.84	-0	-0	-0	300	0	200	-0
149	-0	-0	-0	1506	0	-203	-0	-0	-0	-0	2109	0	-203	-0	0	0	0	903	0	-403	0	107.31	787.62	-42.15	337.21	0	-149.54	3581.29	-0	-0	-0	300	0	200	-0
150	-0	-0	-0	1506	0	-203	-0	-0	-0	-0	2109	0	-203	-0	-0	-0	-0	903	0	-403	-0	112.33	793.32	-42.01	337.52	0	-149.57	3527.99	-0	-0	-0	300	0	200	-0
151	-0	-0	-0	1506	0	-203	-0	-0	-0	-0	2109	0	-203	-0	-0	-0	-0	903	0	-403	-0	117.83	798.2	-42.15	337.86	0	-149.45	3457.3	-0	-0	-0	300	0	200	-0
152	-0	-0	-0	1506	0	-203	-0	-0	-0	-0	2109	0	-203	-0	-0	-0	-0	903	0	-403	-0	123.6	805.26	-42.01	338.25	0	-149.92	3459.01	-0	-0	-0	300	0	200	-0
153	-0	-0	-0	1506	0	-203	-0	-0	-0	-0	2109	0	-203	-0	-0	-0	-0	903	0	-403	-0	128.08	806.62	-42.49	338.81	0	-149.82	3319.7	-0	-0	-0	300	0	200	-0
154	-0	-0	-0	1506	0	-203	-0	-0	-0	-0	2109	0	-203	-0	-0	-0	-0	903	0	-403	-0	132.69	810.15	-42.22	339.04	0	-150.07	3296.32	-0	-0	-0	300	0	200	-0
155	-0	-0	-0	1506	0	-203	-0	-0	-0	-0	2109	0	-203	-0	-0	-0	-0	903	0	-403	-0	138.87	809.34	-42.22	339.52	0	-150.31	3142.2	-0	-0	-0	300	0	200	-0
156	-0	-0	-0	1506	0	-203	-0	-0	-0	-0	2109	0	-203	-0	-0	-0	-0	903	0	-403	-0	143.35	808.79	-41.61	339.9	0	-150.51	3081.36	-0	-0	-0	300	0	200	-0
157	-0	-0	-0	1506	0	-203	-0	-0	-0	-0	2109	0	-203	-0	-0	-0	-0	903	0	-403	-0	148.58	805.81	-41.13	340.48	0	-150.76	2939.52	-0	-0	-0	300	0	200	-0
158	-0	-0	-0	1506	0	-203	-0	-0	-0	-0	2109	0	-203	-0	-0	-0	-0	903	0	-403	-0	154.21	800.65	-40.25	341.02	0	-151.01	2842.6	-0	-0	-0	300	0	200	-0
159	-0	-0	-0	1506	0	-203	-0	-0	-0	-0	2109	0	-203	-0	-0	-0	-0	903	0	-403	-0	158.42	796.3	-40.05	341.24	0	-151.14	2657.92	0	0	0	300	0	200	0
160	-0	-0	-0	1506	0	-203	-0	-0	-0	-0	2109	0	-203	-0	-0	-0	-0	903	0	-403	-0	163.51	788.43	-39.03	341.83	0	-151.41	2522.58	-0	-0	-0	300	0	200	-0
161	-0	-0	-0	1506	0	-203	-0	-0	-0	-0	2109	0	-203	-0	-0	-0	-0	903	0	-403	-0	168.67	775.94	-37.53	342.53	0	-151.36	2397.97	-0	-0	-0	300	0	200	-0
162	-0	-0	-0	1506	0	-203	-0	-0	-0	-0	2109	0	-203	-0	-0	-0	-0	903	0	-403	-0	171.99	766.44	-36.04	343.17	0	-151.82	2314.52	-0	-0	-0	300	0	200	-0
163	-0	-0	-0	1506	0	-203	-0	-0	-0	-0	2109	0	-203	-0	-0	-0	-0	903	0	-403	-0	176.27	753.68	-34.28	343.63	0	-152.22	2263.98	-0	-0	-0	300	0	200	-0
164	-0	-0	-0	1506	0	-203	-0	0	0	0	2109	0	-203	0	-20.63	124.89	-10.18	888.2	0	-288.04	-885.44	180.14	735.22	-31.7	344.4	0	-152.41	2180.68	-0	-0	-0	300	0	200	-0
165	-0	-0	-0	1506	0	-203	-0	-0	-0	-0	2109	0	-203	-0	-47.31	505.53	-23.76	890.86	0	-297.36	-320.26	181.7	719.2	-29.25	345.07	0	-152.6	2097.18	-0	-0	-0	300	0	200	-0
166	-0	-0	-0	1506	0	-203	-0	-0	-0	-0	2109	0	-203	-0	-35.02	616.03	-35.97	893.1	0	-297.08	190.28	184.75	700.19	-26	345.42	0	-153.32	2060.41	-0	-0	-0	300	0	200	-0
167	-0	-0	-0	1506	0	-203	-0	-0	-0	-0	2109	0	-203	-0	-42.62	514.49	-41.67	896	0	-295.37	107.55	186.38	673.32	-21.58	346.21	0	-153.49	1978.62	-0	-0	-0	300	0	200	-0
168	-0	-0	-0	1506	0	-203	-0	-0	-0	-0	2109	0	-203	-0	-55.52	498.2	-41.88	898.54	0	-294.34	339.23	185.7	648.07	-17.58	347.14	0	-153.95	1875.78	-0	-0	-0	300	0	200	-0
169	-0	-0	-0	1506	0	-203	-0	-0	-0	-0	2109	0	-203	-0	-70.45	557.93	-35.97	899.81	0	-295.42	-23.77	182.04	617.39	-12.96	348.95	0	-156.13	1987.52	-0	-0	-0	300	0	200	-0
170	-0	-0	-0	1506	0	-203	-0	-0	-0	-0	2109	0	-203	-0	-104.32	626.07	-25.79	902.34	0	-295.34	-77.99	176.88	580.73	-7.94	350.47	0	-156.62	1917.98	-0	-0	-0	300	0	200	-0
171	-0	-0	-0	1506	0	-203	-0	-0	-0	-0	2109	0	-203	-0	-132.76	633.4	-19.62	904.31	0	-295.43	18.87	166.22	553.04	-4.28	351.4	0	-157.06	1767.42	-0	-0	-0	300	0	200	-0
172	-0	-0	-0	1506	0	-203	-0	-0	-0	-0	2109	0	-203	-0	-149.12	623.63	-15.48	905.96	0	-295.61	160.32	157.13	513.95	-0.34	352.62	0	-157.94	1649.63	0	0	0	300	0	200	0
173	-0	-0	-0	1506	0	-203	-0	-0	-0	-0	2109	0	-203	-0	-146.68	620.1	-8.69	907.54	0	-296.31	380.77	147.42	465.35	5.97	354.65	0	-158.81	1703.92	-0	-0	-0	300	0	200	-0
174	-0	-0	-0	1506	0	-203	-0	-0	-0	-0	2109	0	-203	-0	-129.3	622.27	-3.46	908.98	0	-296.48	557.47	138.4	421.37	10.11	356.59	0	-159.4	1511.77	-0	-0	-0	300	0	200	-0
175	-0	-0	-0	1506	0	-203	-0	-0	-0	-0	2109	0	-203	-0	-111.99	628.24	0.27	909.67	0	-297.29	479.32	123.33	370.32	13.17	359.22	0	-160.58	1250.95	-0	-0	-0	300	0	200	-0
176	-0	-0	-0	1506	0	-203	-0	-0	-0	-0	2109	0	-203	-0	-99.23	630.14	6.04	911.05	0	-297.46	571.07	108.94	313.04	15.75	363.31	0	-161.98	1027.93	-0	-0	-0	300	0	200	-0
177	-0	-0	-0	1506	0	-203	-0	-0	-0	-0	2109	0	-203	-0	-99.03	632.32	11.74	912.03	0	-297.71	342.23	97.6	268.78	16.9	366.4	0	-162.26	610.7	-0	-0	-0	300	0	200	-0
178	-0	-0	-0	1506	0	-203	-0	0	0	0	2109	0	-203	0	-105.82	635.3	15.61	913.31	0	-297.88	64.7	85.52	229.14	17.65	369.88	0	-164.3	393.75	-0	-0	-0	300	0	200	-0
179	-0	-0	-0	1506	0	-203	-0	-0	-0	-0	2109	0	-203	-0	-120.68	646.7	20.77	915.84	0	-298.43	-90.49	70.05	192.49	18.87	372.22	0	-164.81	184.13	-0	-0	-0	300	0	200	-0
180	-0	-0	-0	1506	0	-203	-0	-0	-0	-0	2109	0	-203	-0	-135.95	678.2	26.4	919.86	0	-299.43	-241.14	59.25	165.89	17.65	374.41	0	-164.84	127.64	-0	-0	-0	300	0	200	-0
181	-0	-0	-0	1506	0	-203	-0	-0	-0	-0	2109	0	-203	-0	-151.97	721.09	34.89	923.66	0	-300.42	-388.89	50.36	136.56	14.25	376.55	0	-164.42	-39.84	-0	-0	-0	300	0	200	-0
182	-0	-0	-0	1506	0	-203	-0	-0	-0	-0	2109	0	-203	-0	-169.14	777.57	44.73	927.94	0	-300.99	-1009.31	39.98	107.24	9.98	378.71	0	-165.06	34.01	-0	-0	-0	300	0	200	-0
183	-0	-0	-0	1506	0	-203	-0	-0	-0	-0	2109	0	-203	-0	-179.59	816.66	46.77	930.11	0	-301.69	-1343.19	34.07	84.71	6.24	380.76	0	-165.06	-72.9	0	0	0	300	0	200	0
184	-0	-0	-0	1506	0	-203	-0	-0	-0	-0	2109	0	-203	-0	-179.73	834.85	44.32	931.88	0	-301.83	-1628.91	26.74	64.07	3.33	384.38	0	-166.41	-48.03	0	0	0	300	0	200	0
185	-0	-0	-0	1506	0	-203	-0	-0	-0	-0	2109	0	-203	-0	-175.86	849.24	43.44	933.58	0	-302.1	-1527.77	18.87	44.8	0.34	388.05	0	-163.28	-85.12	-0	-0	-0	300	0	200	-0
186	-0	-0	-0	1506	0	-203	-0	-0	-0	-0	2109	0	-203	-0	-170.5	868.79	44.39	935.21	0	-302.16	-1609.34	11.47	31.77	-1.02	394.22	0	-162.62	23.58	-0	-0	-0	300	0	200	-0
187	-0	-0	-0	1506	0	-203	-0	-0	-0	-0	2109	0	-203	-0	-168.26	886.16	46.22	936.65	0	-302.21	-1510.78	6.04	20.09	-2.65	391.99	0	-163.18	52.12	-0	-0	-0	300	0	200	-0
188	-0	-0	-0	1506	0	-203	-0	-0	-0	-0	2109	0	-203	-0	-165.75	907.88	47.38	937.97	0	-302.27	-1583.91	-0	-0	-0	300	0	-203	-0	0	0	0	300	0	200	0
189	-0	-0	-0	1506	0	-203	-0	-0	-0	-0	2109	0	-203	-0	-163.71	922.55	47.92	938.75	0	-302.46	-1690.8	-0	-0	-0	300	0	-203	-0	-0	-0	-0	300	0	200	-0
190	-0	-0	-0	1506	0	-203	-0	-0	-0	-0	2109	0	-203	-0	-161.27	930.42	48.87	939.79	0	-302.51	-1692.25	-0	-0	-0	300	0	-203	-0	-0	-0	-0	300	0	200	-0
191	-0	-0	-0	1506	0	-203	-0	-0	-0	-0	2109	0	-203	-0	-155.16	937.21	49.96	940.72	0	-302.44	-1892.32	-0	-0	-0	300	0	-203	-0	-0	-0	-0	300	0	200	-0
192	-0	-0	-0	1506	0	-203	-0	-0	-0	-0	2109	0	-203	-0	-148.37	942.91	51.72	941.62	0	-302.7	-2070.69	-0	-0	-0	300	0	-203	-0	-0	-0	-0	300	0	200	-0
193	-0	-0	-0	1506	0	-203	-0	-0	-0	-0	2109	0	-203	-0	-141.52	947.52	52.13	941.81	0	-302.93	-2166.47	-0	-0	-0	300	0	-203	-0	-0	-0	-0	300	0	200	-0
194	-0	-0	-0	1506	0	-203	-0	-0	-0	-0	2109	0	-203	-0	-133.85	947.25	52.87	942.28	0	-302.8	-2057.24	-0	-0	-0	300	0	-203	-0	0	0	0	300	0	200	0
195	-0	-0	-0	1506	0	-203	-0	-0	-0	-0	2109	0	-203	-0	-126.31	943.72	51.99	942.65	0	-302.74	-2074.61	-0	-0	-0	300	0	-203	-0	0	0	0	300	0	200	0
196	-0	-0	-0	1506	0	-203	-0	-0	-0	-0	2109	0	-203	-0	-120.41	937.75	51.72	943.14	0	-302.63	-1947.73	-0	-0	-0	300	0	-203	-0	-0	-0	-0	300	0	200	-0
197	-0	-0	-0	1506	0	-203	-0	-0	-0	-0	2109	0	-203	-0	-112.2	929.06	51.31	943.53	0	-302.69	-2048.84	-0	-0	-0	300	0	-203	-0	-0	-0	-0	300	0	200	-0
198	-0	-0	-0	1506	0	-203	-0	-0	-0	-0	2109	0	-203	-0	-104.39	916.57	50.77	943.97	0	-302.71	-2089.95	-0	-0	-0	300	0	-203	-0	-0	-0	-0	300	0	200	-0
199	-0	-0	-0	1506	0	-203	-0	-0	-0	-0	2109	0	-203	-0	-97.74	903.27	50.02	944.38	0	-302.67	-2171.99	-0	-0	-0	300	0	-203	-0	-0	-0	-0	300	0	200	-0
200	-0	-0	-0	1506	0	-203	-0	-0	-0	-0	2109	0	-203	-0	-89.93	883.72	48.67	944.48	0	-302.69	-2150.27	-0	-0	-0	300	0	-203	-0	-0	-0	-0	300	0	200	-0
201	-0	-0	-0	1506	0	-203	-0	-0	-0	-0	2109	0	-203	-0	-82.67	861.73	46.7	944.81	0	-302.63	-2228.14	0	0	0	300	0	-203	0	0	0	0	300	0	200	0
202	-0	-0	-0	1506	0	-203	-0	-0	-0	-0	2109	0	-203	-0	-75.88	841.1	44.8	945.13	0	-302.6	-2280.5	-0	-0	-0	300	0	-203	-0	-0	-0	-0	300	0	200	-0
203	-0	-0	-0	1506	0	-203	-0	-0	-0	-0	2109	0	-203	-0	-68.89	813.4	42.56	945.63	0	-302.84	-2363.72	-0	-0	-0	300	0	-203	-0	-0	-0	-0	300	0	200	-0
204	-0	-0	-0	1506	0	-203	-0	-0	-0	-0	2109	0	-203	-0	-62.51	786.25	40.52	946.13	0	-302.43	-2478.15	-0	-0	-0	300	0	-203	-0	-0	-0	-0	300	0	200	-0
205	-0	-0	-0	1506	0	-203	-0	-0	-0	-0	2109	0	-203	-0	-58.1	763.72	39.3	946.47	0	-302.79	-2463.17	-0	-0	-0	300	0	-203	-0	-0	-0	-0	300	0	200	-0
206	-0	-0	-0	1506	0	-203	-0	-0	-0	-0	2109	0	-203	-0	-52.81	734.67	37.2	946.97	0	-303	-2427.53	-0	-0	-0	300	0	-203	-0	-0	-0	-0	300	0	200	-0
207	-0	-0	-0	1506	0	-203	-0	-0	-0	-0	2109	0	-203	-0	-47.1	705.35	35.16	947.6	0	-302.63	-2447.83	-0	-0	-0	300	0	-203	-0	-0	-0	-0	300	0	200	-0
208	-0	-0	-0	1506	0	-203	-0	-0	-0	-0	2109	0	-203	-0	-42.15	681.46	33.73	948.42	0	-302.74	-2483.94	-0	-0	-0	300	0	-203	-0	-0	-0	-0	300	0	200	-0
209	-0	-0	-0	1506	0	-203	-0	-0	-0	-0	2109	0	-203	-0	-36.31	651.32	32.51	949.54	0	-302.84	-2445.34	-0	-0	-0	300	0	-203	-0	-0	-0	-0	300	0	200	-0
210	-0	-0	-0	1506	0	-203	-0	-0	-0	-0	2109	0	-203	-0	-31.09	626.89	31.56	950.57	0	-303.12	-2477.35	-0	-0	-0	300	0	-203	-0	-0	-0	-0	300	0	200	-0
211	-0	-0	-0	1506	0	-203	-0	-0	-0	-0	2109	0	-203	-0	-26.74	605.98	30.75	951.59	0	-303.45	-2542.88	-0	-0	-0	300	0	-203	-0	-0	-0	-0	300	0	200	-0
212	-0	-0	-0	1506	0	-203	-0	-0	-0	-0	2109	0	-203	-0	-22.87	580.46	29.8	953.23	0	-303.68	-2411.83	-0	-0	-0	300	0	-203	-0	-0	-0	-0	300	0	200	-0
213	-0	-0	-0	1506	0	-203	-0	-0	-0	-0	2109	0	-203	-0	-19.14	559.28	29.32	954.76	0	-304.31	-2390.86	-0	-0	-0	300	0	-203	-0	-0	-0	-0	300	0	200	-0
214	-0	-0	-0	1506	0	-203	-0	-0	-0	-0	2109	0	-203	-0	-15.95	539.74	28.91	956.3	0	-304.34	-2398.18	-0	-0	-0	300	0	-203	-0	-0	-0	-0	300	0	200	-0
215	-0	-0	-0	1506	0	-203	-0	-0	-0	-0	2109	0	-203	-0	-13.3	520.46	28.98	958.44	0	-305.45	-2270.86	-0	-0	-0	300	0	-203	-0	-0	-0	-0	300	0	200	-0
216	-0	-0	-0	1506	0	-203	-0	-0	-0	-0	2109	0	-203	-0	-11.2	500.37	28.71	961.13	0	-305.31	-2195.01	-0	-0	-0	300	0	-203	-0	-0	-0	-0	300	0	200	-0
217	-0	-0	-0	1506	0	-203	-0	-0	-0	-0	2109	0	-203	-0	-10.18	484.35	28.58	963.54	0	-305.61	-2079.76	-0	-0	-0	300	0	-203	-0	-0	-0	-0	300	0	200	-0
218	-0	-0	-0	1506	0	-203	-0	-0	-0	-0	2109	0	-203	-0	-8.69	465.62	28.1	966.51	0	-306.02	-2003.39	-0	-0	-0	300	0	-203	-0	-0	-0	-0	300	0	200	-0
219	-0	-0	-0	1506	0	-203	-0	-0	-0	-0	2109	0	-203	-0	-7.53	450.68	27.96	969.71	0	-306.39	-1937.04	-0	-0	-0	300	0	-203	-0	-0	-0	-0	300	0	200	-0
220	-0	-0	-0	1506	0	-203	-0	-0	-0	-0	2109	0	-203	-0	-6.86	437.92	27.42	972.35	0	-307.07	-1974.65	-0	-0	-0	300	0	-203	-0	-0	-0	-0	300	0	200	-0
221	-0	-0	-0	1506	0	-203	-0	-0	-0	-0	2109	0	-203	-0	-6.86	424.89	27.29	975.74	0	-307.76	-1830.72	-0	-0	-0	300	0	-203	-0	-0	-0	-0	300	0	200	-0
222	-0	-0	-0	1506	0	-203	-0	-0	-0	-0	2109	0	-203	-0	-6.79	411.59	26.95	979.33	0	-307.87	-1793.41	-0	-0	-0	300	0	-203	-0	-0	-0	-0	300	0	200	-0
223	-0	-0	-0	1506	0	-203	-0	-0	-0	-0	2109	0	-203	-0	-7.13	402.9	25.86	982.25	0	-308.28	-1740.62	-0	-0	-0	300	0	-203	-0	-0	-0	-0	300	0	200	-0
224	-0	-0	-0	1506	0	-203	-0	-0	-0	-0	2109	0	-203	-0	-6.58	392.31	25.11	986.04	0	-308.75	-1831.49	-0	-0	-0	300	0	-203	-0	0	0	0	300	0	200	0
225	-0	-0	-0	1506	0	-203	-0	-0	-0	-0	2109	0	-203	-0	-6.72	384.71	24.43	989.18	0	-309.21	-1740.97	-0	-0	-0	300	0	-203	-0	-0	-0	-0	300	0	200	-0
226	-0	-0	-0	1506	0	-203	-0	-0	-0	-0	2109	0	-203	-0	-6.24	379.01	23.82	992.16	0	-309.33	-1752.63	-0	-0	-0	300	0	-203	-0	-0	-0	-0	300	0	200	-0
227	-0	-0	-0	1506	0	-203	-0	-0	-0	-0	2109	0	-203	-0	-5.7	373.04	22.53	995.73	0	-309.46	-1862.84	-0	-0	-0	300	0	-203	-0	-0	-0	-0	300	0	200	-0
228	-0	-0	-0	1506	0	-203	-0	-0	-0	-0	2109	0	-203	-0	-5.5	369.51	21.04	998.74	0	-309.8	-1905.36	0	0	0	300	0	-203	0	-0	-0	-0	300	0	200	-0
229	-0	-0	-0	1506	0	-203	-0	-0	-0	-0	2109	0	-203	-0	-5.09	364.35	19.55	1001.84	0	-309.27	-1955.84	-0	-0	-0	300	0	-203	-0	-0	-0	-0	300	0	200	-0
230	-0	-0	-0	1506	0	-203	-0	-0	-0	-0	2109	0	-203	-0	-4.95	360.55	17.92	1005.33	0	-309.39	-2090.04	-0	-0	-0	300	0	-203	-0	-0	-0	-0	300	0	200	-0
231	-0	-0	-0	1506	0	-203	-0	-0	-0	-0	2109	0	-203	-0	-5.23	359.46	16.56	1008.59	0	-309.69	-2125.16	0	0	0	300	0	-203	0	-0	-0	-0	300	0	200	-0
232	-0	-0	-0	1506	0	-203	-0	-0	-0	-0	2109	0	-203	-0	-5.63	359.46	15.81	1010.28	0	-309.69	-2166.88	-0	-0	-0	300	0	-203	-0	-0	-0	-0	300	0	200	-0
233	-0	-0	-0	1506	0	-203	-0	-0	-0	-0	2109	0	-203	-0	-5.43	360.55	14.8	1013.25	0	-310.35	-2294.46	-0	-0	-0	300	0	-203	-0	-0	-0	-0	300	0	200	-0
234	-0	-0	-0	1506	0	-203	-0	-0	-0	-0	2109	0	-203	-0	-5.02	360.55	13.71	1016.92	0	-309.7	-2444.84	0	0	0	300	0	-203	0	-0	-0	-0	300	0	200	-0
235	-0	-0	-0	1506	0	-203	-0	-0	-0	-0	2109	0	-203	-0	-4	363.81	13.51	1018.86	0	-310.01	-2520.85	-0	-0	-0	300	0	-203	-0	-0	-0	-0	300	0	200	-0
236	-0	-0	-0	1506	0	-203	-0	-0	-0	-0	2109	0	-203	-0	-3.46	366.79	13.51	1022.57	0	-309.71	-2670.07	-0	-0	-0	300	0	-203	-0	-0	-0	-0	300	0	200	-0
237	-0	-0	-0	1506	0	-203	-0	-0	-0	-0	2109	0	-203	-0	-2.99	372.49	14.19	1025.85	0	-310.1	-2782.68	-0	-0	-0	300	0	-203	-0	-0	-0	-0	300	0	200	-0
238	-0	-0	-0	1506	0	-203	-0	-0	-0	-0	2109	0	-203	-0	-2.71	379.55	15	1027.97	0	-310.74	-2815.81	-0	-0	-0	300	0	-203	-0	0	0	0	300	0	200	0
239	-0	-0	-0	1506	0	-203	-0	-0	-0	-0	2109	0	-203	-0	-3.33	385.8	16.02	1031.31	0	-310.69	-2850.96	0	0	0	300	0	-203	0	-0	-0	-0	300	0	200	-0
240	-0	-0	-0	1506	0	-203	-0	-0	-0	-0	2109	0	-203	-0	-3.6	392.31	16.97	1034.66	0	-310.86	-2754.54	-0	-0	-0	300	0	-203	-0	0	0	0	300	0	200	0
241	-0	-0	-0	1506	0	-203	-0	-0	-0	-0	2109	0	-203	-0	-3.94	397.2	18.33	1037.48	0	-311.02	-2734.77	-0	-0	-0	300	0	-203	-0	-0	-0	-0	300	0	200	-0
242	-0	-0	-0	1506	0	-203	-0	-0	-0	-0	2109	0	-203	-0	-3.6	405.07	20.63	1040.76	0	-311.38	-2620.32	-0	-0	-0	300	0	-203	-0	-0	-0	-0	300	0	200	-0
243	-0	-0	-0	1506	0	-203	-0	-0	-0	-0	2109	0	-203	-0	-3.26	414.3	22.19	1042.78	0	-311.95	-2557.09	-0	-0	-0	300	0	-203	-0	-0	-0	-0	300	0	200	-0
244	-0	-0	-0	1506	0	-203	-0	-0	-0	-0	2109	0	-203	-0	-2.65	419.46	23.01	1045.8	0	-311.49	-2616.16	-0	-0	-0	300	0	-203	-0	0	0	0	300	0	200	0
245	-0	-0	-0	1506	0	-203	-0	-0	-0	-0	2109	0	-203	-0	-2.17	429.51	23.96	1048.56	0	-311.96	-2598.44	-0	-0	-0	300	0	-203	-0	-0	-0	-0	300	0	200	-0
246	-0	-0	-0	1506	0	-203	-0	-0	-0	-0	2109	0	-203	-0	-1.49	436.57	25.86	1051.23	0	-311.45	-2429.29	-0	-0	-0	300	0	-203	-0	-0	-0	-0	300	0	200	-0
247	-0	-0	-0	1506	0	-203	-0	-0	-0	-0	2109	0	-203	-0	-1.15	445.25	26.88	1053.67	0	-311.75	-2404.66	0	0	0	300	0	-203	0	-0	-0	-0	300	0	200	-0
248	-0	-0	-0	1506	0	-203	-0	-0	-0	-0	2109	0	-203	-0	-0.54	457.74	27.96	1055.34	0	-312.13	-2365.67	-0	-0	-0	300	0	-203	-0	-0	-0	-0	300	0	200	-0
249	-0	-0	-0	1506	0	-203	-0	-0	-0	-0	2109	0	-203	-0	-0	467.25	29.32	1057.97	0	-311.79	-2220.79	-0	-0	-0	300	0	-203	-0	-0	-0	-0	300	0	200	-0
250	-0	-0	-0	1506	0	-203	-0	-0	-0	-0	2109	0	-203	-0	0.75	476.75	30	1059.36	0	-311.61	-2223	-0	-0	-0	300	0	-203	-0	-0	-0	-0	300	0	200	-0
251	-0	-0	-0	1506	0	-203	-0	-0	-0	-0	2109	0	-203	-0	2.65	489.24	30.95	1060.9	0	-311.58	-2261.06	-0	-0	-0	300	0	-203	-0	-0	-0	-0	300	0	200	-0
252	-0	-0	-0	1506	0	-203	-0	-0	-0	-0	2109	0	-203	-0	4.55	501.73	32.31	1062.71	0	-311.65	-2178.71	0	0	0	300	0	-203	0	-0	-0	-0	300	0	200	-0
253	-0	-0	-0	1506	0	-203	-0	-0	-0	-0	2109	0	-203	-0	6.52	514.21	35.09	1063.37	0	-311.7	-1899.44	-0	-0	-0	300	0	-203	-0	-0	-0	-0	300	0	200	-0
254	-0	-0	-0	1506	0	-203	-0	-0	-0	-0	2109	0	-203	-0	8.08	528.88	35.57	1064.66	0	-311.26	-1816.52	-0	-0	-0	300	0	-203	-0	-0	-0	-0	300	0	200	-0
255	-0	-0	-0	1506	0	-203	-0	-0	-0	-0	2109	0	-203	-0	9.5	543.26	35.5	1065.25	0	-311.38	-1799.89	-0	-0	-0	300	0	-203	-0	-0	-0	-0	300	0	200	-0
256	-0	-0	-0	1506	0	-203	-0	-0	-0	-0	2109	0	-203	-0	10.72	553.04	36.31	1067.05	0	-310.73	-1742.12	-0	-0	-0	300	0	-203	-0	-0	-0	-0	300	0	200	-0
257	-0	-0	-0	1506	0	-203	-0	-0	-0	-0	2109	0	-203	-0	12.83	568.24	35.63	1067.76	0	-310.6	-1848.2	-0	-0	-0	300	0	-203	-0	-0	-0	-0	300	0	200	-0
258	-0	-0	-0	1506	0	-203	-0	-0	-0	-0	2109	0	-203	-0	15.95	582.63	35.29	1068.61	0	-310.47	-1978.37	-0	-0	-0	300	0	-203	-0	-0	-0	-0	300	0	200	-0
259	-0	-0	-0	1506	0	-203	-0	-0	-0	-0	2109	0	-203	-0	18.12	595.12	35.29	1069.03	0	-310.3	-2055.57	-0	-0	-0	300	0	-203	-0	-0	-0	-0	300	0	200	-0
260	-0	-0	-0	1506	0	-203	-0	-0	-0	-0	2109	0	-203	-0	20.97	611.41	34.75	1069	0	-310.11	-2156.28	0	0	0	300	0	-203	0	-0	-0	-0	300	0	200	-0
261	-0	-0	-0	1506	0	-203	-0	-0	-0	-0	2109	0	-203	-0	24.77	623.9	34	1069.88	0	-309.71	-2320.2	-0	-0	-0	300	0	-203	-0	-0	-0	-0	300	0	200	-0
262	-0	-0	-0	1506	0	-203	-0	-0	-0	-0	2109	0	-203	-0	27.49	633.13	33.6	1070.74	0	-309.35	-2382.96	-0	-0	-0	300	0	-203	-0	-0	-0	-0	300	0	200	-0
263	-0	-0	-0	1506	0	-203	-0	-0	-0	-0	2109	0	-203	-0	31.9	647.79	34	1070.9	0	-308.94	-2466.51	-0	-0	-0	300	0	-203	-0	-0	-0	-0	300	0	200	-0
264	-0	-0	-0	1506	0	-203	-0	-0	-0	-0	2109	0	-203	-0	35.91	660.82	33.67	1071.2	0	-308.83	-2604.31	0	0	0	300	0	-203	0	-0	-0	-0	300	0	200	-0
265	-0	-0	-0	1506	0	-203	-0	-0	-0	-0	2109	0	-203	-0	38.96	672.5	33.73	1071.21	0	-308.86	-2682.19	0	0	0	300	0	-203	0	-0	-0	-0	300	0	200	-0
266	-0	-0	-0	1506	0	-203	-0	-0	-0	-0	2109	0	-203	-0	43.1	684.17	34.28	1071.95	0	-308.33	-2695.45	0	0	0	300	0	-203	0	-0	-0	-0	300	0	200	-0
267	-0	-0	-0	1506	0	-203	-0	-0	-0	-0	2109	0	-203	-0	47.99	696.66	34.96	1071.95	0	-308.37	-2774.54	-0	-0	-0	300	0	-203	-0	-0	-0	-0	300	0	200	-0
268	-0	-0	-0	1506	0	-203	-0	-0	-0	-0	2109	0	-203	-0	52.53	706.98	35.7	1072.67	0	-308.07	-2858.51	-0	-0	-0	300	0	-203	-0	-0	-0	-0	300	0	200	-0
269	-0	-0	-0	1506	0	-203	-0	-0	-0	-0	2109	0	-203	-0	57.49	720.01	36.86	1072.89	0	-307.82	-2824.01	0	0	0	300	0	-203	0	-0	-0	-0	300	0	200	-0
270	-0	-0	-0	1506	0	-203	-0	-0	-0	-0	2109	0	-203	-0	62.38	733.31	38.01	1073.1	0	-307.98	-2838.67	-0	-0	-0	300	0	-203	-0	-0	-0	-0	300	0	200	-0
271	-0	-0	-0	1506	0	-203	-0	-0	-0	-0	2109	0	-203	-0	66.18	741.19	38.15	1073.84	0	-307.61	-2946.91	-0	-0	-0	300	0	-203	-0	-0	-0	-0	300	0	200	-0
272	-0	-0	-0	1506	0	-203	-0	-0	-0	-0	2109	0	-203	-0	70.79	753.13	39.5	1074.21	0	-307.53	-2822.34	-0	-0	-0	300	0	-203	-0	-0	-0	-0	300	0	200	-0
273	-0	-0	-0	1506	0	-203	-0	-0	-0	-0	2109	0	-203	-0	76.09	763.72	40.72	1074.63	0	-307.36	-2899.1	-0	-0	-0	300	0	-203	-0	0	0	0	300	0	200	0
274	-0	-0	-0	1506	0	-203	-0	-0	-0	-0	2109	0	-203	-0	80.3	772.68	41.81	1074.95	0	-307.41	-2820.08	-0	-0	-0	300	0	-203	-0	-0	-0	-0	300	0	200	-0
275	-0	-0	-0	1506	0	-203	-0	-0	-0	-0	2109	0	-203	-0	85.25	782.18	42.96	1075.15	0	-307.22	-2732.66	-0	-0	-0	300	0	-203	-0	-0	-0	-0	300	0	200	-0
276	-0	-0	-0	1506	0	-203	-0	-0	-0	-0	2109	0	-203	-0	90.27	790.33	44.12	1075.56	0	-307.18	-2557.92	-0	-0	-0	300	0	-203	-0	-0	-0	-0	300	0	200	-0
277	-0	-0	-0	1506	0	-203	-0	-0	-0	-0	2109	0	-203	-0	95.09	795.48	44.25	1076.07	0	-307.07	-2602.84	-0	-0	-0	300	0	-203	-0	-0	-0	-0	300	0	200	-0
278	-0	-0	-0	1506	0	-203	-0	-0	-0	-0	2109	0	-203	-0	100.32	799.29	44.66	1076.69	0	-306.78	-2522.41	-0	-0	-0	300	0	-203	-0	-0	-0	-0	300	0	200	-0
279	-0	-0	-0	1506	0	-203	-0	-0	-0	-0	2109	0	-203	-0	105.61	801.73	45	1077.54	0	-306.51	-2406.89	-0	-0	-0	300	0	-203	-0	0	0	0	300	0	200	0
280	-0	-0	-0	1506	0	-203	-0	-0	-0	-0	2109	0	-203	-0	109.96	806.34	45.2	1077.47	0	-306.68	-2355.65	0	0	0	300	0	-203	0	-0	-0	-0	300	0	200	-0
281	-0	-0	-0	1506	0	-203	-0	-0	-0	-0	2109	0	-203	-0	114.64	807.7	44.8	1077.72	0	-306.54	-2146.99	-0	-0	-0	300	0	-203	-0	-0	-0	-0	300	0	200	-0
282	-0	-0	-0	1506	0	-203	-0	-0	-0	-0	2109	0	-203	-0	119.73	806.89	44.8	1078.02	0	-306.29	-2053.19	-0	-0	-0	300	0	-203	-0	-0	-0	-0	300	0	200	-0
283	-0	-0	-0	1506	0	-203	-0	-0	-0	-0	2109	0	-203	-0	124.01	803.36	43.71	1078.94	0	-306.07	-2057.44	-0	-0	-0	300	0	-203	-0	0	0	0	300	0	200	0
284	-0	-0	-0	1506	0	-203	-0	-0	-0	-0	2109	0	-203	-0	129.3	799.01	42.83	1079.57	0	-305.85	-1975.26	-0	-0	-0	300	0	-203	-0	-0	-0	-0	300	0	200	-0
285	-0	-0	-0	1506	0	-203	-0	-0	-0	-0	2109	0	-203	-0	134.93	795.21	42.08	1079.84	0	-305.93	-1898.65	0	0	0	300	0	-203	0	-0	-0	-0	300	0	200	-0
286	-0	-0	-0	1506	0	-203	-0	-0	-0	-0	2109	0	-203	-0	138.53	791.14	41.27	1080.28	0	-305.78	-1756.81	0	0	0	300	0	-203	0	-0	-0	-0	300	0	200	-0
287	-0	-0	-0	1506	0	-203	-0	-0	-0	-0	2109	0	-203	-0	142.94	784.63	39.91	1080.38	0	-305.55	-1649.78	-0	-0	-0	300	0	-203	-0	-0	-0	-0	300	0	200	-0
288	-0	-0	-0	1506	0	-203	-0	-0	-0	-0	2109	0	-203	-0	147.56	773.49	38.21	1081.26	0	-305.18	-1674.93	-0	-0	-0	300	0	-203	-0	-0	-0	-0	300	0	200	-0
289	-0	-0	-0	1506	0	-203	-0	-0	-0	-0	2109	0	-203	-0	149.32	765.08	36.72	1081.85	0	-304.95	-1505.59	-0	-0	-0	300	0	-203	-0	-0	-0	-0	300	0	200	-0
290	-0	-0	-0	1506	0	-203	-0	-0	-0	-0	2109	0	-203	-0	149.53	753.13	35.43	1082.27	0	-304.55	-865.27	-0	-0	-0	300	0	-203	-0	-0	-0	-0	300	0	200	-0
291	-0	-0	-0	1506	0	-203	-0	-0	-0	-0	2109	0	-203	-0	149.59	740.1	33.67	1082.35	0	-304.62	-324.57	0	0	0	300	0	-203	0	-0	-0	-0	300	0	200	-0
292	-9.98	47.31	9.56	1664.36	0	-189.28	130.64	-0	-0	-0	2109	0	-203	-0	149.39	728.7	31.77	1082.77	0	-304.47	25.4	-0	-0	-0	300	0	-203	-0	0	0	0	300	0	200	0
293	-51.47	341.49	31.91	1649.26	0	-189.58	626.53	-0	-0	-0	2109	0	-203	-0	149.26	712.41	29.59	1082.6	0	-304.34	486.89	-0	-0	-0	300	0	-203	-0	0	0	0	300	0	200	0
294	-41.03	645.37	59.11	1644.88	0	-189.83	-846.04	-0	-0	-0	2109	0	-203	-0	149.26	693.67	26.34	1083.02	0	-304.1	708.04	-0	-0	-0	300	0	-203	-0	-0	-0	-0	300	0	200	-0
295	-37.01	560.14	66.85	1648.02	0	-191.49	-393.31	-0	-0	-0	2109	0	-203	-0	149.73	676.3	23.76	1083.69	0	-304.01	848.53	-0	-0	-0	300	0	-203	-0	-0	-0	-0	300	0	200	-0
296	-34.12	457.07	59.61	1650.07	0	-191.25	-576.17	-0	-0	-0	2109	0	-203	-0	149.87	654.04	20.5	1084.04	0	-303.87	1266.54	-0	-0	-0	300	0	-203	-0	-0	-0	-0	300	0	200	-0
297	-43.12	478.06	55.58	1651.62	0	-190.2	-543.87	-0	-0	-0	2109	0	-203	-0	149.87	627.7	15.61	1084.43	0	-303.73	1429.12	-0	-0	-0	300	0	-203	-0	-0	-0	-0	300	0	200	-0
298	-62.24	547.61	50.26	1654.33	0	-189.8	-288.51	-0	-0	-0	2109	0	-203	-0	149.87	604.08	11.95	1084.4	0	-303.8	1606.69	-0	-0	-0	300	0	-203	-0	0	0	0	300	0	200	0
299	-93.42	586.46	38.67	1658.4	0	-187.76	38.37	-0	-0	-0	2109	0	-203	-0	149.66	570.96	7.67	1085.38	0	-303.67	1403.52	-0	-0	-0	300	0	-203	-0	-0	-0	-0	300	0	200	-0
300	-121.54	581.13	29.01	1660.18	0	-187.32	319.38	-0	-0	-0	2109	0	-203	-0	149.46	534.58	3.73	1086.88	0	-303.33	654.31	-0	-0	-0	300	0	-203	-0	-0	-0	-0	300	0	200	-0
301	-136.81	566.71	24.82	1663.91	0	-186.62	193.56	-0	-0	-0	2109	0	-203	-0	149.66	501.45	-0	1088.93	0	-302.66	-185.41	0	0	0	300	0	-203	0	-0	-0	-0	300	0	200	-0
302	-133.59	568.91	22.07	1665.89	0	-185.92	-61	-0	-0	-0	2109	0	-203	-0	148.85	459.37	-4.41	1091.34	0	-301.73	-1122.05	-0	-0	-0	300	0	-203	-0	-0	-0	-0	300	0	200	-0
303	-118	594.29	19.03	1667.17	0	-185.05	765.81	-0	-0	-0	2109	0	-203	-0	131.61	420.01	-9.64	1093.2	0	-301.1	-707.25	-0	-0	-0	300	0	-203	-0	-0	-0	-0	300	0	200	-0
304	-103.85	642.87	11.94	1668.23	0	-183.47	1200.75	-0	-0	-0	2109	0	-203	-0	116.81	383.08	-13.17	1094.21	0	-300.79	-512.48	-0	-0	-0	300	0	-203	-0	-0	-0	-0	300	0	200	-0
305	-107.86	692.07	-3.84	1672.81	0	-180.57	1761.63	-0	-0	-0	2109	0	-203	-0	102.76	330.14	-17.1	1097.05	0	-300.1	-661.61	-0	-0	-0	300	0	-203	-0	-0	-0	-0	300	0	200	-0
306	-129.88	727.48	-17.36	1676.25	0	-178.66	2523.02	-0	-0	-0	2109	0	-203	-0	87.01	272.04	-18.67	1103.92	0	-297.29	-568.73	-0	-0	-0	300	0	-203	-0	0	0	0	300	0	200	0
307	-158.48	753.16	-18.17	1678.6	0	-178.54	2725.44	-0	-0	-0	2109	0	-203	-0	75.82	229.14	-19	1108.25	0	-294.9	-718.43	-0	-0	-0	300	0	-203	-0	-0	-0	-0	300	0	200	-0
308	-176	761.29	-14.64	1681.58	0	-178.58	2976.28	-0	-0	-0	2109	0	-203	-0	67.33	188.15	-18.19	1111.55	0	-295.17	-496.65	-0	-0	-0	300	0	-203	-0	-0	-0	-0	300	0	200	-0
309	-177.28	756.27	-13.03	1685.15	0	-178.41	3338.46	-0	-0	-0	2109	0	-203	-0	57.29	154.48	-16.63	1117.45	0	-293.9	-279.2	-0	-0	-0	300	0	-203	-0	0	0	0	300	0	200	0
310	-168.93	779.15	-14.31	1685.63	0	-177.52	3689.82	-0	-0	-0	2109	0	-203	-0	49.75	131.95	-14.93	1119.27	0	-294.29	-687.01	-0	-0	-0	300	0	-203	-0	0	0	0	300	0	200	0
311	-165.23	802.33	-17.54	1687.54	0	-177.23	3729.12	-0	-0	-0	2109	0	-203	-0	38.96	107.24	-12.15	1121.38	0	-293.3	-522.74	-0	-0	-0	300	0	-203	-0	0	0	0	300	0	200	0
312	-168.12	827.39	-19.64	1688.23	0	-177.03	3689.12	-0	-0	-0	2109	0	-203	-0	29.46	85.25	-8.42	1122.06	0	-291.05	-159.38	-0	-0	-0	300	0	-203	-0	-0	-0	-0	300	0	200	-0
313	-173.1	848.7	-22.38	1688.69	0	-176.59	3599.1	-0	-0	-0	2109	0	-203	-0	20.91	70.05	-5.84	1127.66	0	-292.34	-438.9	-0	-0	-0	300	0	-203	-0	-0	-0	-0	300	0	200	-0
314	-178.4	866.56	-26.56	1689.04	0	-176.37	4168.1	-0	-0	-0	2109	0	-203	-0	13.17	54.03	-2.78	1129.18	0	-293.49	-157.88	-0	-0	-0	300	0	-203	-0	-0	-0	-0	300	0	200	-0
315	-179.84	875.02	-29.13	1690.7	0	-175.69	4896.72	-0	-0	-0	2109	0	-203	-0	6.04	41.81	-0.07	1130.61	0	-290.18	11.59	-0	-0	-0	300	0	-203	-0	-0	-0	-0	300	0	200	-0
316	-179.68	890.37	-32.34	1691.12	0	-175.95	5091.61	-0	-0	-0	2109	0	-203	-0	2.85	29.86	1.76	1157.93	0	-281.54	-8.43	-0	-0	-0	300	0	-203	-0	-0	-0	-0	300	0	200	-0
317	-179.84	893.19	-33.14	1692.28	0	-175.87	5334.84	2.87	39.13	-0.48	1810.13	0	-171.87	-347.09	0.2	23.89	3.19	1132.18	0	-318.14	-261.93	-0	-0	-0	300	0	-203	-0	-0	-0	-0	300	0	200	-0
318	-178.07	900.4	-32.34	1691.92	0	-175.25	5378.66	2.87	47.89	0.31	1843.92	0	-175.21	-534.04	-0	-0	-0	903	0	-403	-0	0	0	0	300	0	-203	0	0	0	0	300	0	200	0
319	-172.93	902.6	-37.02	1692.93	0	-174.69	4710.86	3.51	48.83	-0.33	1825.27	0	-169.44	-293.7	-0	-0	-0	903	0	-403	-0	-0	-0	-0	300	0	-203	-0	-0	-0	-0	300	0	200	-0
320	-170.68	915.45	-36.53	1691.31	0	-174.2	5339.95	3.03	55.71	-0.49	1846.44	0	-172.38	-118.2	-0	-0	-0	903	0	-403	-0	0	0	0	300	0	-203	0	-0	-0	-0	300	0	200	-0
321	-163.61	916.08	-39.75	1692.65	0	-174.3	5058.83	4.15	57.91	-2.09	1836.77	0	-166.43	193.31	-0	-0	-0	903	0	-403	-0	-0	-0	-0	300	0	-203	-0	0	0	0	300	0	200	0
322	-157.5	912.95	-42.8	1693.2	0	-174.04	5251.73	4.95	58.53	-2.88	1821.08	0	-164.9	35.24	-0	-0	-0	903	0	-403	-0	-0	-0	-0	300	0	-203	-0	-0	-0	-0	300	0	200	-0
323	-152.68	907.31	-44.25	1693.93	0	-173.93	5189.56	5.59	61.97	-1.92	1828.48	0	-166.88	-345.54	-0	-0	-0	903	0	-403	-0	-0	-0	-0	300	0	-203	-0	-0	-0	-0	300	0	200	-0
324	-148.34	900.11	-43.27	1694.48	0	-173.11	5636.38	5.91	66.04	-1.6	1829.88	0	-168.3	-376.58	-0	-0	-0	903	0	-403	-0	-0	-0	-0	300	0	-203	-0	-0	-0	-0	300	0	200	-0
325	-140.94	893.85	-44.25	1694.23	0	-173.04	5162.15	7.03	68.55	-2.25	1833.55	0	-168.92	73.59	-0	-0	-0	903	0	-403	-0	-0	-0	-0	300	0	-203	-0	0	0	0	300	0	200	0
326	-135.32	882.26	-40.71	1694.24	0	-172.41	5238.44	7.83	70.42	-1.77	1836.11	0	-171.64	-184.53	-0	-0	-0	903	0	-403	-0	-0	-0	-0	300	0	-203	-0	-0	-0	-0	300	0	200	-0
327	-128.41	866.91	-40.23	1694.56	0	-172.67	4725.08	7.83	70.11	-2.56	1832.21	0	-165.08	-39.48	-0	-0	-0	903	0	-403	-0	-0	-0	-0	300	0	-203	-0	-0	-0	-0	300	0	200	-0
328	-123.75	852.5	-37.96	1694.78	0	-172.74	5118.47	7.99	73.24	-1.93	1837.3	0	-164.23	-117.71	-0	-0	-0	903	0	-403	-0	-0	-0	-0	300	0	-203	-0	-0	-0	-0	300	0	200	-0
329	-116.84	826.18	-35.38	1696.34	0	-172.36	5227.78	9.43	72.93	-2.24	1824.22	0	-167.87	-246.86	-0	-0	-0	903	0	-403	-0	-0	-0	-0	300	0	-203	-0	-0	-0	-0	300	0	200	-0
330	-111.86	810.2	-32.97	1694.9	0	-172.96	4964.09	9.11	77.31	-0.33	1833.67	0	-164.79	-621.53	-0	-0	-0	903	0	-403	-0	0	0	0	300	0	-203	0	-0	-0	-0	300	0	200	-0
331	-107.84	782	-30.56	1697.31	0	-171.93	4887.97	10.71	76.37	-1.45	1835.4	0	-167.48	-213.05	-0	-0	-0	903	0	-403	-0	-0	-0	-0	300	0	-203	-0	-0	-0	-0	300	0	200	-0
332	-102.7	761.64	-27.99	1696.91	0	-171.68	4718.38	10.87	74.81	-1.13	1828.94	0	-166.03	-116.42	-0	-0	-0	903	0	-403	-0	-0	-0	-0	300	0	-203	-0	-0	-0	-0	300	0	200	-0
333	-95.15	736.58	-25.57	1698.97	0	-171.38	4678.3	10.87	77.62	-0.33	1836.67	0	-164.46	-123.17	-0	-0	-0	903	0	-403	-0	-0	-0	-0	300	0	-203	-0	-0	-0	-0	300	0	200	-0
334	-90.81	714.96	-22.83	1699.05	0	-171.14	4668.65	11.19	79.5	-0.33	1838.58	0	-164.43	-200.62	-0	-0	-0	903	0	-403	-0	-0	-0	-0	300	0	-203	-0	-0	-0	-0	300	0	200	-0
335	-83.58	692.72	-23.31	1698.6	0	-171.19	4479.96	11.35	77.63	0.15	1824.09	0	-165.13	-407.91	-0	-0	-0	903	0	-403	-0	-0	-0	-0	300	0	-203	-0	-0	-0	-0	300	0	200	-0
336	-80.04	665.47	-22.01	1701.38	0	-169.74	4802.12	11.99	79.19	0.79	1827.74	0	-166.91	-500.36	-0	-0	-0	903	0	-403	-0	-0	-0	-0	300	0	-203	-0	-0	-0	-0	300	0	200	-0
337	-74.58	641.35	-22.66	1702.79	0	-168.84	4387.24	12.63	79.19	1.59	1829.71	0	-168.33	-464.73	-0	-0	-0	903	0	-403	-0	-0	-0	-0	300	0	-203	-0	-0	-0	-0	300	0	200	-0
338	-68.96	620.06	-22.66	1702.1	0	-167.55	4164.87	12.79	82	1.74	1841.67	0	-168.06	-48.99	-0	-0	-0	903	0	-403	-0	-0	-0	-0	300	0	-203	-0	-0	-0	-0	300	0	200	-0
339	-66.55	594.05	-23.15	1704.24	0	-167.25	3683.92	12.47	80.13	1.58	1830.53	0	-167.33	-156.87	0	0	0	903	0	-403	0	-0	-0	-0	300	0	-203	-0	-0	-0	-0	300	0	200	-0
340	-62.69	570.55	-21.2	1705.81	0	-166.87	4143.55	11.35	82.01	2.22	1836.25	0	-162.28	-500	-0	-0	-0	903	0	-403	-0	0	0	0	300	0	-203	0	-0	-0	-0	300	0	200	-0
341	-59.64	545.81	-22.49	1707.68	0	-165.56	4281.89	11.83	80.76	2.54	1826.12	0	-166.1	-363.18	-0	-0	-0	903	0	-403	-0	-0	-0	-0	300	0	-203	-0	-0	-0	-0	300	0	200	-0
342	-55.14	518.24	-22.17	1711.82	0	-163.84	4040.29	12.63	81.7	3.02	1826.01	0	-165.79	-494.17	-0	-0	-0	903	0	-403	-0	0	0	0	300	0	-203	0	-0	-0	-0	300	0	200	-0
343	-51.28	497.88	-24.1	1712.17	0	-162.66	3644.28	12.47	83.26	3.66	1828.98	0	-165.67	-576.77	-0	-0	-0	903	0	-403	-0	0	0	0	300	0	-203	0	-0	-0	-0	300	0	200	-0
344	-49.83	475.33	-23.79	1714.72	0	-161.83	3224.95	11.99	86.7	3.5	1846.32	0	-168.54	-162.67	-0	-0	-0	903	0	-403	-0	-0	-0	-0	300	0	-203	-0	-0	-0	-0	300	0	200	-0
345	-44.37	455.28	-23.15	1716.51	0	-160.45	3129.1	11.03	85.45	3.66	1837.55	0	-166.19	-121.02	-0	-0	-0	903	0	-403	-0	-0	-0	-0	300	0	-203	-0	-0	-0	-0	300	0	200	-0
346	-43.08	434.91	-21.7	1719.74	0	-159.6	3327.98	11.35	84.2	3.98	1830.71	0	-162.78	-195.68	0	0	0	903	0	-403	0	-0	-0	-0	300	0	-203	-0	-0	-0	-0	300	0	200	-0
347	-39.06	416.43	-21.06	1721.72	0	-158.96	3447.39	10.55	87.96	4.78	1835.05	0	-165.77	-334.35	-0	-0	-0	903	0	-403	-0	-0	-0	-0	300	0	-203	-0	-0	-0	-0	300	0	200	-0
348	-37.94	399.51	-22.03	1724.72	0	-156.85	3310.92	9.43	88.89	5.1	1833.82	0	-163.88	-526.28	-0	-0	-0	903	0	-403	-0	-0	-0	-0	300	0	-203	-0	-0	-0	-0	300	0	200	-0
349	-35.53	383.54	-22.84	1726.78	0	-155.72	3115.94	9.91	90.15	5.42	1837.9	0	-165.08	-515.78	-0	-0	-0	903	0	-403	-0	0	0	0	300	0	-203	0	-0	-0	-0	300	0	200	-0
350	-34.4	370.39	-22.2	1726.99	0	-153.76	3233.31	8.95	92.34	6.37	1847.23	0	-169.15	-477.44	-0	-0	-0	903	0	-403	-0	0	0	0	300	0	-203	0	-0	-0	-0	300	0	200	-0
351	-32.31	349.39	-22.69	1733.56	0	-152.06	2824.31	8.95	91.4	5.73	1838.37	0	-164.62	-196.2	-0	-0	-0	903	0	-403	-0	0	0	0	300	0	-203	0	-0	-0	-0	300	0	200	-0
352	-29.42	335.92	-23.02	1734.34	0	-151.53	2469.28	7.99	88.89	4.93	1830.22	0	-160.58	-59.84	-0	-0	-0	903	0	-403	-0	-0	-0	-0	300	0	-203	-0	-0	-0	-0	300	0	200	-0
353	-28.77	326.21	-22.7	1735.27	0	-150.3	2717.19	5.91	92.34	4.94	1832.09	0	-162.57	-188.23	0	0	0	903	0	-403	0	-0	-0	-0	300	0	-203	-0	-0	-0	-0	300	0	200	-0
354	-27.33	313.99	-22.06	1739.43	0	-148.28	3028.34	5.59	95.47	5.74	1837.07	0	-163.49	-497.77	-0	-0	-0	903	0	-403	-0	0	0	0	300	0	-203	0	-0	-0	-0	300	0	200	-0
355	-25.56	303.66	-23.83	1742.08	0	-146.33	2912.91	6.39	95.78	5.74	1837.71	0	-164.02	-439.01	-0	-0	-0	903	0	-403	-0	-0	-0	-0	300	0	-203	-0	0	0	0	300	0	200	0
356	-23.47	294.26	-23.03	1743.58	0	-145.16	2744.49	4.95	97.97	5.74	1843.71	0	-166.81	-469.02	-0	-0	-0	903	0	-403	-0	-0	-0	-0	300	0	-203	-0	0	0	0	300	0	200	0
357	-22.18	286.74	-23.53	1743.9	0	-145.04	2269.54	4.79	98.6	5.42	1840.23	0	-164.91	-322.96	-0	-0	-0	903	0	-403	-0	-0	-0	-0	300	0	-203	-0	-0	-0	-0	300	0	200	-0
358	-22.02	278.6	-21.6	1744.59	0	-144.1	2319.89	3.04	100.16	5.58	1841.71	0	-162.8	-246.02	-0	-0	-0	903	0	-403	-0	-0	-0	-0	300	0	-203	-0	-0	-0	-0	300	0	200	-0
359	-18.81	266.69	-21.12	1753.48	0	-141.95	2064.88	2.72	99.85	4.94	1833.81	0	-158.84	-304.1	-0	-0	-0	903	0	-403	-0	-0	-0	-0	300	0	-203	-0	-0	-0	-0	300	0	200	-0
360	-18.8	266.06	-19.5	1748.87	0	-142.65	2865.41	1.76	103.6	5.1	1839.73	0	-159.64	-383.07	-0	-0	-0	903	0	-403	-0	-0	-0	-0	300	0	-203	-0	-0	-0	-0	300	0	200	-0
361	-15.75	259.79	-19.35	1754.82	0	-142.33	2491.85	1.91	105.17	4.14	1837.26	0	-162.51	-436.91	-0	-0	-0	903	0	-403	-0	-0	-0	-0	300	0	-203	-0	-0	-0	-0	300	0	200	-0
362	-15.27	250.7	-18.72	1759.68	0	-140.76	2109.15	1.44	107.67	3.82	1838.72	0	-162.9	-343.58	-0	-0	-0	903	0	-403	-0	-0	-0	-0	300	0	-203	-0	-0	-0	-0	300	0	200	-0
363	-13.98	246.01	-17.76	1759.94	0	-139.54	1936.97	1.44	108.61	3.66	1838.17	0	-162.97	-360.03	-0	-0	-0	903	0	-403	-0	-0	-0	-0	300	0	-203	-0	-0	-0	-0	300	0	200	-0
364	-13.02	244.44	-17.12	1757.91	0	-139.17	1793.71	-0.32	112.37	3.34	1842	0	-159.76	-246.72	-0	-0	-0	903	0	-403	-0	-0	-0	-0	300	0	-203	-0	-0	-0	-0	300	0	200	-0
365	-10.93	241.63	-14.54	1758.41	0	-137.76	2471.15	-0.32	113.62	1.74	1838.33	0	-158.93	46.4	0	0	0	903	0	-403	0	0	0	0	300	0	-203	0	-0	-0	-0	300	0	200	-0
366	-8.68	239.74	-15.34	1761.37	0	-139.29	2093.73	-1.12	116.75	2.07	1836.69	0	-160.62	-170.41	0	0	0	903	0	-403	0	-0	-0	-0	300	0	-203	-0	-0	-0	-0	300	0	200	-0
367	-7.23	235.04	-14.7	1764.9	0	-137.73	2078.67	-1.28	119.88	1.43	1836.43	0	-160.1	-315.6	-0	-0	-0	903	0	-403	-0	-0	-0	-0	300	0	-203	-0	-0	-0	-0	300	0	200	-0
368	-4.82	235.98	-16.16	1764.63	0	-137.49	1856.82	-0.8	122.38	1.59	1842.19	0	-160.92	-435.13	-0	-0	-0	903	0	-403	-0	-0	-0	-0	300	0	-203	-0	-0	-0	-0	300	0	200	-0
369	-3.05	234.42	-17.45	1766.45	0	-136.19	1267.33	-1.44	123.95	0.47	1839.76	0	-160.97	-65.79	-0	-0	-0	903	0	-403	-0	-0	-0	-0	300	0	-203	-0	-0	-0	-0	300	0	200	-0
370	-0.16	239.44	-14.07	1758.95	0	-136.91	1773.42	-3.04	131.46	-0.81	1848.83	0	-158.7	-64.18	-0	-0	-0	903	0	-403	-0	-0	-0	-0	300	0	-203	-0	0	0	0	300	0	200	0
371	1.13	237.24	-14.55	1764.46	0	-137.51	1725.6	-3.04	132.71	-1.93	1842.79	0	-157.82	-46.25	0	0	0	903	0	-403	0	0	0	0	300	0	-203	0	-0	-0	-0	300	0	200	-0
372	1.61	233.79	-14.88	1770.79	0	-135.81	1426.95	-4.32	134.59	-3.68	1836.76	0	-158.52	108.47	-0	-0	-0	903	0	-403	-0	-0	-0	-0	300	0	-203	-0	-0	-0	-0	300	0	200	-0
373	3.7	236.61	-14.88	1770.97	0	-134.86	1610.48	-4.64	140.22	-3.04	1838.66	0	-157.94	-272.34	-0	-0	-0	903	0	-403	-0	0	0	0	300	0	-203	0	-0	-0	-0	300	0	200	-0
374	4.18	241.63	-14.72	1765.56	0	-136.24	1781.92	-4.8	149.61	-4	1848.04	0	-160.58	-382.24	-0	-0	-0	903	0	-403	-0	-0	-0	-0	300	0	-203	-0	-0	-0	-0	300	0	200	-0
375	6.11	240.69	-14.24	1767.22	0	-134.79	1208.86	-5.6	151.8	-6.07	1843.72	0	-158.63	14.15	-0	-0	-0	903	0	-403	-0	-0	-0	-0	300	0	-203	-0	-0	-0	-0	300	0	200	-0
376	7.56	244.45	-13.28	1763.49	0	-136.57	1148.06	-6.08	158.37	-6.39	1845.49	0	-157.01	-79.47	-0	-0	-0	903	0	-403	-0	-0	-0	-0	300	0	-203	-0	-0	-0	-0	300	0	200	-0
377	9.48	244.44	-13.13	1767.97	0	-136.54	736.58	-7.04	165.57	-8.15	1846.46	0	-157.47	39.64	-0	-0	-0	903	0	-403	-0	-0	-0	-0	300	0	-203	-0	-0	-0	-0	300	0	200	-0
378	11.74	248.2	-11.99	1768.99	0	-136.72	1412.45	-8.48	170.89	-8.15	1843.6	0	-156.03	-83.57	-0	-0	-0	903	0	-403	-0	0	0	0	300	0	-203	0	-0	-0	-0	300	0	200	-0
379	14.31	249.14	-12.8	1770.26	0	-138.78	916.23	-8.32	179.35	-9.42	1844.64	0	-157.54	-138.42	-0	-0	-0	903	0	-403	-0	-0	-0	-0	300	0	-203	-0	-0	-0	-0	300	0	200	-0
380	14.31	251.65	-10.87	1770.11	0	-136.96	1289.89	-9.12	188.11	-10.86	1846.76	0	-159.22	-130.95	-0	-0	-0	903	0	-403	-0	-0	-0	-0	300	0	-203	-0	-0	-0	-0	300	0	200	-0
381	16.08	252.28	-11.36	1770.28	0	-134.83	901.84	-8.96	194.06	-12.46	1846.13	0	-158.44	72.77	-0	-0	-0	903	0	-403	-0	-0	-0	-0	300	0	-203	-0	-0	-0	-0	300	0	200	-0
382	17.52	259.17	-10.23	1764.97	0	-136.43	1003.73	-10.4	200.94	-13.58	1846.07	0	-157.62	133.06	-0	-0	-0	903	0	-403	-0	-0	-0	-0	300	0	-203	-0	-0	-0	-0	300	0	200	-0
383	20.09	259.79	-8.46	1772.07	0	-137.42	1132.4	-11.2	210.96	-15.17	1848.28	0	-158	315.74	-0	-0	-0	903	0	-403	-0	-0	-0	-0	300	0	-203	-0	-0	-0	-0	300	0	200	-0
384	22.34	263.24	-6.37	1770.18	0	-138.04	1420.82	-11.52	221.6	-16.77	1848.3	0	-158.13	169.19	-0	-0	-0	903	0	-403	-0	-0	-0	-0	300	0	-203	-0	-0	-0	-0	300	0	200	-0
385	24.27	264.8	-6.37	1772.05	0	-139.42	1264.3	-11.68	230.67	-17.72	1846.85	0	-158.96	1.08	-0	-0	-0	903	0	-403	-0	-0	-0	-0	300	0	-203	-0	-0	-0	-0	300	0	200	-0
386	26.68	268.57	-5.89	1771.08	0	-136.86	1227.52	-10.89	240.06	-18.36	1847.36	0	-158.62	-172.54	-0	-0	-0	903	0	-403	-0	0	0	0	300	0	-203	0	-0	-0	-0	300	0	200	-0
387	29.42	269.82	-6.38	1773.13	0	-137.25	681.97	-10.41	250.71	-20.6	1848.57	0	-159.13	112.5	-0	-0	-0	903	0	-403	-0	-0	-0	-0	300	0	-203	-0	-0	-0	-0	300	0	200	-0
388	30.38	277.97	-4.29	1769.07	0	-137.46	731.84	-11.69	263.54	-21.72	1851.27	0	-159.33	226.39	-0	-0	-0	903	0	-403	-0	-0	-0	-0	300	0	-203	-0	-0	-0	-0	300	0	200	-0
389	32.95	276.7	-1.71	1774.34	0	-138.89	1179.98	-10.73	272.93	-23.79	1850.67	0	-158.72	389.81	-0	-0	-0	903	0	-403	-0	-0	-0	-0	300	0	-203	-0	-0	-0	-0	300	0	200	-0
390	35.2	286.73	-1.72	1769.27	0	-140.6	1025.52	-11.53	284.82	-24.75	1850.34	0	-159.15	209.3	-0	-0	-0	903	0	-403	-0	-0	-0	-0	300	0	-203	-0	-0	-0	-0	300	0	200	-0
391	38.09	286.73	-1.07	1772.81	0	-139.44	1134.3	-10.25	296.4	-26.19	1849.03	0	-159.44	76.78	-0	-0	-0	903	0	-403	-0	-0	-0	-0	300	0	-203	-0	0	0	0	300	0	200	0
392	41.31	290.17	0.22	1773.85	0	-139.85	1447.46	-9.45	309.24	-27.3	1850.84	0	-160.33	19.51	-0	-0	-0	903	0	-403	-0	0	0	0	300	0	-203	0	-0	-0	-0	300	0	200	-0
393	42.43	293.31	-0.6	1771.6	0	-140.4	819.46	-7.53	318.63	-28.74	1848.92	0	-160.63	279.91	-0	-0	-0	903	0	-403	-0	-0	-0	-0	300	0	-203	-0	-0	-0	-0	300	0	200	-0
394	44.52	301.46	-0.12	1768.49	0	-140.27	488.4	-7.85	332.08	-30.5	1851.68	0	-160.67	429.92	-0	-0	-0	903	0	-403	-0	-0	-0	-0	300	0	-203	-0	-0	-0	-0	300	0	200	-0
395	48.22	301.14	1.49	1772.48	0	-140.57	745.98	-6.41	344.29	-32.73	1851	0	-160.41	438.16	-0	-0	-0	903	0	-403	-0	-0	-0	-0	300	0	-203	-0	-0	-0	-0	300	0	200	-0
396	50.63	308.66	1.81	1767.98	0	-141.79	793.7	-5.94	356.19	-33.21	1849.84	0	-160.42	362.37	-0	-0	-0	903	0	-403	-0	-0	-0	-0	300	0	-203	-0	0	0	0	300	0	200	0
397	54.81	308.35	1.01	1772.36	0	-140.76	862.57	-3.86	369.33	-34.65	1849.84	0	-160.9	300.12	-0	-0	-0	903	0	-403	-0	-0	-0	-0	300	0	-203	-0	-0	-0	-0	300	0	200	-0
398	56.74	312.42	1.33	1770.98	0	-140.92	833.9	-3.38	384.04	-35.93	1850.86	0	-161.79	309.63	-0	-0	-0	903	0	-403	-0	-0	-0	-0	300	0	-203	-0	-0	-0	-0	300	0	200	-0
399	59.15	311.17	2.29	1773.63	0	-140.28	592.38	-1.14	396.25	-38.16	1851.66	0	-162.86	661.99	-0	-0	-0	903	0	-403	-0	-0	-0	-0	300	0	-203	-0	-0	-0	-0	300	0	200	-0
400	59.47	319.32	2.94	1768.42	0	-140.6	865.11	-0.82	409.4	-38.32	1852.93	0	-162.15	392.87	-0	-0	-0	903	0	-403	-0	-0	-0	-0	300	0	-203	-0	-0	-0	-0	300	0	200	-0
401	64.45	315.24	2.45	1771.97	0	-140.47	322.51	0.94	422.23	-40.24	1851.57	0	-162.1	617.9	-0	-0	-0	903	0	-403	-0	-0	-0	-0	300	0	-203	-0	-0	-0	-0	300	0	200	-0
402	66.86	319	3.91	1771.56	0	-141.45	935.92	3.49	433.49	-40.88	1850.75	0	-161.67	352.13	-0	-0	-0	903	0	-403	-0	-0	-0	-0	300	0	-203	-0	-0	-0	-0	300	0	200	-0
403	68.95	319	4.07	1772.27	0	-141.9	998.73	5.41	445.39	-43.27	1850.26	0	-162.35	475.89	-0	-0	-0	903	0	-403	-0	-0	-0	-0	300	0	-203	-0	-0	-0	-0	300	0	200	-0
404	71.53	316.8	4.07	1773.52	0	-142.31	953.27	8.45	458.85	-42.95	1850.94	0	-162.78	314.97	-0	-0	-0	903	0	-403	-0	0	0	0	300	0	-203	0	-0	-0	-0	300	0	200	-0
405	72.81	315.55	2.62	1774.37	0	-140.38	456.8	11.64	470.74	-44.07	1850.87	0	-162.95	436.24	-0	-0	-0	903	0	-403	-0	-0	-0	-0	300	0	-203	-0	-0	-0	-0	300	0	200	-0
406	75.86	316.18	3.25	1769.54	0	-141.6	3.55	13.88	483.57	-43.91	1851.86	0	-162.67	328.71	-0	-0	-0	903	0	-403	-0	-0	-0	-0	300	0	-203	-0	-0	-0	-0	300	0	200	-0
407	77.47	313.68	3.9	1769.9	0	-141.25	64.48	17.4	493.28	-45.35	1850.53	0	-162.92	525.79	-0	-0	-0	903	0	-403	-0	-0	-0	-0	300	0	-203	-0	-0	-0	-0	300	0	200	-0
408	80.2	310.85	4.71	1770.09	0	-142.14	298.72	19.48	505.49	-46.47	1851.15	0	-162.73	636.15	-0	-0	-0	903	0	-403	-0	-0	-0	-0	300	0	-203	-0	0	0	0	300	0	200	0
409	82.61	302.08	6.16	1775.25	0	-140.89	672.02	22.19	515.19	-46.47	1850.31	0	-163.12	414.75	-0	-0	-0	903	0	-403	-0	0	0	0	300	0	-203	0	-0	-0	-0	300	0	200	-0
410	82.13	303.33	5.68	1772.4	0	-141.97	644.34	26.19	528.03	-45.99	1852.34	0	-163.84	159.52	-0	-0	-0	903	0	-403	-0	-0	-0	-0	300	0	-203	-0	-0	-0	-0	300	0	200	-0
411	86.15	294.87	6.16	1774.54	0	-141.8	177.48	31.47	536.17	-46.48	1851.33	0	-164.19	467.72	-0	-0	-0	903	0	-403	-0	-0	-0	-0	300	0	-203	-0	0	0	0	300	0	200	0
412	85.02	287.35	5.99	1774.83	0	-141.54	-245.2	34.66	543.37	-45.84	1850.31	0	-164.3	357.4	-0	-0	-0	903	0	-403	-0	-0	-0	-0	300	0	-203	-0	-0	-0	-0	300	0	200	-0
413	85.34	285.16	6.96	1767.93	0	-142.62	-255.74	38.02	554.63	-45.84	1851.56	0	-164.55	224.4	-0	-0	-0	903	0	-403	-0	-0	-0	-0	300	0	-203	-0	-0	-0	-0	300	0	200	-0
414	86.47	274.19	8.25	1772.9	0	-141.77	-36.06	42.5	560.58	-46.16	1851.22	0	-164.25	573.88	-0	-0	-0	903	0	-403	-0	-0	-0	-0	300	0	-203	-0	-0	-0	-0	300	0	200	-0
415	87.59	267.61	6.15	1771.93	0	-142.47	-533.36	47.13	568.09	-44.88	1851.71	0	-164.12	221.96	-0	-0	-0	903	0	-403	-0	-0	-0	-0	300	0	-203	-0	0	0	0	300	0	200	0
416	88.56	256.96	8.26	1775.82	0	-142.21	257.78	51.93	574.67	-43.77	1850.37	0	-164.93	149.04	-0	-0	-0	903	0	-403	-0	-0	-0	-0	300	0	-203	-0	-0	-0	-0	300	0	200	-0
417	88.07	250.06	6.64	1771.64	0	-143.25	-377.19	58.49	578.74	-42.81	1849.82	0	-165.18	337.34	-0	-0	-0	903	0	-403	-0	-0	-0	-0	300	0	-203	-0	-0	-0	-0	300	0	200	-0
418	85.82	239.73	7.28	1771.4	0	-141.65	-544.83	62.32	587.19	-41.22	1853.33	0	-165.92	216.7	-0	-0	-0	903	0	-403	-0	-0	-0	-0	300	0	-203	-0	-0	-0	-0	300	0	200	-0
419	85.5	223.43	7.44	1776.66	0	-140.52	-752.7	65.2	595.02	-41.87	1858.08	0	-167.15	1372.65	-0	-0	-0	903	0	-403	-0	-0	-0	-0	300	0	-203	-0	-0	-0	-0	300	0	200	-0
420	83.89	217.48	9.37	1770.17	0	-143.06	-646.41	57.21	637.59	-47.48	1888.57	0	-172.81	4753.31	-0	-0	-0	903	0	-403	-0	-0	-0	-0	300	0	-203	-0	-0	-0	-0	300	0	200	-0
421	83.25	203.38	8.57	1772	0	-143.36	-616.87	18.69	817.91	-59.52	1988.8	0	-193.16	9126.52	-0	-0	-0	903	0	-403	-0	-0	-0	-0	300	0	-203	-0	-0	-0	-0	300	0	200	-0
422	81.64	191.16	9.07	1773.85	0	-143.17	70.68	19.33	1016.71	-67.88	2056.73	0	-207.07	9276.8	-0	-0	-0	903	0	-403	-0	-0	-0	-0	300	0	-203	-0	-0	-0	-0	300	0	200	-0
423	79.87	176.74	9.71	1776.06	0	-143.66	-215.66	41.71	1047.7	-71.73	2066.65	0	-208.82	10877.8	-0	-0	-0	903	0	-403	-0	-0	-0	-0	300	0	-203	-0	-0	-0	-0	300	0	200	-0
424	76.18	162.64	9.38	1772.55	0	-143.48	-602.79	55.78	1022.33	-72.55	2063.38	0	-207.93	12813.7	-0	-0	-0	903	0	-403	-0	0	0	0	300	0	-203	0	-0	-0	-0	300	0	200	-0
425	72.16	145.41	10.35	1771.35	0	-142.07	-585.02	63.29	1049.25	-71.44	2074.2	0	-209.77	14010.6	-0	-0	-0	903	0	-403	-0	-0	-0	-0	300	0	-203	-0	-0	-0	-0	300	0	200	-0
426	69.42	128.18	9.06	1773.24	0	-142.89	-679.2	58.98	1100.6	-67.47	2092.25	0	-213.18	14794.3	-0	-0	-0	903	0	-403	-0	-0	-0	-0	300	0	-203	-0	-0	-0	-0	300	0	200	-0
427	65.89	113.13	8.26	1770.7	0	-145.89	-471.93	42.35	1127.83	-60.93	2103.55	0	-215.23	15783.6	-0	-0	-0	903	0	-403	-0	-0	-0	-0	300	0	-203	-0	0	0	0	300	0	200	0
428	59.94	93.39	9.39	1782.67	0	-144.95	106.38	23.49	1118.44	-54.23	2108.29	0	-216.19	17477.6	-0	-0	-0	903	0	-403	-0	0	0	0	300	0	-203	0	-0	-0	-0	300	0	200	-0
429	56.41	74.28	7.45	1793.33	0	-139.91	-547.21	12.63	1087.45	-45.28	2110.61	0	-217.1	18598.4	-0	-0	-0	903	0	-403	-0	-0	-0	-0	300	0	-203	-0	-0	-0	-0	300	0	200	-0
430	48.53	65.82	7.61	1764.49	0	-150.54	-147.1	11.67	1060.85	-31.21	2113.62	0	-217.91	18593.9	-0	-0	-0	903	0	-403	-0	-0	-0	-0	300	0	-203	-0	-0	-0	-0	300	0	200	-0
431	45.64	46.39	7.44	1772.44	0	-143.4	-931.59	20.78	1027.05	-20.65	2119.19	0	-219.15	17822	-0	-0	-0	903	0	-403	-0	-0	-0	-0	300	0	-203	-0	-0	-0	-0	300	0	200	-0
432	39.69	34.48	7.11	1757.86	0	-140.72	-1191.76	31.01	992.63	-9.46	2126.22	0	-220.99	17486.7	-0	-0	-0	903	0	-403	-0	-0	-0	-0	300	0	-203	-0	-0	-0	-0	300	0	200	-0
433	33.26	24.45	7.92	1756.16	0	-144.35	-113.25	28.61	958.2	2.22	2135.09	0	-222.93	16359.4	-0	-0	-0	903	0	-403	-0	-0	-0	-0	300	0	-203	-0	-0	-0	-0	300	0	200	-0
434	20.73	20.37	4.21	1748.94	0	-161.64	219.82	21.9	928.79	12.63	2146.08	0	-225.93	15322	-0	-0	-0	903	0	-403	-0	-0	-0	-0	300	0	-203	-0	-0	-0	-0	300	0	200	-0
435	-0	-0	-0	1506	0	-203	-0	12.78	883.72	20.95	2161.79	0	-229.37	14735.6	-0	-0	-0	903	0	-403	-0	-0	-0	-0	300	0	-203	-0	-0	-0	-0	300	0	200	-0
436	-0	-0	-0	1506	0	-203	-0	-3.52	841.78	27.04	2180.89	0	-233.2	13987.9	-0	-0	-0	903	0	-403	-0	-0	-0	-0	300	0	-203	-0	0	0	0	300	0	200	0
437	-0	-0	-0	1506	0	-203	-0	-19.51	795.14	31.2	2204.37	0	-237.89	13254.1	-0	-0	-0	903	0	-403	-0	-0	-0	-0	300	0	-203	-0	-0	-0	-0	300	0	200	-0
438	-0	-0	-0	1506	0	-203	-0	-34.7	764.78	35.85	2227.42	0	-241.98	12889.5	-0	-0	-0	903	0	-403	-0	-0	-0	-0	300	0	-203	-0	-0	-0	-0	300	0	200	-0
439	-0	-0	-0	1506	0	-203	-0	-54.84	746.64	38.26	2249.97	0	-246.1	11585.5	-0	-0	-0	903	0	-403	-0	-0	-0	-0	300	0	-203	-0	-0	-0	-0	300	0	200	-0
440	-0	-0	-0	1506	0	-203	-0	-74.66	734.43	37.63	2269.86	0	-248.86	10339.3	-0	-0	-0	903	0	-403	-0	-0	-0	-0	300	0	-203	-0	0	0	0	300	0	200	0
441	-0	-0	-0	1506	0	-203	-0	-87.61	721.59	31.24	2287.04	0	-251.72	8347.88	-0	-0	-0	903	0	-403	-0	-0	-0	-0	300	0	-203	-0	0	0	0	300	0	200	0
442	-0	-0	-0	1506	0	-203	-0	-97.68	710.95	25.66	2302.41	0	-254.2	6159.01	-0	-0	-0	903	0	-403	-0	-0	-0	-0	300	0	-203	-0	-0	-0	-0	300	0	200	-0
443	-0	-0	-0	1506	0	-203	-0	-102.48	700.3	18.79	2316.99	0	-256.31	3629.38	-0	-0	-0	903	0	-403	-0	-0	-0	-0	300	0	-203	-0	-0	-0	-0	300	0	200	-0
444	-0	-0	-0	1506	0	-203	-0	-107.28	697.17	14.64	2329.81	0	-258.03	1875.69	0	0	0	903	0	-403	0	-0	-0	-0	300	0	-203	-0	0	0	0	300	0	200	0
445	-0	-0	-0	1506	0	-203	-0	-111.75	693.73	10.97	2340.79	0	-259.59	120.5	-0	-0	-0	903	0	-403	-0	-0	-0	-0	300	0	-203	-0	-0	-0	-0	300	0	200	-0
446	-0	-0	-0	1506	0	-203	-0	-115.91	695.6	8.26	2347.26	0	-260.06	-1414.61	-0	-0	-0	903	0	-403	-0	-0	-0	-0	300	0	-203	-0	-0	-0	-0	300	0	200	-0
447	-0	-0	-0	1506	0	-203	-0	-117.03	692.16	6.02	2353.88	0	-261.53	-2481.21	-0	-0	-0	903	0	-403	-0	-0	-0	-0	300	0	-203	-0	-0	-0	-0	300	0	200	-0
448	-0	-0	-0	1506	0	-203	-0	-117.35	689.35	9.22	2359.49	0	-262.69	-1445.14	-0	-0	-0	903	0	-403	-0	-0	-0	-0	300	0	-203	-0	-0	-0	-0	300	0	200	-0
449	-0	-0	-0	1506	0	-203	-0	-114.63	691.23	10.34	2361.54	0	-262.78	-736.45	-0	-0	-0	903	0	-403	-0	-0	-0	-0	300	0	-203	-0	-0	-0	-0	300	0	200	-0
450	-0	-0	-0	1506	0	-203	-0	-112.23	697.17	10.82	2361.25	0	-262.51	-610.21	-0	-0	-0	903	0	-403	-0	-0	-0	-0	300	0	-203	-0	-0	-0	-0	300	0	200	-0
451	-0	-0	-0	1506	0	-203	-0	-107.91	696.55	10.02	2362.86	0	-262.83	-816.29	0	0	0	903	0	-403	0	-0	-0	-0	300	0	-203	-0	-0	-0	-0	300	0	200	-0
452	-0	-0	-0	1506	0	-203	-0	-104.88	700.3	10.02	2361.7	0	-262.62	-719.5	-0	-0	-0	903	0	-403	-0	-0	-0	-0	300	0	-203	-0	0	0	0	300	0	200	0
453	-0	-0	-0	1506	0	-203	-0	-100.56	699.68	10.98	2361.69	0	-262.82	-553.59	-0	-0	-0	903	0	-403	-0	0	0	0	300	0	-203	0	-0	-0	-0	300	0	200	-0
454	-0	-0	-0	1506	0	-203	-0	-95.93	700.31	10.18	2360.17	0	-262.5	-692.24	-0	-0	-0	903	0	-403	-0	-0	-0	-0	300	0	-203	-0	-0	-0	-0	300	0	200	-0
455	-0	-0	-0	1506	0	-203	-0	-90.97	694.04	9.06	2361.16	0	-262.68	-799.96	-0	-0	-0	903	0	-403	-0	-0	-0	-0	300	0	-203	-0	-0	-0	-0	300	0	200	-0
456	-0	-0	-0	1506	0	-203	-0	-86.66	687.16	7.78	2361.07	0	-262.82	-717.62	-0	-0	-0	903	0	-403	-0	-0	-0	-0	300	0	-203	-0	0	0	0	300	0	200	0
457	-0	-0	-0	1506	0	-203	-0	-80.9	672.44	5.54	2361.87	0	-263	-844.18	0	0	0	903	0	-403	0	-0	-0	-0	300	0	-203	-0	-0	-0	-0	300	0	200	-0
458	-0	-0	-0	1506	0	-203	-0	-78.18	660.85	5.38	2360.92	0	-262.18	-369	-0	-0	-0	903	0	-403	-0	-0	-0	-0	300	0	-203	-0	-0	-0	-0	300	0	200	-0
459	-0	-0	-0	1506	0	-203	-0	-74.19	641.13	2.66	2361.05	0	-262.27	-706.81	0	0	0	903	0	-403	0	-0	-0	-0	300	0	-203	-0	-0	-0	-0	300	0	200	-0
460	-0	-0	-0	1506	0	-203	-0	-71.47	622.35	1.22	2360.02	0	-262.23	-803.75	-0	-0	-0	903	0	-403	-0	-0	-0	-0	300	0	-203	-0	-0	-0	-0	300	0	200	-0
461	-0	-0	-0	1506	0	-203	-0	-67.15	598.56	-0.7	2360.51	0	-262.47	-566.59	-0	-0	-0	903	0	-403	-0	-0	-0	-0	300	0	-203	-0	-0	-0	-0	300	0	200	-0
462	-0	-0	-0	1506	0	-203	-0	-64.27	575.7	-2.94	2360.62	0	-262.47	-497.36	-0	-0	-0	903	0	-403	-0	-0	-0	-0	300	0	-203	-0	-0	-0	-0	300	0	200	-0
463	-0	-0	-0	1506	0	-203	-0	-62.19	552.53	-4.38	2360.02	0	-262.23	-142.44	-0	-0	-0	903	0	-403	-0	-0	-0	-0	300	0	-203	-0	-0	-0	-0	300	0	200	-0
464	-0	-0	-0	1506	0	-203	-0	-59.47	529.05	-5.66	2360.16	0	-261.91	-238.7	-0	-0	-0	903	0	-403	-0	-0	-0	-0	300	0	-203	-0	-0	-0	-0	300	0	200	-0
465	-0	-0	-0	1506	0	-203	-0	-55.8	503.38	-6.78	2361.13	0	-262.03	-353.66	-0	-0	-0	903	0	-403	-0	-0	-0	-0	300	0	-203	-0	-0	-0	-0	300	0	200	-0
466	-0	-0	-0	1506	0	-203	-0	-52.28	481.47	-8.05	2359.7	0	-261.71	-515.9	-0	-0	-0	903	0	-403	-0	-0	-0	-0	300	0	-203	-0	-0	-0	-0	300	0	200	-0
467	-0	-0	-0	1506	0	-203	-0	-48.12	454.24	-6.77	2360.97	0	-262.52	-318.05	-0	-0	-0	903	0	-403	-0	0	0	0	300	0	-203	0	0	0	0	300	0	200	0
468	-0	-0	-0	1506	0	-203	-0	-46.52	432.95	-5.81	2359.65	0	-262.73	-238.64	-0	-0	-0	903	0	-403	-0	-0	-0	-0	300	0	-203	-0	0	0	0	300	0	200	0
469	-0	-0	-0	1506	0	-203	-0	-42.85	409.78	-5.49	2360.5	0	-262.21	-16.55	-0	-0	-0	903	0	-403	-0	-0	-0	-0	300	0	-203	-0	-0	-0	-0	300	0	200	-0
470	-0	-0	-0	1506	0	-203	-0	-39.81	385.67	-4.04	2360.53	0	-261.34	304.52	-0	-0	-0	903	0	-403	-0	-0	-0	-0	300	0	-203	-0	-0	-0	-0	300	0	200	-0
471	-0	-0	-0	1506	0	-203	-0	-38.05	359.07	-4.52	2361.1	0	-262.47	-217.92	-0	-0	-0	903	0	-403	-0	-0	-0	-0	300	0	-203	-0	-0	-0	-0	300	0	200	-0
472	-0	-0	-0	1506	0	-203	-0	-36.13	335.59	-3.55	2360.54	0	-262.11	-332.29	0	0	0	903	0	-403	0	0	0	0	300	0	-203	0	-0	-0	-0	300	0	200	-0
473	-0	-0	-0	1506	0	-203	-0	-33.42	311.18	-1.63	2361.38	0	-263.3	-132.69	-0	-0	-0	903	0	-403	-0	0	0	0	300	0	-203	0	0	0	0	300	0	200	0
474	-0	-0	-0	1506	0	-203	-0	-31.18	290.83	-0.67	2361.11	0	-264.38	-31.41	-0	-0	-0	903	0	-403	-0	-0	-0	-0	300	0	-203	-0	-0	-0	-0	300	0	200	-0
475	-0	-0	-0	1506	0	-203	-0	-27.82	268.29	-0.51	2362.82	0	-263.89	75.07	-0	-0	-0	903	0	-403	-0	-0	-0	-0	300	0	-203	-0	-0	-0	-0	300	0	200	-0
476	-0	-0	-0	1506	0	-203	-0	-27.02	247.94	0.29	2362.34	0	-264.02	246.18	-0	-0	-0	903	0	-403	-0	-0	-0	-0	300	0	-203	-0	0	0	0	300	0	200	0
477	-0	-0	-0	1506	0	-203	-0	-25.58	227.9	-0.18	2361.84	0	-264.2	-84.83	-0	-0	-0	903	0	-403	-0	-0	-0	-0	300	0	-203	-0	-0	-0	-0	300	0	200	-0
478	-0	-0	-0	1506	0	-203	-0	-23.82	209.75	0.14	2362.05	0	-262.96	-166.55	-0	-0	-0	903	0	-403	-0	-0	-0	-0	300	0	-203	-0	-0	-0	-0	300	0	200	-0
479	-0	-0	-0	1506	0	-203	-0	-21.74	192.22	-0.34	2360.24	0	-264.62	-121.46	-0	-0	-0	903	0	-403	-0	-0	-0	-0	300	0	-203	-0	-0	-0	-0	300	0	200	-0
480	-0	-0	-0	1506	0	-203	-0	-21.1	177.81	-1.3	2357.52	0	-264.79	-131.24	-0	-0	-0	903	0	-403	-0	-0	-0	-0	300	0	-203	-0	-0	-0	-0	300	0	200	-0
481	-0	-0	-0	1506	0	-203	-0	-17.75	159.03	-2.74	2365.05	0	-265.42	-43.96	-0	-0	-0	903	0	-403	-0	-0	-0	-0	300	0	-203	-0	0	0	0	300	0	200	0
482	-0	-0	-0	1506	0	-203	-0	-17.11	147.13	-3.7	2361.28	0	-263.61	242.54	-0	-0	-0	903	0	-403	-0	-0	-0	-0	300	0	-203	-0	-0	-0	-0	300	0	200	-0
483	-0	-0	-0	1506	0	-203	-0	-16.15	133.36	-5.14	2364.21	0	-262.49	88.47	-0	-0	-0	903	0	-403	-0	-0	-0	-0	300	0	-203	-0	-0	-0	-0	300	0	200	-0
484	-0	-0	-0	1506	0	-203	-0	-15.67	124.9	-6.1	2356.11	0	-261.16	178.89	-0	-0	-0	903	0	-403	-0	-0	-0	-0	300	0	-203	-0	-0	-0	-0	300	0	200	-0
485	-0	-0	-0	1506	0	-203	-0	-12.79	115.51	-8.02	2351.38	0	-263.41	-206.91	-0	-0	-0	903	0	-403	-0	-0	-0	-0	300	0	-203	-0	-0	-0	-0	300	0	200	-0
486	-0	-0	-0	1506	0	-203	-0	-12.15	105.81	-7.7	2361.47	0	-263.47	264.66	-0	-0	-0	903	0	-403	-0	-0	-0	-0	300	0	-203	-0	-0	-0	-0	300	0	200	-0
487	-0	-0	-0	1506	0	-203	-0	-10.39	96.73	-9.46	2356.91	0	-264.18	155.29	-0	-0	-0	903	0	-403	-0	-0	-0	-0	300	0	-203	-0	-0	-0	-0	300	0	200	-0
488	-0	-0	-0	1506	0	-203	-0	-10.71	86.4	-9.78	2363.91	0	-263.4	315.92	-0	-0	-0	903	0	-403	-0	-0	-0	-0	300	0	-203	-0	-0	-0	-0	300	0	200	-0
489	-0	-0	-0	1506	0	-203	-0	-9.11	80.45	-10.74	2359.59	0	-262.35	224.44	-0	-0	-0	903	0	-403	-0	-0	-0	-0	300	0	-203	-0	-0	-0	-0	300	0	200	-0
490	-0	-0	-0	1506	0	-203	-0	-8.15	78.25	-10.42	2344	0	-257.57	281.83	-0	-0	-0	903	0	-403	-0	-0	-0	-0	300	0	-203	-0	-0	-0	-0	300	0	200	-0
491	-0	-0	-0	1506	0	-203	-0	-7.19	67.3	-10.9	2348.52	0	-263.97	273.44	-0	-0	-0	903	0	-403	-0	-0	-0	-0	300	0	-203	-0	-0	-0	-0	300	0	200	-0
492	-0	-0	-0	1506	0	-203	-0	-6.39	61.98	-10.9	2350.51	0	-264.95	479.36	-0	-0	-0	903	0	-403	-0	-0	-0	-0	300	0	-203	-0	-0	-0	-0	300	0	200	-0
493	-0	-0	-0	1506	0	-203	-0	-6.39	57.59	-10.74	2344.98	0	-260.39	574.6	0	0	0	903	0	-403	0	-0	-0	-0	300	0	-203	-0	-0	-0	-0	300	0	200	-0
494	-0	-0	-0	1506	0	-203	-0	-5.43	49.77	-11.38	2359.11	0	-261.71	426.23	-0	-0	-0	903	0	-403	-0	0	0	0	300	0	-203	0	-0	-0	-0	300	0	200	-0
495	-0	-0	-0	1506	0	-203	-0	-4.79	44.76	-10.9	2348.61	0	-261.03	503.37	-0	-0	-0	903	0	-403	-0	-0	-0	-0	300	0	-203	-0	-0	-0	-0	300	0	200	-0
496	-0	-0	-0	1506	0	-203	-0	-4.31	39.75	-10.58	2338.44	0	-262.25	435.76	-0	-0	-0	903	0	-403	-0	-0	-0	-0	300	0	-203	-0	-0	-0	-0	300	0	200	-0
497	-0	-0	-0	1506	0	-203	-0	-2.4	32.87	-11.06	2347.4	0	-273.04	308.24	-0	-0	-0	903	0	-403	-0	-0	-0	-0	300	0	-203	-0	-0	-0	-0	300	0	200	-0
498	-0	-0	-0	1506	0	-203	-0	-2.56	31.93	-9.94	2332.61	0	-272.23	533.78	-0	-0	-0	903	0	-403	-0	-0	-0	-0	300	0	-203	-0	-0	-0	-0	300	0	200	-0
499	-0	-0	-0	1506	0	-203	-0	-2.24	27.86	-10.1	2323.13	0	-262.37	759.63	-0	-0	-0	903	0	-403	-0	-0	-0	-0	300	0	-203	-0	0	0	0	300	0	200	0
500	-0	-0	-0	1506	0	-203	-0	-1.6	23.47	-10.1	2321.74	0	-251.03	829.74	-0	-0	-0	903	0	-403	-0	-0	-0	-0	300	0	-203	-0	-0	-0	-0	300	0	200	-0
501	-0	-0	-0	1506	0	-203	-0	-0.8	18.15	-9.29	2320.69	0	-265	640.54	-0	-0	-0	903	0	-403	-0	-0	-0	-0	300	0	-203	-0	0	0	0	300	0	200	0
502	-0	-0	-0	1506	0	-203	-0	-1.44	16.59	-8.01	2282.2	0	-278.41	866.57	-0	-0	-0	903	0	-403	-0	-0	-0	-0	300	0	-203	-0	-0	-0	-0	300	0	200	-0
503	-0	-0	-0	1506	0	-203	-0	-0	-0	-0	2109	0	-203	-0	-0	-0	-0	903	0	-403	-0	0	0	0	300	0	-203	0	-0	-0	-0	300	0	200	-0
504	-0	-0	-0	1506	0	-203	-0	-0	-0	-0	2109	0	-203	-0	0	0	0	903	0	-403	0	-0	-0	-0	300	0	-203	-0	-0	-0	-0	300	0	200	-0
505	-0	-0	-0	1506	0	-203	-0	-0	-0	-0	2109	0	-203	-0	-0	-0	-0	903	0	-403	-0	-0	-0	-0	300	0	-203	-0	0	0	0	300	0	200	0
506	-0	-0	-0	1506	0	-203	-0	-0	-0	-0	2109	0	-203	-0	-0	-0	-0	903	0	-403	-0	-0	-0	-0	300	0	-203	-0	-0	-0	-0	300	0	200	-0
507	-0	-0	-0	1506	0	-203	-0	-0	-0	-0	2109	0	-203	-0	-0	-0	-0	903	0	-403	-0	-0	-0	-0	300	0	-203	-0	-0	-0	-0	300	0	200	-0
508	-0	-0	-0	1506	0	-203	-0	-0	-0	-0	2109	0	-203	-0	-0	-0	-0	903	0	-403	-0	0	0	0	300	0	-203	0	-0	-0	-0	300	0	200	-0
509	-0	-0	-0	1506	0	-203	-0	-0	-0	-0	2109	0	-203	-0	-0	-0	-0	903	0	-403	-0	-0	-0	-0	300	0	-203	-0	-0	-0	-0	300	0	200	-0
510	-0	-0	-0	1506	0	-203	-0	-0	-0	-0	2109	0	-203	-0	-0	-0	-0	903	0	-403	-0	-0	-0	-0	300	0	-203	-0	-0	-0	-0	300	0	200	-0
511	-0	-0	-0	1506	0	-203	-0	-0	-0	-0	2109	0	-203	-0	0	0	0	903	0	-403	0	-0	-0	-0	300	0	-203	-0	-0	-0	-0	300	0	200	-0
512	-0	-0	-0	1506	0	-203	-0	-0	-0	-0	2109	0	-203	-0	-0	-0	-0	903	0	-403	-0	-0	-0	-0	300	0	-203	-0	0	0	0	300	0	200	0
513	-0	-0	-0	1506	0	-203	-0	-0	-0	-0	2109	0	-203	-0	-0	-0	-0	903	0	-403	-0	-0	-0	-0	300	0	-203	-0	-0	-0	-0	300	0	200	-0
514	-0	-0	-0	1506	0	-203	-0	-0	-0	-0	2109	0	-203	-0	-0	-0	-0	903	0	-403	-0	0	0	0	300	0	-203	0	-0	-0	-0	300	0	200	-0
515	-0	-0	-0	1506	0	-203	-0	-0	-0	-0	2109	0	-203	-0	-0	-0	-0	903	0	-403	-0	-0	-0	-0	300	0	-203	-0	0	0	0	300	0	200	0
516	-0	-0	-0	1506	0	-203	-0	-0	-0	-0	2109	0	-203	-0	-0	-0	-0	903	0	-403	-0	-0	-0	-0	300	0	-203	-0	0	0	0	300	0	200	0
517	-0	-0	-0	1506	0	-203	-0	-0	-0	-0	2109	0	-203	-0	-0	-0	-0	903	0	-403	-0	-0	-0	-0	300	0	-203	-0	-0	-0	-0	300	0	200	-0
518	-0	-0	-0	1506	0	-203	-0	-0	-0	-0	2109	0	-203	-0	-0	-0	-0	903	0	-403	-0	0	0	0	300	0	-203	0	-0	-0	-0	300	0	200	-0
519	-0	-0	-0	1506	0	-203	-0	-0	-0	-0	2109	0	-203	-0	-0	-0	-0	903	0	-403	-0	-0	-0	-0	300	0	-203	-0	-0	-0	-0	300	0	200	-0
520	-0	-0	-0	1506	0	-203	-0	-0	-0	-0	2109	0	-203	-0	-0	-0	-0	903	0	-403	-0	-0	-0	-0	300	0	-203	-0	-0	-0	-0	300	0	200	-0
521	-0	-0	-0	1506	0	-203	-0	-0	-0	-0	2109	0	-203	-0	-0	-0	-0	903	0	-403	-0	-0	-0	-0	300	0	-203	-0	-0	-0	-0	300	0	200	-0
522	-0	-0	-0	1506	0	-203	-0	-0	-0	-0	2109	0	-203	-0	-0	-0	-0	903	0	-403	-0	-0	-0	-0	300	0	-203	-0	-0	-0	-0	300	0	200	-0
523	-0	-0	-0	1506	0	-203	-0	-0	-0	-0	2109	0	-203	-0	-0	-0	-0	903	0	-403	-0	0	0	0	300	0	-203	0	-0	-0	-0	300	0	200	-0
524	-0	-0	-0	1506	0	-203	-0	-0	-0	-0	2109	0	-203	-0	-0	-0	-0	903	0	-403	-0	0	0	0	300	0	-203	0	-0	-0	-0	300	0	200	-0
525	-0	-0	-0	1506	0	-203	-0	-0	-0	-0	2109	0	-203	-0	-0	-0	-0	903	0	-403	-0	-0	-0	-0	300	0	-203	-0	-0	-0	-0	300	0	200	-0
526	-0	-0	-0	1506	0	-203	-0	-0	-0	-0	2109	0	-203	-0	0	0	0	903	0	-403	0	-0	-0	-0	300	0	-203	-0	-0	-0	-0	300	0	200	-0
527	-0	-0	-0	1506	0	-203	-0	-0	-0	-0	2109	0	-203	-0	-0	-0	-0	903	0	-403	-0	0	0	0	300	0	-203	0	-0	-0	-0	300	0	200	-0
528	-0	-0	-0	1506	0	-203	-0	-0	-0	-0	2109	0	-203	-0	-0	-0	-0	903	0	-403	-0	-0	-0	-0	300	0	-203	-0	-0	-0	-0	300	0	200	-0
529	-0	-0	-0	1506	0	-203	-0	-0	-0	-0	2109	0	-203	-0	-0	-0	-0	903	0	-403	-0	0	0	0	300	0	-203	0	-0	-0	-0	300	0	200	-0
530	-0	-0	-0	1506	0	-203	-0	-0	-0	-0	2109	0	-203	-0	-0	-0	-0	903	0	-403	-0	-0	-0	-0	300	0	-203	-0	-0	-0	-0	300	0	200	-0
531	-0	-0	-0	1506	0	-203	-0	-0	-0	-0	2109	0	-203	-0	-0	-0	-0	903	0	-403	-0	-0	-0	-0	300	0	-203	-0	-0	-0	-0	300	0	200	-0
532	-0	-0	-0	1506	0	-203	-0	-0	-0	-0	2109	0	-203	-0	-0	-0	-0	903	0	-403	-0	-0	-0	-0	300	0	-203	-0	-0	-0	-0	300	0	200	-0
533	-0	-0	-0	1506	0	-203	-0	-0	-0	-0	2109	0	-203	-0	-0	-0	-0	903	0	-403	-0	-0	-0	-0	300	0	-203	-0	0	0	0	300	0	200	0
534	-0	-0	-0	1506	0	-203	-0	-0	-0	-0	2109	0	-203	-0	0	0	0	903	0	-403	0	-0	-0	-0	300	0	-203	-0	-0	-0	-0	300	0	200	-0
535	-0	-0	-0	1506	0	-203	-0	-0	-0	-0	2109	0	-203	-0	0	0	0	903	0	-403	0	-0	-0	-0	300	0	-203	-0	-0	-0	-0	300	0	200	-0
536	-0	-0	-0	1506	0	-203	-0	-0	-0	-0	2109	0	-203	-0	-0	-0	-0	903	0	-403	-0	-0	-0	-0	300	0	-203	-0	-0	-0	-0	300	0	200	-0
537	-0	-0	-0	1506	0	-203	-0	-0	-0	-0	2109	0	-203	-0	-0	-0	-0	903	0	-403	-0	-0	-0	-0	300	0	-203	-0	-0	-0	-0	300	0	200	-0
538	-0	-0	-0	1506	0	-203	-0	-0	-0	-0	2109	0	-203	-0	-0	-0	-0	903	0	-403	-0	-0	-0	-0	300	0	-203	-0	-0	-0	-0	300	0	200	-0
539	-0	-0	-0	1506	0	-203	-0	-0	-0	-0	2109	0	-203	-0	-0	-0	-0	903	0	-403	-0	0	0	0	300	0	-203	0	-0	-0	-0	300	0	200	-0
540	-0	-0	-0	1506	0	-203	-0	-0	-0	-0	2109	0	-203	-0	-0	-0	-0	903	0	-403	-0	-0	-0	-0	300	0	-203	-0	-0	-0	-0	300	0	200	-0
541	-0	-0	-0	1506	0	-203	-0	-0	-0	-0	2109	0	-203	-0	-0	-0	-0	903	0	-403	-0	-0	-0	-0	300	0	-203	-0	-0	-0	-0	300	0	200	-0
542	-0	-0	-0	1506	0	-203	-0	-0	-0	-0	2109	0	-203	-0	-0	-0	-0	903	0	-403	-0	-0	-0	-0	300	0	-203	-0	-0	-0	-0	300	0	200	-0
543	-0	-0	-0	1506	0	-203	-0	-0	-0	-0	2109	0	-203	-0	-0	-0	-0	903	0	-403	-0	-0	-0	-0	300	0	-203	-0	-0	-0	-0	300	0	200	-0
544	-0	-0	-0	1506	0	-203	-0	-0	-0	-0	2109	0	-203	-0	-0	-0	-0	903	0	-403	-0	-0	-0	-0	300	0	-203	-0	-0	-0	-0	300	0	200	-0
545	-0	-0	-0	1506	0	-203	-0	-0	-0	-0	2109	0	-203	-0	0	0	0	903	0	-403	0	-0	-0	-0	300	0	-203	-0	-0	-0	-0	300	0	200	-0
546	-0	-0	-0	1506	0	-203	-0	-0	-0	-0	2109	0	-203	-0	-0	-0	-0	903	0	-403	-0	-0	-0	-0	300	0	-203	-0	-0	-0	-0	300	0	200	-0
547	-0	-0	-0	1506	0	-203	-0	-0	-0	-0	2109	0	-203	-0	-0	-0	-0	903	0	-403	-0	-0	-0	-0	300	0	-203	-0	-0	-0	-0	300	0	200	-0
548	-0	-0	-0	1506	0	-203	-0	-0	-0	-0	2109	0	-203	-0	-0	-0	-0	903	0	-403	-0	-0	-0	-0	300	0	-203	-0	-0	-0	-0	300	0	200	-0
549	-0	-0	-0	1506	0	-203	-0	-0	-0	-0	2109	0	-203	-0	-0	-0	-0	903	0	-403	-0	-0	-0	-0	300	0	-203	-0	0	0	0	300	0	200	0
550	-0	-0	-0	1506	0	-203	-0	-0	-0	-0	2109	0	-203	-0	0	0	0	903	0	-403	0	-0	-0	-0	300	0	-203	-0	-0	-0	-0	300	0	200	-0
551	-0	-0	-0	1506	0	-203	-0	-0	-0	-0	2109	0	-203	-0	-0	-0	-0	903	0	-403	-0	-0	-0	-0	300	0	-203	-0	-0	-0	-0	300	0	200	-0
552	-0	-0	-0	1506	0	-203	-0	-0	-0	-0	2109	0	-203	-0	-0	-0	-0	903	0	-403	-0	-0	-0	-0	300	0	-203	-0	-0	-0	-0	300	0	200	-0
553	-0	-0	-0	1506	0	-203	-0	-0	-0	-0	2109	0	-203	-0	-0	-0	-0	903	0	-403	-0	-0	-0	-0	300	0	-203	-0	0	0	0	300	0	200	0
554	-0	-0	-0	1506	0	-203	-0	-0	-0	-0	2109	0	-203	-0	-0	-0	-0	903	0	-403	-0	-0	-0	-0	300	0	-203	-0	-0	-0	-0	300	0	200	-0
555	-0	-0	-0	1506	0	-203	-0	-0	-0	-0	2109	0	-203	-0	-0	-0	-0	903	0	-403	-0	-0	-0	-0	300	0	-203	-0	-0	-0	-0	300	0	200	-0
556	-0	-0	-0	1506	0	-203	-0	-0	-0	-0	2109	0	-203	-0	-0	-0	-0	903	0	-403	-0	-0	-0	-0	300	0	-203	-0	-0	-0	-0	300	0	200	-0
557	-0	-0	-0	1506	0	-203	-0	-0	-0	-0	2109	0	-203	-0	-0	-0	-0	903	0	-403	-0	-0	-0	-0	300	0	-203	-0	-0	-0	-0	300	0	200	-0
558	-0	-0	-0	1506	0	-203	-0	-0	-0	-0	2109	0	-203	-0	-0	-0	-0	903	0	-403	-0	-0	-0	-0	300	0	-203	-0	-0	-0	-0	300	0	200	-0
559	-0	-0	-0	1506	0	-203	-0	-0	-0	-0	2109	0	-203	-0	-0	-0	-0	903	0	-403	-0	-0	-0	-0	300	0	-203	-0	-0	-0	-0	300	0	200	-0
560	-0	-0	-0	1506	0	-203	-0	-0	-0	-0	2109	0	-203	-0	-0	-0	-0	903	0	-403	-0	-0	-0	-0	300	0	-203	-0	0	0	0	300	0	200	0
561	-0	-0	-0	1506	0	-203	-0	-0	-0	-0	2109	0	-203	-0	-0	-0	-0	903	0	-403	-0	-0	-0	-0	300	0	-203	-0	-0	-0	-0	300	0	200	-0
562	-0	-0	-0	1506	0	-203	-0	-0	-0	-0	2109	0	-203	-0	-0	-0	-0	903	0	-403	-0	-0	-0	-0	300	0	-203	-0	-0	-0	-0	300	0	200	-0
563	-0	-0	-0	1506	0	-203	-0	-0	-0	-0	2109	0	-203	-0	-0	-0	-0	903	0	-403	-0	-0	-0	-0	300	0	-203	-0	-0	-0	-0	300	0	200	-0
564	-0	-0	-0	1506	0	-203	-0	-0	-0	-0	2109	0	-203	-0	-0	-0	-0	903	0	-403	-0	-0	-0	-0	300	0	-203	-0	-0	-0	-0	300	0	200	-0
565	-0	-0	-0	1506	0	-203	-0	-0	-0	-0	2109	0	-203	-0	-0	-0	-0	903	0	-403	-0	-0	-0	-0	300	0	-203	-0	-0	-0	-0	300	0	200	-0
566	-0	-0	-0	1506	0	-203	-0	-0	-0	-0	2109	0	-203	-0	-0	-0	-0	903	0	-403	-0	-0	-0	-0	300	0	-203	-0	-0	-0	-0	300	0	200	-0
567	-0	-0	-0	1506	0	-203	-0	-0	-0	-0	2109	0	-203	-0	-0	-0	-0	903	0	-403	-0	-0	-0	-0	300	0	-203	-0	0	0	0	300	0	200	0
568	-0	-0	-0	1506	0	-203	-0	-0	-0	-0	2109	0	-203	-0	-0	-0	-0	903	0	-403	-0	0	0	0	300	0	-203	0	-0	-0	-0	300	0	200	-0
569	-0	-0	-0	1506	0	-203	-0	-0	-0	-0	2109	0	-203	-0	-0	-0	-0	903	0	-403	-0	-0	-0	-0	300	0	-203	-0	-0	-0	-0	300	0	200	-0
570	-0	-0	-0	1506	0	-203	-0	-0	-0	-0	2109	0	-203	-0	-0	-0	-0	903	0	-403	-0	0	0	0	300	0	-203	0	-0	-0	-0	300	0	200	-0
571	-0	-0	-0	1506	0	-203	-0	-0	-0	-0	2109	0	-203	-0	-0	-0	-0	903	0	-403	-0	-0	-0	-0	300	0	-203	-0	-0	-0	-0	300	0	200	-0
572	-0	-0	-0	1506	0	-203	-0	-0	-0	-0	2109	0	-203	-0	-0	-0	-0	903	0	-403	-0	0	0	0	300	0	-203	0	-0	-0	-0	300	0	200	-0
573	-0	-0	-0	1506	0	-203	-0	-0	-0	-0	2109	0	-203	-0	-0	-0	-0	903	0	-403	-0	-0	-0	-0	300	0	-203	-0	-0	-0	-0	300	0	200	-0
574	-0	-0	-0	1506	0	-203	-0	-0	-0	-0	2109	0	-203	-0	-0	-0	-0	903	0	-403	-0	-0	-0	-0	300	0	-203	-0	-0	-0	-0	300	0	200	-0
575	-0	-0	-0	1506	0	-203	-0	-0	-0	-0	2109	0	-203	-0	-0	-0	-0	903	0	-403	-0	0	0	0	300	0	-203	0	-0	-0	-0	300	0	200	-0
576	-0	-0	-0	1506	0	-203	-0	-0	-0	-0	2109	0	-203	-0	-0	-0	-0	903	0	-403	-0	-0	-0	-0	300	0	-203	-0	-0	-0	-0	300	0	200	-0
577	-0	-0	-0	1506	0	-203	-0	-0	-0	-0	2109	0	-203	-0	0	0	0	903	0	-403	0	-0	-0	-0	300	0	-203	-0	-0	-0	-0	300	0	200	-0
578	-0	-0	-0	1506	0	-203	-0	-0	-0	-0	2109	0	-203	-0	-0	-0	-0	903	0	-403	-0	-0	-0	-0	300	0	-203	-0	-0	-0	-0	300	0	200	-0
579	-0	-0	-0	1506	0	-203	-0	-0	-0	-0	2109	0	-203	-0	-0	-0	-0	903	0	-403	-0	-0	-0	-0	300	0	-203	-0	-0	-0	-0	300	0	200	-0
580	-0	-0	-0	1506	0	-203	-0	-0	-0	-0	2109	0	-203	-0	-0	-0	-0	903	0	-403	-0	-0	-0	-0	300	0	-203	-0	-0	-0	-0	300	0	200	-0
581	-0	-0	-0	1506	0	-203	-0	-0	-0	-0	2109	0	-203	-0	-0	-0	-0	903	0	-403	-0	-0	-0	-0	300	0	-203	-0	-0	-0	-0	300	0	200	-0
582	-0	-0	-0	1506	0	-203	-0	-0	-0	-0	2109	0	-203	-0	-0	-0	-0	903	0	-403	-0	-0	-0	-0	300	0	-203	-0	-0	-0	-0	300	0	200	-0
583	-0	-0	-0	1506	0	-203	-0	-0	-0	-0	2109	0	-203	-0	-0	-0	-0	903	0	-403	-0	-0	-0	-0	300	0	-203	-0	-0	-0	-0	300	0	200	-0
584	-0	-0	-0	1506	0	-203	-0	-0	-0	-0	2109	0	-203	-0	-0	-0	-0	903	0	-403	-0	-0	-0	-0	300	0	-203	-0	-0	-0	-0	300	0	200	-0
585	-0	-0	-0	1506	0	-203	-0	-0	-0	-0	2109	0	-203	-0	-0	-0	-0	903	0	-403	-0	-0	-0	-0	300	0	-203	-0	-0	-0	-0	300	0	200	-0
586	-0	-0	-0	1506	0	-203	-0	-0	-0	-0	2109	0	-203	-0	-0	-0	-0	903	0	-403	-0	-0	-0	-0	300	0	-203	-0	-0	-0	-0	300	0	200	-0
587	-0	-0	-0	1506	0	-203	-0	-0	-0	-0	2109	0	-203	-0	-0	-0	-0	903	0	-403	-0	-0	-0	-0	300	0	-203	-0	-0	-0	-0	300	0	200	-0
588	-0	-0	-0	1506	0	-203	-0	-0	-0	-0	2109	0	-203	-0	-0	-0	-0	903	0	-403	-0	0	0	0	300	0	-203	0	-0	-0	-0	300	0	200	-0
589	-0	-0	-0	1506	0	-203	-0	-0	-0	-0	2109	0	-203	-0	-0	-0	-0	903	0	-403	-0	-0	-0	-0	300	0	-203	-0	-0	-0	-0	300	0	200	-0
590	-0	-0	-0	1506	0	-203	-0	-0	-0	-0	2109	0	-203	-0	-0	-0	-0	903	0	-403	-0	-0	-0	-0	300	0	-203	-0	-0	-0	-0	300	0	200	-0
591	-0	-0	-0	1506	0	-203	-0	-0	-0	-0	2109	0	-203	-0	-0	-0	-0	903	0	-403	-0	-0	-0	-0	300	0	-203	-0	0	0	0	300	0	200	0
592	-0	-0	-0	1506	0	-203	-0	-0	-0	-0	2109	0	-203	-0	-0	-0	-0	903	0	-403	-0	-0	-0	-0	300	0	-203	-0	-0	-0	-0	300	0	200	-0
593	-0	-0	-0	1506	0	-203	-0	-0	-0	-0	2109	0	-203	-0	-0	-0	-0	903	0	-403	-0	-0	-0	-0	300	0	-203	-0	-0	-0	-0	300	0	200	-0
594	0	0	0	1506	0	-203	0	-0	-0	-0	2109	0	-203	-0	-0	-0	-0	903	0	-403	-0	-0	-0	-0	300	0	-203	-0	-0	-0	-0	300	0	200	-0
595	-0	-0	-0	1506	0	-203	-0	-0	-0	-0	2109	0	-203	-0	-0	-0	-0	903	0	-403	-0	-0	-0	-0	300	0	-203	-0	-0	-0	-0	300	0	200	-0
596	-0	-0	-0	1506	0	-203	-0	-0	-0	-0	2109	0	-203	-0	-0	-0	-0	903	0	-403	-0	-0	-0	-0	300	0	-203	-0	-0	-0	-0	300	0	200	-0
597	-0	-0	-0	1506	0	-203	-0	-0	-0	-0	2109	0	-203	-0	0	0	0	903	0	-403	0	-0	-0	-0	300	0	-203	-0	-0	-0	-0	300	0	200	-0
598	-0	-0	-0	1506	0	-203	-0	-0	-0	-0	2109	0	-203	-0	-0	-0	-0	903	0	-403	-0	-0	-0	-0	300	0	-203	-0	-0	-0	-0	300	0	200	-0
599	-0	-0	-0	1506	0	-203	-0	-0	-0	-0	2109	0	-203	-0	-0	-0	-0	903	0	-403	-0	0	0	0	300	0	-203	0	-0	-0	-0	300	0	200	-0
600	-0	-0	-0	1506	0	-203	-0	-0	-0	-0	2109	0	-203	-0	-0	-0	-0	903	0	-403	-0	-0	-0	-0	300	0	-203	-0	-0	-0	-0	300	0	200	-0
601	-0	-0	-0	1506	0	-203	-0	-0	-0	-0	2109	0	-203	-0	-0	-0	-0	903	0	-403	-0	-0	-0	-0	300	0	-203	-0	-0	-0	-0	300	0	200	-0
602	-0	-0	-0	1506	0	-203	-0	-0	-0	-0	2109	0	-203	-0	-0	-0	-0	903	0	-403	-0	-0	-0	-0	300	0	-203	-0	0	0	0	300	0	200	0
603	-0	-0	-0	1506	0	-203	-0	-0	-0	-0	2109	0	-203	-0	-0	-0	-0	903	0	-403	-0	-0	-0	-0	300	0	-203	-0	-0	-0	-0	300	0	200	-0
604	-0	-0	-0	1506	0	-203	-0	-0	-0	-0	2109	0	-203	-0	-0	-0	-0	903	0	-403	-0	-0	-0	-0	300	0	-203	-0	-0	-0	-0	300	0	200	-0
