Time	RPelvisAngleX	RPelvisAngleY	RPelvisAngleZ	LPelvisAngleX	LPelvisAngleY	LPelvisAngleZ	RHipAngleX	RHipAngleY	RHipAngleZ	LHipAngleX	LHipAngleY	LHipAngleZ	RKneeAngleX	RKneeAngleY	RKneeAngleZ	LKneeAngleX	LKneeAngleY	LKneeAngleZ	RAnkleAngleX	RAnkleAngleY	RAnkleAngleZ	LAnkleAngleX	LAnkleAngleY	LAnkleAngleZ	RFootAngleX	RFootAngleY	RFootAngleZ	LFootAngleX	LFootAngleY	LFootAngleZ
0	1.46041	3.79837	10.2168	-0.244577	5.1745	11.2966	-1.90597	-2.57163	34.4479	-4.47222	2.55802	31.9268	-0.0558352	-17.2091	3.85734	2.12657	-25.2203	0.543056	9.77998	12.0971	-0.572087	10.5315	11.0825	0.830275	8.45657	3.98312	22.5735	10.2362	7.65133	24.2466
1	1.57508	3.96496	10.1446	-0.122305	5.34501	11.2573	-1.58529	-2.99559	34.1973	-4.06618	2.30258	31.5389	-0.0737161	-16.4468	4.66971	2.18152	-25.5798	1.66559	9.62845	12.2164	-0.888898	10.3117	11.3565	0.671457	8.69965	3.31463	21.1213	10.3342	7.79929	22.5955
2	1.72261	4.03428	10.0939	0.0145206	5.4202	11.2391	-1.13804	-3.32673	33.9308	-3.55867	2.18816	31.1441	-0.162528	-16.2008	5.7467	2.19214	-26.2573	2.98203	9.14749	12.6374	-1.65664	9.89412	11.8298	0.0990441	8.69162	2.81187	18.9133	10.337	7.97721	20.2915
3	1.92079	4.002	10.0438	0.185181	5.4051	11.2255	-0.587837	-3.55781	33.5985	-2.99217	2.2165	30.7019	-0.305124	-16.4529	6.8314	2.16398	-27.2117	4.17671	8.3558	13.265	-2.88605	9.27475	12.4967	-0.99257	8.44983	2.52967	16.1645	10.2832	8.11827	17.5159
4	2.19097	3.86505	9.97141	0.413707	5.30231	11.1908	0.0449664	-3.67532	33.1842	-2.3963	2.38395	30.1961	-0.457395	-17.0834	7.80066	2.13078	-28.3531	5.11275	7.40185	13.9201	-4.34817	8.45353	13.3038	-2.44286	8.08835	2.50991	13.2394	10.1458	8.17271	14.5496
5	2.54867	3.62501	9.862	0.720924	5.11008	11.111	0.748529	-3.66634	32.7153	-1.77764	2.67267	29.6521	-0.5545	-17.8247	8.7357	2.16623	-29.4678	5.91362	6.45561	14.3766	-5.6267	7.41125	14.1051	-3.81958	7.69935	2.70383	10.5027	9.80008	8.09488	11.6764
6	2.99642	3.29349	9.71349	1.1191	4.82547	10.9713	1.52254	-3.54166	32.2523	-1.11418	3.03209	29.139	-0.546399	-18.3196	9.8437	2.34216	-30.2233	6.87197	5.59209	14.4382	-6.3346	6.14376	14.6636	-4.64408	7.25889	2.96523	8.15768	9.09265	7.86524	9.0806
7	3.52414	2.8947	9.53475	1.60985	4.44987	10.7705	2.37412	-3.36442	31.855	-0.366871	3.36621	28.7382	-0.437365	-18.2638	11.2616	2.66654	-30.2877	8.23697	4.81923	13.9981	-6.28583	4.76877	14.7247	-4.63345	6.70534	3.15277	6.27672	8.01118	7.53957	6.88943
8	4.11136	2.46269	9.34175	2.18093	3.99404	10.5216	3.30415	-3.24117	31.5389	0.493221	3.56166	28.4919	-0.293149	-17.5198	12.9302	3.05743	-29.4833	10.0504	4.13394	13.0569	-5.55117	3.49776	14.135	-3.82887	6.04298	3.21489	4.86704	6.73645	7.22605	5.18344
9	4.72884	2.03612	9.15288	2.80436	3.48106	10.2479	4.29207	-3.26288	31.2552	1.4615	3.54823	28.3679	-0.206701	-16.176	14.6402	3.38252	-27.8869	12.1452	3.53964	11.7438	-4.38142	2.46859	12.9538	-2.51068	5.34687	3.17616	3.87479	5.48736	6.99033	3.94536
10	5.34181	1.6538	8.98443	3.44019	2.94567	9.97398	5.28756	-3.45342	30.9073	2.4938	3.33446	28.2646	-0.23887	-14.5256	16.1526	3.54155	-25.8114	14.2521	3.05243	10.3166	-3.04854	1.70541	11.4513	-0.98708	4.70982	3.08126	3.20863	4.40708	6.82145	3.08926
11	5.91565	1.35073	8.84655	4.04531	2.43121	9.71859	6.21924	-3.77357	30.393	3.51825	2.99585	28.0485	-0.384099	-12.921	17.2822	3.51674	-23.6653	16.1043	2.68971	9.05821	-1.74524	1.185	9.95152	0.524469	4.19353	2.96565	2.77408	3.56297	6.69059	2.51523
12	6.42152	1.15431	8.74158	4.58125	1.98437	9.4921	7.02096	-4.15818	29.6455	4.45735	2.63295	27.6066	-0.587664	-11.5996	17.9323	3.35968	-21.7918	17.5032	2.44894	8.13634	-0.573706	0.866584	8.68419	1.89991	3.81161	2.84953	2.49071	2.96108	6.5922	2.13182
13	6.83858	1.08171	8.6662	5.01728	1.64779	9.29897	7.65562	-4.54593	28.6477	5.2472	2.32619	26.8765	-0.788531	-10.6453	18.0896	3.14531	-20.3989	18.3422	2.30344	7.57507	0.427385	0.701264	7.77016	3.07956	3.54364	2.74347	2.29945	2.56716	6.52801	1.86852
14	7.15193	1.13766	8.61653	5.33131	1.45238	9.14172	8.11606	-4.89226	27.4276	5.84541	2.10573	25.8494	-0.94972	-10.0738	17.7979	2.93369	-19.5677	18.6015	2.22039	7.33847	1.25039	0.643563	7.2594	4.04671	3.35889	2.6575	2.1627	2.33254	6.49832	1.67863
15	7.34941	1.3127	8.59299	5.50939	1.41111	9.02453	8.40893	-5.17506	26.0466	6.23046	1.94903	24.5619	-1.06026	-9.88872	17.1364	2.75668	-19.282	18.3338	2.17914	7.39517	1.9012	0.656793	7.15453	4.81515	3.23378	2.60326	2.0586	2.20953	6.50545	1.53247
16	7.42113	1.58355	8.60151	5.54435	1.51595	8.9552	8.54191	-5.39631	24.581	6.40006	1.8057	23.0877	-1.12171	-10.0518	16.2071	2.62128	-19.4571	17.6457	2.16964	7.70097	2.40205	0.714545	7.42172	5.41799	3.15461	2.59028	1.97398	2.1581	6.54814	1.41157
17	7.36238	1.91716	8.65069	5.43631	1.73947	8.94462	8.52304	-5.57732	23.0999	6.37039	1.62876	21.5263	-1.13855	-10.4551	15.1187	2.51821	-19.9685	16.674	2.18037	8.17388	2.79386	0.80116	7.99424	5.89477	3.11015	2.62092	1.8995	2.14838	6.61845	1.30496
18	7.17758	2.27704	8.74737	5.19557	2.04056	9.00307	8.36616	-5.75228	21.6522	6.17314	1.38999	19.9836	-1.11861	-10.9511	13.9659	2.43094	-20.6675	15.5604	2.19698	8.7187	3.12407	0.910362	8.77211	6.28089	3.08744	2.68711	1.82728	2.1618	6.7047	1.20586
19	6.88297	2.62941	8.89271	4.84534	2.37345	9.13455	8.09513	-5.96121	20.2674	5.84974	1.07549	18.548	-1.07453	-11.4021	12.8176	2.34409	-21.3914	14.428	2.20916	9.26368	3.42887	1.0408	9.63222	6.6036	3.0746	2.77208	1.75029	2.19046	6.79542	1.10937
20	6.50626	2.94751	9.07995	4.42054	2.69657	9.33268	7.74363	-6.24038	18.9612	5.44559	0.677257	17.2686	-1.02088	-11.7064	11.7163	2.24972	-21.9751	13.3619	2.21357	9.76655	3.72433	1.18857	10.443	6.88322	3.06438	2.85751	1.66269	2.23324	6.88292	1.01121
21	6.08218	3.21314	9.29522	3.9613	2.97838	9.58082	7.35064	-6.61022	17.7372	5.00517	0.189757	16.1473	-0.968779	-11.7999	10.6826	2.14797	-22.2677	12.4017	2.21232	10.1973	4.01142	1.34199	11.0792	7.13723	3.05546	2.93126	1.56058	2.28992	6.96471	0.907488
22	5.64547	3.41651	9.52076	3.50341	3.19914	9.8563	6.9532	-7.07135	16.5844	4.56636	-0.385707	15.1458	-0.922535	-11.6409	9.72182	2.04335	-22.1496	11.5467	2.20871	10.5183	4.28863	1.48258	11.4339	7.38314	3.05033	2.98949	1.44206	2.35687	7.04224	0.795099
23	5.22417	3.55528	9.73935	3.07038	3.35004	10.1357	6.5786	-7.60703	15.4771	4.15482	-1.03421	14.2053	-0.878035	-11.1982	8.82784	1.94136	-21.5524	10.7695	2.2029	10.6779	4.5613	1.59033	11.4306	7.63558	3.05133	3.03558	1.30714	2.42716	7.11913	0.671931
24	4.83526	3.63197	9.93806	2.67136	3.43091	10.3989	6.24062	-8.18703	14.3819	3.78209	-1.72643	13.2679	-0.825917	-10.4661	7.98767	1.84782	-20.4922	10.0322	2.19275	10.6313	4.84044	1.65135	11.0568	7.89996	3.05891	3.07845	1.15733	2.49422	7.19923	0.536176
25	4.4845	3.65017	10.11	2.30505	3.44709	10.6317	5.94195	-8.77176	13.271	3.44819	-2.42442	12.2913	-0.756159	-9.49263	7.18603	1.77075	-19.0934	9.29797	2.1778	10.3765	5.13341	1.66306	10.3964	8.16846	3.07358	3.13003	0.994103	2.5538	7.2845	0.385518
26	4.16945	3.61209	10.2538	1.96571	3.4068	10.8259	5.67881	-9.32107	12.1304	3.14591	-3.09098	11.2515	-0.6608	-8.3901	6.40805	1.72278	-17.5665	8.53544	2.16067	9.9777	5.43572	1.63442	9.61862	8.4229	3.09674	3.20077	0.817806	2.60462	7.37475	0.217786
27	3.88353	3.5187	10.3711	1.64732	3.31964	10.9778	5.44492	-9.80468	10.9592	2.86452	-3.7002	10.1389	-0.535802	-7.31359	5.64022	1.71984	-16.1445	7.72226	2.14545	9.55625	5.7318	1.58407	8.92348	8.64429	3.12741	3.2965	0.627837	2.64902	7.46936	0.0330441
28	3.61993	3.37164	10.4646	1.34528	3.19548	11.0875	5.23412	-10.2083	9.76442	2.59355	-4.24397	8.95404	-0.381355	-6.41444	4.87297	1.77537	-15.0091	6.84943	2.13665	9.24785	6.00412	1.53646	8.47386	8.82262	3.16098	3.41854	0.423752	2.69372	7.56965	-0.164988
29	3.37415	3.17517	10.5382	1.05744	3.04304	11.1585	5.04187	-10.5332	8.55738	2.32669	-4.73039	7.70618	-0.200227	-5.78777	4.1055	1.89399	-14.2447	5.92363	2.13867	9.14587	6.24418	1.51552	8.3491	8.96006	3.19314	3.56593	0.20643	2.74839	7.67913	-0.370557
30	3.14401	2.93674	10.5972	0.784073	2.8691	11.1981	4.8654	-10.7917	7.35115	2.06314	-5.17614	6.41236	0.00160606	-5.44096	3.34883	2.06902	-13.8314	4.96591	2.15859	9.26363	6.45726	1.53741	8.53401	9.06797	3.22651	3.73735	-0.0219691	2.8216	7.80092	-0.579949
31	2.92809	2.66592	10.6472	0.526488	2.67868	11.2165	4.70248	-11.0003	6.15921	1.80576	-5.60061	5.09547	0.213342	-5.30515	2.62384	2.28436	-13.6691	4.00826	2.20686	9.54089	6.65879	1.60701	8.94017	9.16162	3.27048	3.93079	-0.259659	2.91725	7.93523	-0.794671
32	2.72466	2.37274	10.6934	0.285868	2.47509	11.2245	4.55064	-11.1774	4.99353	1.55885	-6.02518	3.78206	0.419629	-5.2732	1.95472	2.51883	-13.6154	3.0887	2.29404	9.8816	6.86683	1.7194	9.44421	9.25641	3.33485	4.14285	-0.506654	3.03373	8.07965	-1.02055
33	2.53197	2.06683	10.7393	0.0634365	2.25944	11.2324	4.40859	-11.3443	3.86432	1.327	-6.47114	2.49915	0.602488	-5.24042	1.36339	2.75156	-13.5294	2.24393	2.42796	10.1957	7.09548	1.86452	9.92798	9.36544	3.42554	4.36968	-0.76537	3.16566	8.23103	-1.26431
34	2.34812	1.7562	10.7861	-0.138791	2.03055	11.2485	4.27665	-11.5256	2.77959	1.11444	-6.9536	1.26959	0.745553	-5.13137	0.865998	2.96654	-13.3093	1.50185	2.61194	10.426	7.35114	2.03378	10.3087	9.49686	3.54379	4.6089	-1.04074	3.30826	8.3871	-1.53143
35	2.17122	1.44555	10.8333	-0.318221	1.78551	11.2773	4.15523	-11.7452	1.7449	0.925101	-7.47866	0.10849	0.839155	-4.90793	0.471873	3.15348	-12.9121	0.878666	2.84688	10.553	7.63166	2.22713	10.5554	9.65278	3.69052	4.86075	-1.3398	3.46265	8.54614	-1.8252
36	2.00038	1.13489	10.881	-0.4732	1.51983	11.3195	4.04468	-12.0195	0.764466	0.761539	-8.04058	-0.979123	0.881642	-4.56581	0.183976	3.30694	-12.3561	0.378288	3.1349	10.5868	7.92817	2.45416	10.6884	9.82895	3.87068	5.12766	-1.6703	3.63622	8.70666	-2.1474
37	1.83626	0.819002	10.932	-0.604035	1.2285	11.3708	3.94507	-12.3502	-0.158377	0.623766	-8.62156	-2.0001	0.87661	-4.12759	-0.000152727	3.425	-11.7034	-0.00691941	3.48042	10.5548	8.22898	2.72903	10.7591	10.0153	4.09191	5.41293	-2.03898	3.83869	8.86821	-2.50047
38	1.68052	0.488423	10.9913	-0.71276	0.907595	11.422	3.85556	-12.723	-1.02215	0.509252	-9.19859	-2.9715	0.829234	-3.63395	-0.0876745	3.50748	-11.031	-0.291298	3.88881	10.4925	8.52191	3.06528	10.8262	10.1983	4.36066	5.71807	-2.45129	4.07846	9.03128	-2.88906
39	1.53556	0.133035	11.0638	-0.802292	0.554743	11.4609	3.77436	-13.1139	-1.82927	0.413864	-9.75257	-3.91529	0.745231	-3.13238	-0.0895755	3.55396	-10.4036	-0.488067	4.36277	10.4387	8.79397	3.47313	10.9379	10.3648	4.67952	6.03935	-2.91307	4.36109	9.19627	-3.31995
40	1.40363	-0.254987	11.1515	-0.875536	0.168893	11.4737	3.69808	-13.4988	-2.58745	0.332614	-10.2729	-4.8519	0.630808	-2.66589	-0.0183142	3.56255	-9.85944	-0.603529	4.90118	10.4326	9.03055	3.95836	11.1234	10.5049	5.04756	6.36603	-3.4322	4.68905	9.3628	-3.80098
41	1.28511	-0.680601	11.2509	-0.935564	-0.249141	11.4489	3.62056	-13.8594	-3.30832	0.258996	-10.7566	-5.79429	0.492221	-2.26243	0.116901	3.52996	-9.40819	-0.633383	5.49994	10.5073	9.21707	4.52216	11.3908	10.6147	5.46287	6.68105	-4.01833	5.06214	9.52894	-4.3398
42	1.1776	-1.146	11.3535	-0.986286	-0.696123	11.3791	3.53247	-14.1859	-4.00421	0.184469	-11.2053	-6.74324	0.333539	-1.92627	0.314727	3.45116	-9.03852	-0.561325	6.15254	10.6806	9.34246	5.16193	11.7319	10.6961	5.92328	6.96444	-4.68189	5.47838	9.68973	-4.94358
43	1.07638	-1.64993	11.4464	-1.03255	-1.16613	11.2627	3.42192	-14.4764	-4.6848	0.0994321	-11.6211	-7.68626	0.153204	-1.63891	0.583806	3.31843	-8.7245	-0.362074	6.85233	10.9504	9.40089	5.8732	12.1263	10.7541	6.42639	7.19638	-5.43442	5.93623	9.83561	-5.61993
44	0.975988	-2.18645	11.5165	-1.07935	-1.64997	11.1056	3.27719	-14.7335	-5.35471	-0.00498765	-12.0016	-8.60098	-0.0563755	-1.36841	0.94014	3.12162	-8.43542	-0.00935	7.59554	11.2994	9.38882	6.65145	12.5452	10.792	6.97259	7.35819	-6.29009	6.43661	9.95223	-6.37904
45	0.872544	-2.74359	11.5534	-1.13054	-2.13416	10.9213	3.09029	-14.9619	-6.01179	-0.134897	-12.3382	-9.46074	-0.306525	-1.08249	1.40256	2.85043	-8.14579	0.516344	8.38202	11.7027	9.30115	7.49182	12.9572	10.8075	7.5668	7.43365	-7.26643	6.98311	10.0225	-7.23655
46	0.765088	-3.30295	11.5533	-1.18821	-2.60077	10.7288	2.85881	-15.1648	-6.64678	-0.292304	-12.6189	-10.2402	-0.610975	-0.761462	1.98904	2.4973	-7.84465	1.2243	9.21377	12.136	9.13006	8.38791	13.3365	10.7893	8.21493	7.41117	-8.38393	7.58033	10.0306	-8.2155
47	0.654942	-3.84098	11.5192	-1.25374	-3.0284	10.5476	2.58609	-15.3425	-7.24475	-0.475714	-12.8341	-10.9207	-0.983954	-0.407969	2.7141	2.05965	-7.5428	2.11423	10.0905	12.5825	8.865	9.33142	13.674	10.7161	8.91788	7.28585	-9.66546	8.23166	9.96525	-9.34612
48	0.54381	-4.33156	11.4606	-1.32959	-3.39481	10.3931	2.28003	-15.4935	-7.78835	-0.681749	-12.9841	-11.4924	-1.43617	-0.0495261	3.5874	1.53937	-7.27208	3.18064	11.0039	13.0384	8.49255	10.3116	13.9843	10.5578	9.66756	7.06091	-11.1357	8.93637	9.82215	-10.6643
49	0.431856	-4.74945	11.3906	-1.42063	-3.68036	10.2731	1.951	-15.6162	-8.26043	-0.906526	-13.0793	-11.9518	-1.97139	0.267634	4.61455	0.939916	-7.07973	4.41928	11.9322	13.512	7.99696	11.3125	14.3039	10.2755	10.4447	6.74766	-12.8206	9.68639	9.60314	-12.2106
50	0.316685	-5.07426	11.3232	-1.53397	-3.87102	10.1873	1.60949	-15.711	-8.6446	-1.1464	-13.1357	-12.2972	-2.58676	0.491107	5.80081	0.264109	-7.02077	5.83217	12.8364	14.0191	7.36214	12.3102	14.6831	9.82203	11.2161	6.36259	-14.7471	10.466	9.31483	-14.0303
51	0.193027	-5.29377	11.2703	-1.67857	-3.95911	10.1276	1.2638	-15.779	-8.92471	-1.39903	-13.165	-12.5251	-3.27503	0.569112	7.15489	-0.485268	-7.15607	7.42982	13.6582	14.5809	6.57066	13.2692	15.177	9.14141	11.9345	5.9231	-16.9452	11.2523	8.96691	-16.1739
52	0.0518203	-5.40511	11.2361	-1.86637	-3.94227	10.078	0.916888	-15.8183	-9.08658	-1.66675	-13.168	-12.6308	-4.02642	0.446473	8.69085	-1.30051	-7.55197	9.23138	14.3261	15.2278	5.598	14.1357	15.8376	8.17126	12.5446	5.4449	-19.4502	12.0149	8.5708	-18.698
53	-0.121097	-5.41302	11.2125	-2.11244	-3.82302	10.0175	0.563266	-15.8214	-9.12093	-1.95964	-13.1302	-12.607	-4.82878	0.0597615	10.4283	-2.16107	-8.27458	11.2643	14.7633	15.9981	4.40788	14.8333	16.7019	6.84899	12.9932	4.94279	-22.3043	12.7172	8.1409	-21.6641
54	-0.343877	-5.3255	11.1806	-2.4309	-3.60916	9.92747	0.189349	-15.7751	-9.02384	-2.29382	-13.0262	-12.4407	-5.66508	-0.657392	12.3924	-3.02669	-9.37188	13.5619	14.8956	16.9271	2.95338	15.2596	17.7739	5.12586	13.241	4.43348	-25.5569	13.318	7.69809	-25.1331
55	-0.633984	-5.14958	11.1169	-2.82876	-3.31458	9.79863	-0.222545	-15.6649	-8.79268	-2.6862	-12.8259	-12.1108	-6.50801	-1.75949	14.613	-3.83733	-10.8535	16.1583	14.6561	18.0292	1.18647	15.3019	19.0077	2.98383	13.2721	3.93918	-29.2598	13.7812	7.27235	-29.1522
56	-1.00324	-4.89005	11.0026	-3.30279	-2.95983	9.63411	-0.690553	-15.4751	-8.42145	-3.1494	-12.4999	-11.5904	-7.31407	-3.26947	17.122	-4.52304	-12.6758	19.0787	13.9953	19.274	-0.924593	14.8741	20.3018	0.446699	13.1023	3.49086	-33.4541	14.0941	6.89957	-33.7376
57	-1.45524	-4.55174	10.8304	-3.83983	-2.5715	9.44718	-1.23079	-15.1867	-7.89891	-3.68766	-12.0241	-10.8544	-8.02376	-5.15886	19.9455	-5.02153	-14.7366	22.3309	12.8941	20.571	-3.37385	13.9582	21.5096	-2.41316	12.7758	3.12499	-38.1494	14.2776	6.61175	-38.852
58	-1.98316	-4.14361	10.6069	-4.41844	-2.18037	9.25657	-1.85144	-14.7779	-7.21052	-4.293	-11.3825	-9.88474	-8.57383	-7.33231	23.0947	-5.29465	-16.8808	25.9021	11.3852	21.7696	-6.09622	12.6308	22.465	-5.46765	12.3537	2.87559	-43.2955	14.3758	6.42813	-44.3798
59	-2.56742	-3.68188	10.3501	-5.01087	-1.81869	9.0809	-2.54428	-14.2329	-6.34284	-4.94351	-10.5709	-8.67252	-8.91654	-9.62703	26.5606	-5.33544	-18.918	29.7607	9.58525	22.6851	-8.95663	11.0624	23.0118	-8.53366	11.9073	2.76893	-48.7532	14.4368	6.35669	-50.1124
60	-3.17676	-3.19216	10.083	-5.58592	-1.51705	8.93388	-3.28168	-13.5501	-5.28747	-5.60577	-9.6021	-7.21985	-9.03383	-11.8405	30.3121	-5.1647	-20.6573	33.8548	7.70557	23.1501	-11.7608	9.48097	23.0418	-11.3945	11.514	2.82226	-54.2828	14.4949	6.40268	-55.7629
61	-3.77377	-2.70923	9.82675	-6.11322	-1.30138	8.82169	-4.02245	-12.7457	-4.04304	-6.24049	-8.50931	-5.5419	-8.94012	-13.7777	34.2961	-4.82451	-21.9618	38.1071	5.99859	23.0679	-14.2864	8.10284	22.5404	-13.841	11.2328	3.04286	-59.5766	14.5591	6.56979	-61.0148
62	-4.3216	-2.27337	9.59607	-6.56706	-1.19027	8.74303	-4.72076	-11.8532	-2.61596	-6.80742	-7.34578	-3.66685	-8.67793	-15.3015	38.4359	-4.37397	-22.7987	42.4152	4.65909	22.4403	-16.3227	7.05872	21.6162	-15.7125	11.0701	3.42991	-64.3266	14.6104	6.84977	-65.5851
63	-4.78861	-1.92407	9.39831	-6.9275	-1.19259	8.69257	-5.33276	-10.9208	-1.01878	-7.26773	-6.17727	-1.63124	-8.31155	-16.3686	42.6369	-3.88339	-23.2494	46.6632	3.76422	21.3633	-17.7068	6.36747	20.4775	-16.9238	10.9826	3.98009	-68.2839	14.6178	7.21751	-69.2746
64	-5.14997	-1.69267	9.23595	-7.17936	-1.30583	8.6662	-5.82025	-10.0069	0.733998	-7.58527	-5.07044	0.529849	-7.91678	-17.0325	46.7983	-3.42353	-23.4679	50.7418	3.27646	19.9966	-18.3594	5.97095	19.3565	-17.4758	10.9129	4.68535	-71.3002	14.5664	7.64018	-71.9903
65	-5.38775	-1.59569	9.11043	-7.31174	-1.51552	8.66477	-6.15323	-9.17092	2.63147	-7.73002	-4.08155	2.79242	-7.56616	-17.4115	50.8224	-3.05101	-23.6133	54.5668	3.08526	18.5209	-18.3181	5.78884	18.4279	-17.4479	10.8233	5.52151	-73.3507	14.4707	8.09093	-73.741
66	-5.4909	-1.63221	9.02569	-7.31902	-1.79712	8.69414	-6.31098	-8.45999	4.66899	-7.68314	-3.24803	5.14586	-7.31337	-17.6372	54.6217	-2.79647	-23.7969	58.0868	3.06422	17.0959	-17.7368	5.75345	17.7679	-16.9711	10.7101	6.44105	-74.5264	14.3645	8.55311	-74.6151
67	-5.45607	-1.78499	8.9897	-7.20277	-2.11972	8.76198	-6.28281	-7.89685	6.84474	-7.4419	-2.58304	7.58437	-7.18032	-17.8153	58.1267	-2.65726	-24.0659	61.2775	3.12197	15.8351	-16.8271	5.81759	17.364	-16.1932	10.6003	7.37886	-74.9812	14.2812	9.01508	-74.7473
68	-5.28956	-2.02495	9.01271	-6.97325	-2.45128	8.87356	-6.07016	-7.47394	9.1519	-7.02216	-2.07267	10.0946	-7.14972	-18.0115	61.2925	-2.59554	-24.4171	64.1279	3.21701	14.8008	-15.7754	5.95423	17.1507	-15.2445	10.5297	8.26718	-74.8644	14.2446	9.46749	-74.279
69	-5.00873	-2.31614	9.10237	-6.65028	-2.76383	9.02831	-5.68961	-7.15798	11.5707	-6.45778	-1.67668	12.6482	-7.16821	-18.256	64.0931	-2.54426	-24.8252	66.6292	3.33812	14.0114	-14.6955	6.15302	17.05	-14.2142	10.5189	9.05232	-74.281	14.2684	9.90563	-73.3248
70	-4.64075	-2.62062	9.25852	-6.26254	-3.03651	9.21782	-5.17367	-6.90207	14.0656	-5.79705	-1.33811	15.2026	-7.16262	-18.5594	66.5104	-2.42527	-25.2645	68.7694	3.48492	13.4573	-13.6325	6.41059	17.0011	-13.1471	10.5676	9.70538	-73.2869	14.352	10.3292	-71.959
71	-4.21905	-2.90447	9.4711	-5.84329	-3.25655	9.42723	-4.56773	-6.65522	16.5904	-5.09444	-0.996861	17.7104	-7.06014	-18.9289	68.528	-2.17188	-25.719	70.5337	3.66229	13.1217	-12.5904	6.71884	16.9761	-12.0536	10.6651	10.2228	-71.9019	14.4762	10.736	-70.2201
72	-3.77737	-3.14235	9.72225	-5.42305	-3.41824	9.63985	-3.92268	-6.36932	19.0965	-4.3994	-0.602474	20.1291	-6.80416	-19.3768	70.1327	-1.7444	-26.1827	71.9092	3.87328	12.9924	-11.5595	7.06085	16.978	-10.9278	10.7951	10.6194	-70.1334	14.6061	11.1168	-68.1281
73	-3.34288	-3.31909	9.99062	-5.02373	-3.52009	9.8417	-3.28497	-6.00692	21.5404	-3.74841	-0.122835	22.429	-6.36291	-19.913	71.3171	-1.13408	-26.654	72.8888	4.11536	13.0576	-10.5326	7.41625	17.0215	-9.76468	10.9375	10.9183	-67.993	14.704	11.4586	-65.7006
74	-2.93158	-3.42907	10.2555	-4.65635	-3.56189	10.024	-2.68868	-5.54763	23.8867	-3.16311	0.452649	24.593	-5.73165	-20.5328	72.081	-0.358296	-27.1291	73.4719	4.38605	13.2927	-9.50999	7.77052	17.1101	-8.57186	11.075	11.1448	-65.5015	14.7439	11.7541	-62.9638
75	-2.54882	-3.47397	10.4999	-4.32287	-3.54331	10.1823	-2.15363	-4.98833	26.1085	-2.65368	1.1147	26.6132	-4.92762	-21.2169	72.4318	0.547134	-27.5992	73.6627	4.68671	13.6537	-8.49914	8.12003	17.2238	-7.37016	11.1981	11.3266	-62.6892	14.7185	12.0095	-59.953
76	-2.19341	-3.4598	10.7117	-4.02031	-3.4656	10.315	-1.68895	-4.33849	28.1883	-2.22328	1.84186	28.4874	-3.98072	-21.938	72.3846	1.53661	-28.0534	73.469	5.02204	14.08	-7.51195	8.46839	17.3223	-6.18891	11.306	11.4948	-59.5925	14.6352	12.244	-56.7093
77	-1.86163	-3.39434	10.8838	-3.74376	-3.3322	10.4226	-1.29756	-3.61656	30.1162	-1.87114	2.60783	30.217	-2.92671	-22.6682	71.9585	2.56297	-28.4837	72.9	5.39837	14.502	-6.5616	8.81387	17.3597	-5.05803	11.4056	11.6837	-56.2495	14.5023	12.4831	-53.2764
78	-1.54953	-3.28621	11.0135	-3.48807	-3.14833	10.5076	-0.978714	-2.84759	31.8895	-1.59466	3.38729	31.8065	-1.80455	-23.3835	71.174	3.58364	-28.8912	71.9659	5.82191	14.8509	-5.65904	9.14098	17.2996	-4.0013	11.5083	11.9287	-52.6939	14.3178	12.7498	-49.6966
79	-1.25462	-3.14446	11.1031	-3.24961	-2.92176	10.5751	-0.729843	-2.05557	33.5122	-1.39051	4.16188	33.2629	-0.650887	-24.0679	70.051	4.56411	-29.2864	70.6781	6.29368	15.0674	-4.81055	9.4296	17.1229	-3.03294	11.6228	12.2623	-48.9531	14.0736	13.0619	-46.0031
80	-0.976273	-2.97794	11.1586	-3.0262	-2.66249	10.6312	-0.547448	-1.25765	34.9931	-1.25408	4.91973	34.5936	0.503618	-24.7151	68.6064	5.47509	-29.6852	69.0485	6.80333	15.1103	-4.01689	9.67066	16.8245	-2.15682	11.7459	12.7076	-45.0499	13.7655	13.4306	-42.2135
81	-0.714094	-2.79378	11.1887	-2.81592	-2.38113	10.6816	-0.426336	-0.466712	36.3425	-1.17839	5.65055	35.8033	1.63108	-25.3284	66.852	6.28767	-30.1018	67.0893	7.32929	14.963	-3.27396	9.87418	16.4095	-1.36709	11.8602	13.2708	-41.0032	13.3999	13.8599	-38.3285
82	-0.467611	-2.59691	11.2036	-2.61683	-2.08752	10.7305	-0.359423	0.305147	37.5682	-1.15373	6.34428	36.8931	2.70154	-25.9191	64.7921	6.97296	-30.5469	64.8103	7.84244	14.6391	-2.57618	10.0599	15.8912	-0.652249	11.9365	13.9353	-36.8293	12.9875	14.3437	-34.3385
83	-0.237079	-2.38966	11.2137	-2.42721	-1.78937	10.7801	-0.337895	1.04575	38.6728	-1.16861	6.99134	37.8587	3.68049	-26.503	62.4214	7.50426	-31.0267	62.2147	8.31142	14.1799	-1.92106	10.2365	15.2915	-0.00212324	11.9402	14.6597	-32.5444	12.5312	14.8611	-30.2367
84	-0.0236585	-2.17159	11.228	-2.2452	-1.49058	10.8309	-0.35123	1.74049	39.6501	-1.212	7.57703	38.6894	4.52649	-27.0938	59.7256	7.85456	-31.5365	59.2945	8.70892	13.647	-1.3125	10.3874	14.64	0.586002	11.8395	15.3802	-28.167	12.0184	15.3738	-26.0287
85	0.170501	-1.9401	11.2526	-2.06934	-1.19015	10.8827	-0.38796	2.37115	40.4835	-1.27674	8.07831	39.3675	5.19135	-27.6987	56.6828	7.99618	-32.0538	56.0303	9.01304	13.1147	-0.763118	10.4818	13.9707	1.1057	11.6095	16.0182	-23.7187	11.4328	15.83	-21.7286
86	0.343029	-1.69113	11.2898	-1.89922	-0.882802	10.9368	-0.43698	2.91436	41.1484	-1.36119	8.46821	39.8709	5.62301	-28.3146	53.2682	7.90661	-32.5351	52.3956	9.20826	12.6606	-0.294177	10.4914	13.3151	1.54546	11.2362	16.4917	-19.2244	10.7678	16.1719	-17.3511
87	0.492399	-1.41996	11.3374	-1.73591	-0.561255	10.9963	-0.490211	3.34202	41.6166	-1.46899	8.72443	40.1765	5.77364	-28.9214	49.464	7.57753	-32.9236	48.3622	9.28909	12.3546	0.0696485	10.3972	12.705	1.89288	10.72	16.7275	-14.7091	10.0308	16.3391	-12.9079
88	0.618562	-1.12201	11.3891	-1.58167	-0.218508	11.0656	-0.546046	3.62811	41.8618	-1.60829	8.83454	40.2637	5.61583	-29.4744	45.2703	7.02194	-33.1636	43.9094	9.26453	12.2452	0.30828	10.1998	12.1805	2.13654	10.0803	16.6692	-10.1961	9.25069	16.2731	-8.40587
89	0.723085	-0.793726	11.4349	-1.43891	0.151516	11.1482	-0.610946	3.75277	41.8661	-1.79082	8.79255	40.1188	5.15671	-29.8996	40.7145	6.27474	-33.2087	39.0395	9.16228	12.3457	0.413096	9.92764	11.7896	2.26687	9.36115	16.2851	-5.70707	8.48181	15.9267	-3.85295
90	0.808614	-0.433143	11.4626	-1.30935	0.553719	11.2433	-0.697166	3.6993	41.6234	-2.02971	8.59521	39.7396	4.44118	-30.099	35.8562	5.39219	-33.0256	33.7979	9.02358	12.6258	0.389668	9.6336	11.5731	2.27731	8.62688	15.5751	-1.26746	7.79831	15.2779	0.724971
91	0.878328	-0.0401418	11.4594	-1.19298	0.991423	11.345	-0.817065	3.4556	41.1419	-2.33512	8.24264	39.1383	3.54812	-29.9741	30.7894	4.4519	-32.5961	28.2876	8.89113	13.0204	0.256102	9.38242	11.5428	2.16675	7.94819	14.5725	3.08138	7.28126	14.3441	5.26629
92	0.936056	0.383697	11.4151	-1.0873	1.46521	11.4428	-0.977131	3.02546	40.4458	-2.70807	7.74233	38.3453	2.5821	-29.4635	25.645	3.54762	-31.9177	22.6772	8.79917	13.4482	0.0396412	9.23283	11.6602	1.94435	7.3864	13.3411	7.27179	7.00139	13.1915	9.66403
93	0.986659	0.834437	11.3248	-0.987466	1.97163	11.524	-1.17466	2.43258	39.5772	-3.13577	7.1129	37.4099	1.65573	-28.5564	20.5934	2.77436	-31.0014	17.1945	8.76757	13.8197	-0.223942	9.21586	11.8307	1.63696	6.98344	11.9672	11.2061	6.99519	11.9272	13.7704
94	1.03566	1.30508	11.1902	-0.888013	2.50215	11.5769	-1.39864	1.71393	38.5977	-3.59064	6.38838	36.3972	0.869118	-27.2762	15.8429	2.20683	-29.8801	12.1069	8.80343	14.0412	-0.488936	9.3243	11.9339	1.29315	6.76171	10.5453	14.764	7.24839	10.6755	17.4186
95	1.08771	1.78504	11.0207	-0.784861	3.04275	11.594	-1.6317	0.916183	37.5878	-4.03233	5.61604	35.3824	0.293202	-25.6687	11.6265	1.87653	-28.627	7.68719	8.90652	14.0308	-0.702134	9.52421	11.8823	0.975342	6.72826	9.15862	17.8196	7.70153	9.54769	20.4567
96	1.14528	2.25923	10.8319	-0.676415	3.57438	11.574	-1.84941	0.0951452	36.6393	-4.41162	4.84717	34.4389	-0.0455952	-23.8172	8.1716	1.76135	-27.3655	4.17002	9.07309	13.7586	-0.815274	9.7734	11.6721	0.742662	6.87716	7.86356	20.2618	8.26983	8.62277	22.7754
97	1.20905	2.70839	10.6428	-0.563604	4.07428	11.5228	-2.01923	-0.69372	35.8354	-4.67744	4.12794	33.621	-0.173952	-21.8608	5.65503	1.79781	-26.2532	1.711	9.29421	13.2836	-0.806545	10.0282	11.3843	0.632443	7.18841	6.68891	22.0075	8.86186	7.94458	24.3141
98	1.27962	3.1111	10.4713	-0.448608	4.51859	11.4525	-2.10277	-1.40809	35.2224	-4.78703	3.49338	32.951	-0.162533	-19.9845	4.15502	1.90881	-25.4374	0.358434	9.54371	12.7491	-0.701515	10.2406	11.1366	0.644534	7.61974	5.64425	22.9999	9.39345	7.52694	25.048
99	1.35969	3.44756	10.3302	-0.332973	4.88621	11.379	-2.06421	-2.02649	34.792	-4.71731	2.96795	32.4153	-0.0982503	-18.3719	3.62362	2.03135	-25.0063	0.0408874	9.76172	12.3266	-0.584353	10.3574	11.0213	0.728596	8.09607	4.72904	23.1975	9.80074	7.35454	24.9718
100	1.45429	3.70292	10.2252	-0.216552	5.1627	11.3179	-1.8822	-2.54781	34.4893	-4.47227	2.56926	31.9743	-0.0543136	-17.156	3.89429	2.1282	-24.9764	0.568868	9.84964	12.1497	-0.595186	10.3297	11.0831	0.771739	8.51025	3.9405	22.5696	10.0544	7.37943	24.0969
