Time	RPelvisAngleX	RPelvisAngleY	RPelvisAngleZ	LPelvisAngleX	LPelvisAngleY	LPelvisAngleZ	RHipAngleX	RHipAngleY	RHipAngleZ	LHipAngleX	LHipAngleY	LHipAngleZ	RKneeAngleX	RKneeAngleY	RKneeAngleZ	LKneeAngleX	LKneeAngleY	LKneeAngleZ	RAnkleAngleX	RAnkleAngleY	RAnkleAngleZ	LAnkleAngleX	LAnkleAngleY	LAnkleAngleZ	RFootAngleX	RFootAngleY	RFootAngleZ	LFootAngleX	LFootAngleY	LFootAngleZ
0	-2.11152	1.53198	11.1364	0.745402	9.15022	10.3029	-7.00153	-5.39771	32.5171	-8.65335	-12.259	30.5412	8.40733	-21.7551	4.48553	8.05389	-26.346	5.78928	7.22861	19.6678	4.15505	9.46208	23.1092	3.06181	8.87561	8.21848	24.8375	10.41	8.35247	23.5382
1	-1.94922	1.59978	10.9929	0.913279	9.22511	10.0679	-6.6774	-5.30204	32.7792	-8.35104	-12.3402	30.5875	8.16823	-22.24	6.22992	7.89217	-26.973	7.49988	6.97031	20.0679	3.83956	9.36811	23.5159	2.82349	8.88912	8.16603	23.0924	10.531	8.62383	21.8917
2	-1.65031	1.54579	10.801	1.18755	9.19947	9.77535	-6.13862	-5.25466	32.9333	-7.85672	-12.4625	30.4864	7.83156	-22.3222	8.27441	7.65783	-27.2627	9.39597	6.2615	20.0068	3.11871	8.8319	23.5148	2.29349	8.6979	8.18794	20.385	10.4485	8.97008	19.4233
3	-1.23301	1.38699	10.6052	1.55147	9.09418	9.46128	-5.45052	-5.17928	33.0066	-7.24494	-12.5391	30.2904	7.46605	-22.0029	10.3937	7.41747	-27.1851	11.3151	5.44414	19.4327	1.86635	8.10168	23.0382	1.39908	8.64991	8.25412	16.9643	10.4234	9.34807	16.3722
4	-0.739402	1.14723	10.4508	1.97819	8.93328	9.16757	-4.69588	-5.01573	33.0742	-6.60664	-12.5115	30.0952	7.10591	-21.3147	12.4699	7.20972	-26.7414	13.2012	4.80698	18.4811	0.262084	7.32985	22.2232	0.339403	8.85252	8.22004	13.2639	10.4372	9.57868	13.1069
5	-0.218179	0.855058	10.3593	2.44522	8.73738	8.92192	-3.94951	-4.76236	33.21	-6.00843	-12.3867	29.9853	6.76151	-20.3072	14.5119	7.05118	-25.9597	15.0988	4.38451	17.3929	-1.21005	6.50094	21.2831	-0.454083	9.06382	7.93342	9.77352	10.2078	9.50916	10.0261
6	0.295261	0.540926	10.3191	2.94288	8.52357	8.72643	-3.25423	-4.47568	33.4399	-5.46415	-12.2222	29.9854	6.45099	-19.0823	16.5994	6.96124	-24.938	17.0812	3.97229	16.3424	-2.0805	5.52925	20.3295	-0.617807	8.92852	7.41316	6.81462	9.49966	9.2093	7.39924
7	0.788053	0.234542	10.2952	3.47213	8.30825	8.56106	-2.61111	-4.23463	33.7159	-4.93417	-12.0778	30.0412	6.19699	-17.8312	18.7773	6.95048	-23.8746	19.1493	3.39435	15.4034	-2.13584	4.44121	19.4037	-0.0631028	8.30776	6.85601	4.51074	8.36544	8.90115	5.33717
8	1.26042	-0.0361945	10.2483	4.03375	8.11015	8.39833	-1.99903	-4.09936	33.9272	-4.35849	-11.9897	30.0463	6.00415	-16.7825	20.9783	6.99429	-22.9931	21.1846	2.6606	14.6471	-1.43317	3.35331	18.6101	1.04913	7.33825	6.44622	2.85706	7.03241	8.70977	3.81536
9	1.71071	-0.246175	10.1482	4.61651	7.95152	8.21744	-1.40519	-4.08702	33.9457	-3.7	-11.9694	29.8926	5.85603	-16.0919	23.0326	7.04124	-22.4308	22.9986	1.89265	14.1674	-0.213715	2.35571	18.0849	2.45143	6.25694	6.21803	1.7485	5.69067	8.59763	2.7192
10	2.12899	-0.374394	9.98148	5.19308	7.85376	8.01217	-0.839565	-4.17283	33.6775	-2.9657	-12.0038	29.507	5.73241	-15.7887	24.7595	7.05117	-22.2029	24.4349	1.20774	14.0016	1.2385	1.51271	17.8565	3.91368	5.24052	6.10631	1.03133	4.45691	8.50566	1.92707
11	2.50299	-0.406709	9.75462	5.72829	7.83035	7.79245	-0.32718	-4.31115	33.0917	-2.19876	-12.0649	28.8672	5.62584	-15.7962	26.0543	7.01645	-22.2228	25.4311	0.694336	14.0725	2.71289	0.887742	17.8073	5.29836	4.39065	6.0577	0.57393	3.41733	8.43771	1.35302
12	2.82737	-0.341508	9.49403	6.19242	7.88189	7.57991	0.108476	-4.45778	32.2206	-1.45511	-12.1308	28.0024	5.54501	-15.9707	26.9112	6.95025	-22.3507	26.0097	0.401865	14.2191	4.10001	0.505936	17.7783	6.54341	3.75643	6.05533	0.28746	2.61553	8.41429	0.937563
13	3.10646	-0.194746	9.23934	6.56829	7.99354	7.39986	0.45863	-4.58457	31.1439	-0.779423	-12.1994	26.9807	5.50394	-16.1606	27.3922	6.86388	-22.4553	26.248	0.316365	14.2961	5.36163	0.338991	17.6703	7.63669	3.33234	6.08563	0.11066	2.04248	8.43218	0.636754
14	3.35014	0.00230484	9.03316	6.84973	8.1374	7.27379	0.732829	-4.68494	29.9629	-0.195567	-12.2852	25.8886	5.50785	-16.2749	27.5852	6.75645	-22.4476	26.2497	0.379752	14.248	6.49613	0.332858	17.4555	8.59557	3.07616	6.13088	0.000496452	1.65857	8.4754	0.418429
15	3.5653	0.211008	8.90935	7.03656	8.2809	7.21456	0.951608	-4.76795	28.7731	0.288358	-12.4005	24.8019	5.54638	-16.3088	27.5759	6.62264	-22.2998	26.1081	0.532868	14.1142	7.51524	0.432724	17.1607	9.44372	2.93946	6.1806	-0.0707477	1.41563	8.52794	0.258216
16	3.74849	0.393754	8.88403	7.1297	8.39444	7.22471	1.13401	-4.84788	27.6403	0.672825	-12.5324	23.7597	5.59634	-16.3123	27.4274	6.46852	-22.0653	25.8736	0.738182	13.9866	8.42663	0.596547	16.8595	10.1961	2.88487	6.23026	-0.120222	1.271	8.58024	0.137081
17	3.88498	0.520247	8.95373	7.12974	8.45487	7.29813	1.28785	-4.93417	26.5876	0.963916	-12.6406	22.7574	5.63368	-16.3419	27.1697	6.31625	-21.8613	25.5489	0.976775	13.9566	9.22857	0.799226	16.6506	10.8584	2.88753	6.27717	-0.159144	1.19308	8.63135	0.0404053
18	3.95489	0.57121	9.09918	7.04014	8.44789	7.42349	1.40812	-5.02493	25.5962	1.17298	-12.6808	21.7628	5.64567	-16.4354	26.8046	6.19057	-21.7932	25.1111	1.23796	14.0793	9.9165	1.02663	16.6073	11.433	2.93042	6.32194	-0.195554	1.15968	8.68307	-0.0426441
19	3.94136	0.538915	9.29031	6.87139	8.37013	7.58624	1.4834	-5.11117	24.6216	1.31565	-12.6346	20.7403	5.63258	-16.5947	26.3213	6.10261	-21.8796	24.5406	1.51121	14.3595	10.491	1.26545	16.7295	11.9239	3.00118	6.36746	-0.235175	1.1551	8.73609	-0.119861
20	3.83665	0.425881	9.49169	6.6415	8.22939	7.76878	1.50411	-5.18539	23.6132	1.40989	-12.5216	19.666	5.6005	-16.7817	25.7141	6.04509	-22.0458	23.8383	1.78788	14.7524	10.9602	1.49895	16.9464	12.339	3.09516	6.41735	-0.280924	1.16901	8.79224	-0.197194
21	3.64429	0.242615	9.67017	6.37235	8.04151	7.95255	1.46674	-5.25031	22.5346	1.47308	-12.3911	18.532	5.55332	-16.9246	24.9933	6.0001	-22.1783	23.0246	2.0637	15.1772	11.3377	1.70998	17.1642	12.6877	3.21588	6.4757	-0.333611	1.19575	8.85639	-0.279934
22	3.37715	0.00341871	9.8023	6.08471	7.82418	8.12132	1.37369	-5.31914	21.3721	1.52082	-12.2989	17.3425	5.49243	-16.9435	24.1844	5.95004	-22.1863	22.1296	2.33466	15.5469	11.6395	1.88629	17.3167	12.9789	3.36872	6.54653	-0.394062	1.23299	8.93392	-0.372858
23	3.05393	-0.277978	9.87845	5.79378	7.59072	8.26433	1.23193	-5.40607	20.1332	1.56462	-12.2861	16.1083	5.42101	-16.7927	23.3185	5.88491	-22.0359	21.1833	2.59229	15.8077	11.8836	2.02539	17.3904	13.2199	3.54973	6.63293	-0.463571	1.28023	9.027	-0.479332
24	2.69591	-0.590414	9.90316	5.50551	7.34691	8.37834	1.05167	-5.51838	18.8392	1.60757	-12.3623	14.8423	5.34524	-16.4872	22.4243	5.80713	-21.7523	20.2084	2.82872	15.9621	12.0887	2.1342	17.4122	13.418	3.74431	6.73528	-0.543152	1.33693	9.13602	-0.599781
25	2.32447	-0.924723	9.89177	5.21885	7.09267	8.46775	0.844819	-5.65535	17.5179	1.64435	-12.4967	13.5564	5.27401	-16.0906	21.5231	5.73352	-21.402	19.2173	3.04501	16.058	12.2699	2.22308	17.4188	13.5828	3.93795	6.85106	-0.63228	1.4007	9.26281	-0.730019
26	1.95945	-1.27217	9.86485	4.93379	6.8271	8.54241	0.624072	-5.81036	16.1973	1.66833	-12.6387	12.2627	5.21792	-15.6789	20.6281	5.68726	-21.057	18.2146	3.24702	16.1528	12.4403	2.30062	17.4324	13.7268	4.11966	6.97715	-0.726597	1.46817	9.41023	-0.862629
27	1.61709	-1.62397	9.84135	4.65425	6.55071	8.61219	0.401382	-5.97351	14.8996	1.67634	-12.7417	10.9704	5.18613	-15.3061	19.747	5.68723	-20.767	17.2022	3.44018	16.2799	12.6124	2.37236	17.4571	13.8601	4.2825	7.11156	-0.81911	1.53768	9.57809	-0.992352
28	1.30697	-1.97256	9.83285	4.38388	6.26529	8.68196	0.184748	-6.12967	13.6362	1.66621	-12.7717	9.68086	5.18508	-14.9951	18.8835	5.74467	-20.5591	16.1808	3.631	16.4399	12.793	2.44125	17.4889	13.9893	4.42825	7.25294	-0.905848	1.60892	9.76185	-1.1185
29	1.03178	-2.3122	9.8427	4.12286	5.97436	8.75103	-0.0233397	-6.26327	12.4082	1.63405	-12.7122	8.38898	5.21793	-14.7419	18.0387	5.86356	-20.4463	15.1508	3.82288	16.6123	12.9826	2.50738	17.5241	14.1192	4.563	7.39818	-0.988921	1.67987	9.95825	-1.24236
30	0.790328	-2.63886	9.86871	3.86839	5.68322	8.81699	-0.223378	-6.36869	11.2117	1.57507	-12.5692	7.08991	5.28371	-14.5234	17.2134	6.04096	-20.4317	14.1146	4.00945	16.7696	13.1793	2.56941	17.5628	14.2547	4.68791	7.54337	-1.07502	1.74683	10.1696	-1.36522
31	0.580773	-2.95041	9.90597	3.61848	5.39732	8.88106	-0.415099	-6.45113	10.0403	1.48827	-12.3654	5.78771	5.37767	-14.3164	16.4084	6.26695	-20.5111	13.0809	4.17873	16.8943	13.3797	2.6295	17.6086	14.4001	4.79844	7.68639	-1.17361	1.80817	10.4018	-1.48826
32	0.402248	-3.24667	9.94894	3.37514	5.11967	8.95094	-0.59609	-6.51686	8.8863	1.37983	-12.127	4.49873	5.49431	-14.1203	15.6231	6.52623	-20.6752	12.0662	4.32138	16.9898	13.5795	2.69727	17.6656	14.5594	4.8878	7.82854	-1.2941	1.86784	10.6603	-1.61249
33	0.254261	-3.52953	9.99321	3.14362	4.84881	9.03883	-0.762649	-6.56789	7.74252	1.26139	-11.8714	3.24834	5.62842	-13.9538	14.8559	6.80018	-20.9073	11.0946	4.43366	17.0714	13.7803	2.78678	17.731	14.7372	4.9474	7.97623	-1.43875	1.93336	10.9454	-1.73942
34	0.134668	-3.80324	10.0374	2.93013	4.57894	9.15698	-0.911779	-6.60251	6.60587	1.14627	-11.6073	2.06484	5.77435	-13.838	14.1063	7.06826	-21.1774	10.1952	4.51936	17.1507	13.992	2.90766	17.7909	14.9406	4.97133	8.14054	-1.59953	2.00827	11.2518	-1.87157
35	0.0369142	-4.0746	10.0843	2.73977	4.30178	9.31308	-1.04495	-6.61101	5.47966	1.04625	-11.3387	0.972842	5.92721	-13.7885	13.376	7.30971	-21.4432	9.39901	4.59142	17.2304	14.2251	3.06187	17.8233	15.1797	4.96329	8.33238	-1.76433	2.08955	11.5702	-2.01215
36	-0.0498503	-4.352	10.1397	2.57467	4.00864	9.50755	-1.16933	-6.57511	4.37207	0.968847	-11.0678	-0.0120362	6.08348	-13.8135	12.669	7.50637	-21.661	8.73457	4.66855	17.3042	14.4836	3.24892	17.8079	15.4633	4.93726	8.55796	-1.9255	2.17308	11.8878	-2.16497
37	-0.135571	-4.64201	10.209	2.43318	3.69195	9.73387	-1.29272	-6.47914	3.29157	0.9154	-10.7952	-0.885549	6.23876	-13.9108	11.9917	7.64573	-21.7966	8.22357	4.76781	17.3614	14.764	3.46986	17.7314	15.7949	4.91071	8.81779	-2.08379	2.25869	12.1926	-2.33496
38	-0.224861	-4.94591	10.2935	2.31114	3.34632	9.97979	-1.4189	-6.32029	2.24277	0.881811	-10.5218	-1.65534	6.38691	-14.0674	11.3526	7.72299	-21.831	7.87761	4.89503	17.3909	15.0612	3.72767	17.5906	16.1711	4.89248	9.10868	-2.24723	2.35119	12.477	-2.52851
39	-0.317845	-5.25914	10.3903	2.20397	2.96786	10.2291	-1.54887	-6.1084	1.22547	0.86068	-10.2506	-2.3398	6.52272	-14.265	10.7636	7.74172	-21.7639	7.6971	5.04549	17.384	15.3717	4.0271	17.3961	16.5814	4.88288	9.42565	-2.42905	2.45969	12.739	-2.75294
40	-0.412811	-5.57462	10.4922	2.10918	2.55341	10.4643	-1.68288	-5.86057	0.236857	0.844587	-9.9866	-2.96411	6.64313	-14.4839	10.24	7.71174	-21.6126	7.67311	5.21403	17.3381	15.6908	4.37497	17.1754	17.01	4.88351	9.76249	-2.64504	2.59581	12.9788	-3.0161
41	-0.506561	-5.88632	10.5886	2.02861	2.10066	10.6697	-1.81985	-5.59953	-0.727662	0.829682	-9.73718	-3.55468	6.74498	-14.7044	9.80097	7.64375	-21.404	7.79137	5.40107	17.2585	16.0134	4.78046	16.9685	17.4377	4.90013	10.1116	-2.90963	2.77147	13.1949	-3.32626
42	-0.594772	-6.19252	10.6667	1.96801	1.60969	10.8352	-1.95745	-5.35024	-1.67235	0.81626	-9.51056	-4.13224	6.82327	-14.9062	9.46775	7.54433	-21.162	8.03704	5.61197	17.1597	16.3341	5.25381	16.8157	17.844	4.94004	10.4621	-3.23444	2.99751	13.3805	-3.69202
43	-0.67298	-6.49791	10.7164	1.93465	1.08621	10.96	-2.09317	-5.13319	-2.5965	0.806758	-9.31294	-4.70621	6.87004	-15.0677	9.26149	7.41493	-20.8988	8.39745	5.85392	17.0617	16.6454	5.80292	16.744	18.2094	5.00989	10.7978	-3.6301	3.28339	13.5224	-4.12275
44	-0.735986	-6.81288	10.7344	1.93505	0.544719	11.0524	-2.22377	-4.95974	-3.49122	0.803976	-9.14709	-5.27359	6.87405	-15.1638	9.20183	7.25326	-20.6161	8.86287	6.13609	16.984	16.9354	6.43156	16.7623	18.5147	5.11799	11.0959	-4.10774	3.6381	13.6025	-4.62945
45	-0.777415	-7.14845	10.7243	1.97147	0.00896031	11.1246	-2.3457	-4.83361	-4.34125	0.808281	-9.0122	-5.82476	6.82362	-15.1666	9.30434	7.05538	-20.3108	9.42617	6.46819	16.9398	17.1884	7.13937	16.864	18.7414	5.27605	11.3301	-4.67945	4.0706	13.6013	-5.22602
46	-0.791699	-7.50995	10.6946	2.03695	-0.490132	11.1836	-2.45771	-4.75395	-5.13027	0.812997	-8.90687	-6.35459	6.71119	-15.0522	9.5779	6.81766	-19.9818	10.0815	6.85666	16.9353	17.3856	7.92206	17.0354	18.8711	5.49726	11.4763	-5.35893	4.58844	13.5002	-5.93046
47	-0.777306	-7.89176	10.6537	2.11076	-0.918133	11.2222	-2.56334	-4.71927	-5.84683	0.800389	-8.83545	-6.87311	6.53467	-14.8106	10.0239	6.53649	-19.6336	10.8238	7.30474	16.9732	17.5059	8.77256	17.267	18.8858	5.79484	11.5169	-6.16284	5.19554	13.2838	-6.76572
48	-0.741425	-8.27401	10.6044	2.15551	-1.2434	11.2187	-2.67403	-4.73366	-6.49104	0.73987	-8.81141	-7.40459	6.29497	-14.4477	10.6362	6.20608	-19.2773	11.6498	7.8153	17.058	17.5254	9.68229	17.56	18.7667	6.18201	11.4388	-7.11237	5.89094	12.9413	-7.75952
49	-0.704707	-8.62372	10.5383	2.12207	-1.44447	11.1497	-2.81304	-4.81056	-7.07898	0.594032	-8.85462	-7.9715	5.99407	-13.9832	11.4034	5.81651	-18.9262	12.5614	8.39114	17.1983	17.4173	10.6388	17.923	18.4946	6.67042	11.2328	-8.2338	6.66744	12.4698	-8.94379
50	-0.700556	-8.90277	10.4348	1.96712	-1.51422	11.0088	-3.01445	-4.96865	-7.6399	0.336508	-8.98309	-8.57296	5.63477	-13.4479	12.3134	5.35501	-18.5964	13.5691	9.02711	17.404	17.156	11.6199	18.3652	18.0506	7.26247	10.8962	-9.5595	7.50922	11.8778	-10.3555
51	-0.766991	-9.08173	10.2706	1.67388	-1.45905	10.817	-3.31317	-5.21748	-8.2004	-0.0297222	-9.2012	-9.1718	5.22097	-12.8847	13.3611	4.81103	-18.3117	14.6947	9.69973	17.6846	16.7184	12.5887	18.8905	17.4141	7.9431	10.4368	-11.1309	8.39072	11.1872	-12.0382
52	-0.932593	-9.15088	10.0358	1.25965	-1.2958	10.6181	-3.72783	-5.54571	-8.76269	-0.47021	-9.49001	-9.69869	4.7573	-12.3512	14.5572	4.1835	-18.1085	15.9738	10.3644	18.0487	16.0793	13.4903	19.4952	16.5613	8.68054	9.87529	-13.0006	9.27761	10.4321	-14.0452
53	-1.20405	-9.11994	9.74491	0.766791	-1.04911	10.4575	-4.24727	-5.92204	-9.29083	-0.935285	-9.81173	-10.0721	4.24758	-11.9164	15.9308	3.4872	-18.0293	17.4572	10.961	18.5059	15.2048	14.247	20.1709	15.4613	9.43469	9.24504	-15.2331	10.127	9.65431	-16.4448
54	-1.56562	-9.01014	9.43354	0.244983	-0.749114	10.3591	-4.83258	-6.30652	-9.71389	-1.38447	-10.128	-10.2226	3.69182	-11.6507	17.5277	2.75656	-18.1118	19.2086	11.42	19.0661	14.0501	14.7564	20.9071	14.0757	10.1628	8.58553	-17.9001	10.8882	8.90292	-19.3196
55	-1.99109	-8.84549	9.14242	-0.268986	-0.42811	10.3137	-5.43467	-6.66597	-9.94443	-1.80878	-10.4188	-10.1078	3.08365	-11.6115	19.4041	2.04299	-18.3829	21.2943	11.6643	19.7322	12.5702	14.8988	21.6971	12.3595	10.8183	7.93841	-21.072	11.5083	8.23164	-22.7571
56	-2.45784	-8.64682	8.89815	-0.761111	-0.117269	10.2879	-6.01621	-6.98753	-9.90334	-2.23427	-10.686	-9.7147	2.41325	-11.8238	21.6191	1.39928	-18.8618	23.7589	11.6065	20.4833	10.7444	14.5569	22.5473	10.2662	11.345	7.34745	-24.8012	11.9413	7.68275	-26.831
57	-2.95519	-8.4315	8.70263	-1.23149	0.155187	10.2421	-6.56797	-7.27749	-9.5418	-2.69835	-10.9382	-9.05711	1.67675	-12.269	24.2221	0.852923	-19.5482	26.5981	11.1537	21.2638	8.60243	13.6485	23.4632	7.76981	11.6762	6.85352	-29.1001	12.1626	7.26645	-31.5665
58	-3.48297	-8.21653	8.53681	-1.67918	0.364709	10.145	-7.10645	-7.54529	-8.85233	-3.2173	-11.1746	-8.17029	0.879622	-12.8861	27.2356	0.384086	-20.3901	29.7508	10.2489	21.9925	6.23238	12.1808	24.4092	4.90392	11.7613	6.47848	-33.9179	12.1928	6.95268	-36.8937
59	-4.04117	-8.02107	8.37439	-2.0952	0.491195	9.98187	-7.65012	-7.78611	-7.866	-3.77054	-11.3835	-7.09914	0.0279739	-13.5877	30.6381	-0.0740759	-21.2519	33.1211	8.93881	22.5842	3.75207	10.3219	25.2786	1.79112	11.6191	6.21462	-39.1276	12.1284	6.68255	-42.6006
60	-4.61856	-7.86697	8.19522	-2.46769	0.521477	9.75812	-8.19495	-7.9764	-6.63759	-4.31226	-11.5548	-5.88166	-0.878636	-14.2762	34.3582	-0.606071	-21.9199	36.6157	7.39492	22.9552	1.25417	8.42882	25.9058	-1.35599	11.3598	6.03973	-44.5477	12.1384	6.39579	-48.3214
61	-5.18933	-7.77473	7.99303	-2.79122	0.454433	9.49944	-8.70931	-8.08886	-5.22461	-4.79871	-11.6949	-4.53691	-1.84134	-14.8485	38.2818	-1.27239	-22.1734	40.1644	5.84234	22.9992	-1.23125	6.93948	26.1291	-4.25153	11.1366	5.95459	-49.9939	12.3774	6.06718	-53.5939
62	-5.72042	-7.75711	7.77694	-3.0703	0.305681	9.24531	-9.14944	-8.11245	-3.67145	-5.20744	-11.8336	-3.06462	-2.85003	-15.2065	42.2713	-2.08819	-21.9182	43.7109	4.49952	22.576	-3.7155	6.14404	25.8928	-6.5649	11.0985	6.01549	-55.2914	12.8502	5.73298	-57.9794
63	-6.18279	-7.81317	7.56706	-3.31503	0.106046	9.03828	-9.47909	-8.06413	-2.00569	-5.53803	-12.0117	-1.45542	-3.88158	-15.2826	46.1933	-3.02956	-21.2888	47.1871	3.59031	21.5732	-6.16324	6.00137	25.3141	-7.99221	11.38	6.31186	-60.2153	13.3569	5.47928	-61.1831
64	-6.5586	-7.92596	7.38738	-3.53245	-0.106077	8.9124	-9.67952	-7.98625	-0.242501	-5.80105	-12.2595	0.296469	-4.91066	-15.0789	49.9409	-4.04563	-20.594	50.501	3.2933	20.0262	-8.38617	6.16293	24.6311	-8.37967	12.0297	6.89053	-64.4453	13.5837	5.39012	-63.1237
65	-6.84102	-8.06748	7.25932	-3.71906	-0.293114	8.88438	-9.7475	-7.93	1.60847	-6.00738	-12.5864	2.18416	-5.92066	-14.7006	53.4391	-5.06816	-20.1282	53.5493	3.57538	18.1899	-10.0324	6.24242	24.0548	-7.82495	12.8792	7.69791	-67.6266	13.3208	5.50842	-63.9248
66	-7.02959	-8.20748	7.19671	-3.86002	-0.424961	8.95152	-9.68794	-7.93846	3.53628	-6.16296	-12.9835	4.185	-6.90114	-14.3305	56.631	-6.02645	-20.021	56.2472	4.08566	16.4588	-10.7494	6.10011	23.6628	-6.64227	13.52	8.5849	-69.5279	12.6314	5.84194	-63.8262
67	-7.12505	-8.31872	7.20323	-3.935	-0.482567	9.09508	-9.50836	-8.0388	5.5214	-6.26736	-13.4272	6.25968	-7.83677	-14.1434	59.4598	-6.8575	-20.2323	58.5478	4.33407	15.1801	-10.4176	5.84123	23.4099	-5.19698	13.5236	9.37369	-70.1628	11.7731	6.37407	-63.0787
68	-7.12766	-8.37921	7.27341	-3.92637	-0.457979	9.28498	-9.21896	-8.23565	7.53278	-6.31569	-13.8824	8.35282	-8.69737	-14.2363	61.8665	-7.50681	-20.6417	60.4351	4.0607	14.5147	-9.23226	5.61913	23.2117	-3.75247	12.7653	9.95276	-69.7509	10.9858	7.05999	-61.8747
69	-7.0405	-8.3749	7.39606	-3.8258	-0.352963	9.48568	-8.83693	-8.5065	9.53309	-6.30389	-14.3099	10.3992	-9.43599	-14.6177	63.8043	-7.93113	-21.1363	61.9069	3.40569	14.4257	-7.57777	5.49362	23.0204	-2.41855	11.522	10.3263	-68.5715	10.3608	7.8269	-60.329
70	-6.87363	-8.30176	7.55627	-3.63667	-0.177195	9.66401	-8.3888	-8.80973	11.487	-6.23402	-14.6794	12.3386	-10.0004	-15.2342	65.2522	-8.11059	-21.6459	62.9644	2.72843	14.7549	-5.83918	5.42233	22.8482	-1.18776	10.2547	10.5799	-66.8566	9.84797	8.58839	-58.497
71	-6.64492	-8.16637	7.73612	-3.37194	0.0557297	9.7966	-7.9072	-9.09817	13.3663	-6.11627	-14.9793	14.1302	-10.3492	-16.0024	66.2191	-8.05711	-22.1385	63.6134	2.31233	15.3155	-4.27347	5.33375	22.7413	-0.0113784	9.30654	10.8083	-64.7663	9.34939	9.26902	-56.4058
72	-6.37623	-7.98336	7.91708	-3.05014	0.332571	9.8737	-7.42382	-9.32953	15.1518	-5.9674	-15.2135	15.7605	-10.4617	-16.8336	66.7367	-7.80744	-22.6058	63.8697	2.21953	15.9585	-2.97367	5.19837	22.7409	1.13905	8.76098	11.0655	-62.4031	8.80851	9.82691	-54.0744
73	-6.0884	-7.76967	8.0831	-2.69203	0.642253	9.8992	-6.96451	-9.47419	16.8316	-5.80737	-15.3885	17.2408	-10.3412	-17.648	66.8469	-7.4053	-23.0524	63.7606	2.34343	16.593	-1.90978	5.04262	22.8577	2.25401	8.50151	11.3575	-59.8291	8.23488	10.2613	-51.5235
74	-5.7967	-7.53836	8.22355	-2.31874	0.975233	9.88791	-6.54677	-9.52094	18.4005	-5.6564	-15.5027	18.5998	-10.0102	-18.3766	66.591	-6.88502	-23.4862	63.3227	2.53759	17.1678	-1.00132	4.91419	23.0659	3.30281	8.35511	11.662	-57.0794	7.67175	10.6032	-48.7795
75	-5.50734	-7.29533	8.33534	-1.95096	1.32203	9.86077	-6.17705	-9.47604	19.8589	-5.53328	-15.5403	19.8731	-9.50279	-18.9643	66.005	-6.26343	-23.9124	62.596	2.7018	17.6463	-0.173879	4.84231	23.311	4.25703	8.19334	11.9541	-54.172	7.15389	10.8994	-45.8761
76	-5.21991	-7.04097	8.42289	-1.60636	1.67317	9.83748	-5.85299	-9.35076	21.2132	-5.45206	-15.481	21.0916	-8.85096	-19.3802	65.1185	-5.54703	-24.3306	61.6166	2.79621	17.9986	0.619176	4.82325	23.5253	5.1041	7.95493	12.2214	-51.1167	6.68787	11.1982	-42.8498
77	-4.93447	-6.7745	8.49565	-1.2949	2.021	9.8296	-5.57022	-9.1492	22.4766	-5.41687	-15.3213	22.2727	-8.07795	-19.6255	63.9576	-4.75039	-24.7343	60.4114	2.81869	18.2063	1.39882	4.83078	23.6464	5.84769	7.62521	12.4647	-47.92	6.25773	11.5402	-39.7324
78	-4.65468	-6.49641	8.56333	-1.01872	2.35994	9.84016	-5.32581	-8.87151	23.6649	-5.42248	-15.0815	23.4211	-7.20326	-19.732	62.5446	-3.90266	-25.1112	58.997	2.78284	18.2718	2.16683	4.83239	23.6305	6.50017	7.21376	12.6921	-44.5899	5.83912	11.9522	-36.547
79	-4.38459	-6.20878	8.63133	-0.775951	2.68605	9.86679	-5.11656	-8.52431	24.7883	-5.45957	-14.7944	24.5331	-6.25063	-19.7512	60.8955	-3.04009	-25.4469	57.3808	2.70886	18.2182	2.91035	4.79626	23.4577	7.07703	6.74368	12.9137	-41.1385	5.40549	12.4423	-33.3088
80	-4.12437	-5.91537	8.69938	-0.564407	2.99706	9.90454	-4.93575	-8.12668	25.8459	-5.51972	-14.4924	25.5989	-5.25079	-19.7347	59.0171	-2.19617	-25.7243	55.5636	2.62034	18.0744	3.60776	4.69501	23.1284	7.59408	6.24633	13.1412	-37.5797	4.93117	13.0004	-30.0266
81	-3.87093	-5.62167	8.76536	-0.383249	3.29268	9.94803	-4.77322	-7.70641	26.83	-5.59775	-14.1983	26.606	-4.23754	-19.7163	56.9086	-1.39476	-25.923	53.5419	2.53581	17.86	4.23558	4.51276	22.6547	8.06277	5.75205	13.3861	-33.9298	4.40027	13.6012	-26.7039
82	-3.6221	-5.33317	8.83057	-0.232193	3.57455	9.99306	-4.61976	-7.29379	27.7343	-5.69135	-13.9241	27.54	-3.24244	-19.7041	54.5662	-0.647395	-26.0206	51.3093	2.46293	17.5795	4.77381	4.24893	22.0561	8.48273	5.2833	13.6557	-30.2067	3.81565	14.2075	-23.3421
83	-3.37986	-5.05289	8.90246	-0.109613	3.84659	10.0382	-4.47226	-6.91787	28.5596	-5.80024	-13.6735	28.3872	-2.29138	-19.6827	51.9865	0.0465591	-25.9974	48.8573	2.40147	17.23	5.2097	3.91808	21.3594	8.83885	4.85427	13.9482	-26.4252	3.20155	14.7752	-19.944
84	-3.14945	-4.77971	8.99291	-0.00977813	4.11551	10.0861	-4.33507	-6.60118	29.3116	-5.92429	-13.4494	29.1371	-1.3992	-19.6245	49.1666	0.695578	-25.8428	46.1782	2.34407	16.8116	5.53956	3.54363	20.6036	9.10755	4.46875	14.2492	-22.5952	2.59455	15.255	-16.5144
85	-2.93682	-4.50824	9.11405	0.0778575	4.39011	10.1423	-4.21848	-6.35208	29.9952	-6.06163	-13.2576	29.7839	-0.56348	-19.5081	46.1032	1.31162	-25.5638	43.2681	2.28011	16.3406	5.76723	3.15055	19.8482	9.26322	4.12262	14.5293	-18.7213	2.03261	15.5923	-13.0617
86	-2.74677	-4.23017	9.27334	0.163692	4.67753	10.2122	-4.13638	-6.16527	30.6094	-6.20988	-13.1031	30.3246	0.231975	-19.336	42.7952	1.90776	-25.1931	40.1283	2.20871	15.8619	5.89802	2.76851	19.1754	9.27859	3.81624	14.7458	-14.8042	1.5561	15.7335	-9.59835
87	-2.58152	-3.93667	9.47096	0.252255	4.97872	10.2969	-4.10243	-6.03073	31.1467	-6.36725	-12.986	30.7561	1.00553	-19.1388	39.248	2.49407	-24.7843	36.767	2.14833	15.4488	5.93221	2.43649	18.6743	9.12955	3.56454	14.8486	-10.8463	1.20864	15.6379	-6.13687
88	-2.43953	-3.62026	9.70045	0.343156	5.28854	10.3932	-4.12502	-5.94194	31.5957	-6.52978	-12.907	31.075	1.76804	-18.9598	35.4791	3.07026	-24.391	33.2029	2.1301	15.1817	5.86755	2.19468	18.4169	8.80515	3.39172	14.7916	-6.85627	1.02564	15.2853	-2.68907
89	-2.31659	-3.27558	9.94969	0.435097	5.60014	10.4943	-4.20481	-5.90219	31.9439	-6.69009	-12.872	31.2797	2.51676	-18.8283	31.5196	3.6246	-24.0409	29.4682	2.17691	15.1163	5.71076	2.06756	18.432	8.31363	3.31112	14.5422	-2.8495	1.01908	14.6779	0.730175
90	-2.20834	-2.89858	10.2022	0.52615	5.90835	10.5903	-4.33674	-5.92144	32.1792	-6.84162	-12.8836	31.3677	3.2398	-18.7399	27.4143	4.14448	-23.7222	25.6087	2.2833	15.2628	5.4853	2.05002	18.6916	7.68357	3.3082	14.0843	1.15018	1.16914	13.8351	4.09787
91	-2.11304	-2.48575	10.4401	0.613113	6.21198	10.6687	-4.51607	-6.0011	32.2931	-6.98455	-12.9333	31.337	3.93098	-18.6571	23.2244	4.62797	-23.3922	21.6877	2.41364	15.5779	5.22848	2.11056	19.1159	6.96347	3.34485	13.419	5.10563	1.43082	12.7904	7.38158
92	-2.033	-2.03453	10.6477	0.691593	6.51564	10.7192	-4.74387	-6.12672	32.2866	-7.12899	-12.9997	31.1924	4.598	-18.5262	19.0375	5.08957	-23.0134	17.7949	2.52321	15.9721	4.98345	2.22357	19.5972	6.21531	3.38469	12.5719	8.96263	1.76692	11.6012	10.5444
93	-1.9737	-1.54492	10.8156	0.755659	6.82919	10.7378	-5.02674	-6.2667	32.1767	-7.29364	-13.0522	30.9537	5.26079	-18.3202	14.9793	5.55631	-22.6039	14.0545	2.60241	16.3421	4.78537	2.41497	20.0386	5.49896	3.43587	11.6043	12.6496	2.19509	10.3628	13.5493
94	-1.9421	-1.02279	10.9434	0.798263	7.1635	10.728	-5.37078	-6.37531	32.0014	-7.49836	-13.0566	30.6608	5.93947	-18.0955	11.2184	6.05404	-22.2739	10.6298	2.72168	16.6287	4.64561	2.78496	20.3942	4.85691	3.58826	10.6171	16.0798	2.81141	9.21447	16.3543
95	-1.94453	-0.482928	11.0389	0.813189	7.524	10.6982	-5.77171	-6.40365	31.8204	-7.75272	-12.9859	30.3745	6.63346	-18.0058	7.95649	6.58635	-22.2022	7.71905	3.02744	16.8603	4.55138	3.47986	20.6867	4.31215	3.99447	9.73329	19.1545	3.75512	8.31683	18.9034
96	-1.98268	0.0507439	11.1136	0.798107	7.9051	10.657	-6.2031	-6.31713	31.7065	-8.04603	-12.8345	30.168	7.30386	-18.2328	5.40402	7.11851	-22.538	5.53244	3.66767	17.1388	4.48086	4.60424	20.9875	3.87423	4.78307	9.05718	21.7644	5.11042	7.79067	21.1137
97	-2.04821	0.547483	11.174	0.759769	8.28683	10.6078	-6.61131	-6.11612	31.7238	-8.34209	-12.6276	30.1033	7.87603	-18.8587	3.73977	7.58401	-23.288	4.24309	4.66658	17.5702	4.41762	6.09363	21.3735	3.54413	5.93786	8.62574	23.7842	6.78182	7.64681	22.8577
98	-2.11939	0.973431	11.2125	0.719257	8.63661	10.5432	-6.92518	-5.8453	31.8958	-8.58097	-12.422	30.1944	8.27019	-19.7875	3.06507	7.91363	-24.2968	3.92505	5.83132	18.189	4.35401	7.65084	21.8875	3.31842	7.23065	8.39091	25.0638	8.45237	7.77299	23.9578
99	-2.15927	1.29736	11.2076	0.711524	8.91738	10.443	-7.07278	-5.57909	32.1852	-8.69031	-12.2844	30.3806	8.43899	-20.788	3.36414	8.06644	-25.344	4.50752	6.79266	18.9225	4.2812	8.85844	22.5085	3.18136	8.29475	8.25842	25.4413	9.72238	8.0094	24.2259
100	-2.12048	1.49792	11.1366	0.776071	9.10003	10.2829	-6.99898	-5.38349	32.5052	-8.60701	-12.2583	30.5474	8.38529	-21.6196	4.49175	8.04255	-26.2474	5.78588	7.21094	19.6019	4.15084	9.42306	23.1244	3.06991	8.84852	8.16307	24.7918	10.367	8.26037	23.5418
