Time	RPelvisAngleX	RPelvisAngleY	RPelvisAngleZ	LPelvisAngleX	LPelvisAngleY	LPelvisAngleZ	RHipAngleX	RHipAngleY	RHipAngleZ	LHipAngleX	LHipAngleY	LHipAngleZ	RKneeAngleX	RKneeAngleY	RKneeAngleZ	LKneeAngleX	LKneeAngleY	LKneeAngleZ	RAnkleAngleX	RAnkleAngleY	RAnkleAngleZ	LAnkleAngleX	LAnkleAngleY	LAnkleAngleZ	RFootAngleX	RFootAngleY	RFootAngleZ	LFootAngleX	LFootAngleY	LFootAngleZ
0	2.51268	5.28345	13.7129	-0.371184	0.659428	13.7973	-2.09403	-4.02087	30.2741	-1.61624	-8.14657	30.6326	4.6978	-35.513	2.87267	1.98561	-15.8299	0.992391	14.6391	24.1932	2.31992	2.8414	18.02	4.49454	13.8123	10.8376	23.9204	1.92818	5.62312	21.4069
1	2.79211	5.61135	13.6425	-0.118986	0.84135	13.7738	-1.83168	-4.17325	29.905	-1.24854	-8.21826	30.6826	4.73038	-36.084	3.55347	1.53853	-15.6388	2.75734	14.5026	24.2398	2.39572	2.77106	17.3251	3.84742	13.7381	11.103	22.9345	2.1826	5.93677	19.0367
2	3.13149	5.86211	13.5571	0.190261	0.940762	13.7521	-1.43849	-4.32812	29.5775	-0.799917	-8.20649	30.6587	4.74195	-35.912	4.59065	1.13106	-15.4357	4.34691	13.8944	23.1952	2.17934	2.7212	16.303	2.57839	13.5631	11.7032	20.9914	2.67982	6.50328	16.1967
3	3.5402	6.03811	13.4743	0.57364	0.97064	13.7265	-0.958923	-4.38718	29.2137	-0.295482	-8.06041	30.5375	4.7886	-35.2598	5.55935	0.809567	-15.3271	5.61673	13.181	21.3533	1.43605	2.73461	15.2932	1.02073	13.6651	12.551	18.4714	3.29888	7.01788	13.3378
4	4.01486	6.14178	13.4037	1.028	0.948268	13.6694	-0.443336	-4.29365	28.7759	0.239146	-7.81924	30.351	4.87525	-34.4745	6.22622	0.561853	-15.2082	6.72988	12.5617	19.3897	0.319569	2.72113	14.5307	-0.380773	13.9969	13.2644	15.8462	3.77886	7.17587	10.73
5	4.53613	6.17529	13.3364	1.52484	0.893175	13.5504	0.0677917	-4.06457	28.2838	0.780999	-7.56733	30.1536	4.99788	-33.7662	6.65687	0.350033	-14.9221	7.95533	11.9415	17.934	-0.736573	2.66085	14.0279	-1.42016	14.1773	13.434	13.4374	4.04017	6.90012	8.37011
6	5.07854	6.13972	13.2593	2.02318	0.829437	13.3619	0.563068	-3.76763	27.8016	1.31404	-7.3702	29.9836	5.17098	-33.1741	7.1014	0.142762	-14.4245	9.43635	11.2058	17.2194	-1.42358	2.47461	13.6549	-2.015	13.9828	12.957	11.3205	4.00953	6.34287	6.21356
7	5.62271	6.03816	13.1734	2.49151	0.784866	13.129	1.06687	-3.46678	27.3906	1.83556	-7.23874	29.8368	5.39162	-32.6424	7.76475	-0.07452	-13.8101	11.1047	10.3509	17.0452	-1.59386	1.99501	13.2639	-2.08635	13.4062	12.0708	9.50217	3.5345	5.74481	4.33107
8	6.16083	5.88376	13.093	2.91784	0.782756	12.8967	1.62124	-3.18761	27.0615	2.35491	-7.14113	29.6695	5.61993	-32.0634	8.66489	-0.306083	-13.2161	12.7649	9.44569	16.9631	-1.19838	1.21975	12.7605	-1.63854	12.5332	11.1443	8.03129	2.63307	5.29072	2.84453
9	6.69016	5.70495	13.0305	3.29979	0.835137	12.7041	2.2511	-2.92441	26.7605	2.87714	-7.03872	29.4305	5.79965	-31.3356	9.64709	-0.551647	-12.6843	14.2461	8.57786	16.5939	-0.35155	0.3275	12.1144	-0.781104	11.5107	10.4221	6.92142	1.51297	5.00828	1.79963
10	7.19899	5.54331	12.9842	3.63232	0.942591	12.5651	2.93888	-2.6683	26.399	3.39007	-6.91757	29.0879	5.90181	-30.4723	10.5038	-0.805823	-12.1809	15.4663	7.71187	15.872	0.721906	-0.51119	11.3647	0.32529	10.4124	9.92808	6.08147	0.387488	4.81549	1.13896
11	7.66239	5.44139	12.9384	3.90675	1.09896	12.4724	3.63418	-2.42642	25.9033	3.86582	-6.78882	28.6342	5.93936	-29.663	11.0953	-1.05172	-11.7473	16.4123	6.74997	15.025	1.81503	-1.19755	10.6273	1.52505	9.24248	9.59774	5.39336	-0.594139	4.66126	0.757049
12	8.05159	5.42679	12.876	4.11329	1.29337	12.4128	4.28464	-2.21772	25.2476	4.26968	-6.66136	28.0741	5.93684	-29.148	11.3922	-1.26028	-11.5189	17.1043	5.68698	14.3333	2.80602	-1.68257	10.0569	2.71041	8.03604	9.40473	4.7887	-1.34907	4.5547	0.551546
13	8.34613	5.50347	12.7898	4.24413	1.50956	12.3746	4.8554	-2.0573	24.4523	4.57219	-6.52595	27.4116	5.90358	-29.005	11.4468	-1.40057	-11.6131	17.5666	4.61074	13.9072	3.66482	-1.96472	9.77931	3.82667	6.8641	9.34307	4.24435	-1.86862	4.5041	0.445354
14	8.53844	5.65263	12.6836	4.29655	1.72638	12.3466	5.32774	-1.94265	23.561	4.75972	-6.37006	26.6469	5.8408	-29.0916	11.3417	-1.45563	-12.0412	17.8181	3.62399	13.6571	4.41837	-2.07732	9.8325	4.85044	5.79685	9.37809	3.75945	-2.19392	4.49627	0.388929
15	8.63053	5.83996	12.5694	4.27104	1.9199	12.3165	5.69089	-1.85542	22.6172	4.8356	-6.19973	25.7821	5.75746	-29.1736	11.1507	-1.434	-12.685	17.8817	2.79607	13.4168	5.10541	-2.06275	10.1441	5.77456	4.88473	9.45109	3.34133	-2.37584	4.51261	0.355224
16	8.62959	6.02618	12.4621	4.16866	2.06932	12.2764	5.9396	-1.77408	21.6519	4.81159	-6.0384	24.8325	5.6726	-29.1011	10.9221	-1.36286	-13.3459	17.7937	2.16568	13.0912	5.7505	-1.96324	10.5653	6.60192	4.16301	9.51533	2.99832	-2.45738	4.53822	0.331024
17	8.54666	6.17727	12.3739	3.99104	2.16107	12.2271	6.07827	-1.68356	20.6818	4.70045	-5.91142	23.8278	5.60593	-28.8871	10.6773	-1.27081	-13.8324	17.5961	1.7508	12.7197	6.36329	-1.82083	10.9411	7.34055	3.64999	9.55266	2.7341	-2.47176	4.56399	0.309326
18	8.39548	6.27082	12.312	3.74407	2.18955	12.1778	6.12317	-1.57226	19.7135	4.51585	-5.83118	22.801	5.56732	-28.645	10.4185	-1.17503	-14.0374	17.3224	1.54061	12.4111	6.94909	-1.67094	11.1745	7.99922	3.33168	9.5657	2.54357	-2.4419	4.58689	0.285812
19	8.18954	6.29784	12.2775	3.4416	2.15571	12.1392	6.09843	-1.43165	18.7497	4.27592	-5.7972	21.7748	5.55331	-28.4763	10.1417	-1.08135	-13.9757	16.9885	1.48777	12.2426	7.51373	-1.53099	11.2657	8.58563	3.15706	9.56691	2.41067	-2.38079	4.60968	0.25792
20	7.93992	6.2608	12.2666	3.10521	2.06474	12.1153	6.02901	-1.26244	17.7933	4.00486	-5.7974	20.7521	5.55116	-28.4215	9.84808	-0.9886	-13.7721	16.595	1.52771	12.2281	8.06123	-1.397	11.3041	9.10884	3.06115	9.57083	2.31162	-2.29593	4.63995	0.225347
21	7.6553	6.16981	12.2715	2.75883	1.92339	12.1016	5.93536	-1.07227	16.8476	3.72939	-5.81075	19.7214	5.5467	-28.4729	9.5476	-0.893189	-13.5856	16.1374	1.60506	12.3366	8.59437	-1.25588	11.4005	9.58028	2.99038	9.59065	2.22307	-2.19571	4.6884	0.18924
22	7.34327	6.0385	12.2819	2.42067	1.73802	12.0888	5.83108	-0.87914	15.917	3.47144	-5.81655	18.67	5.52875	-28.5849	9.2595	-0.795057	-13.5207	15.6174	1.68506	12.5136	9.11803	-1.10122	11.6161	10.0126	2.9122	9.6349	2.12881	-2.09282	4.76365	0.150448
23	7.01134	5.87903	12.2875	2.09925	1.51566	12.0694	5.72376	-0.712843	15.0075	3.24242	-5.8038	17.5942	5.48962	-28.6873	9.0111	-0.700214	-13.5947	15.0486	1.75681	12.7034	9.64007	-0.936387	11.9454	10.419	2.81663	9.7037	2.02242	-2.00103	4.86598	0.109035
24	6.66649	5.6975	12.28	1.79417	1.26509	12.0431	5.61716	-0.606965	14.127	3.04127	-5.77625	16.5047	5.4238	-28.7106	8.83279	-0.618649	-13.7513	14.4544	1.82988	12.869	10.1719	-0.7675	12.3354	10.8113	2.70971	9.78995	1.90736	-1.92799	4.9856	0.0643139
25	6.31468	5.49311	12.2559	1.49921	0.995402	12.0168	5.51238	-0.577037	13.2828	2.85683	-5.74899	15.4234	5.32943	-28.6206	8.74762	-0.558632	-13.8959	13.8617	1.92594	12.9998	10.7252	-0.599085	12.7135	11.1966	2.6047	9.88434	1.79257	-1.87148	5.10771	0.0147511
26	5.96101	5.26176	12.2182	1.20763	0.71455	11.999	5.40885	-0.61162	12.4786	2.67394	-5.73388	14.3704	5.20851	-28.4311	8.76283	-0.519149	-13.946	13.2905	2.07025	13.1084	11.3062	-0.434789	13.0155	11.5768	2.51707	9.97919	1.68612	-1.82268	5.22144	-0.0410275
27	5.61007	5.0017	12.1742	0.918336	0.430418	11.9967	5.30557	-0.682512	11.7147	2.48173	-5.73317	13.3573	5.06552	-28.1873	8.86825	-0.488464	-13.8741	12.7479	2.28322	13.2147	11.9115	-0.278567	13.2144	11.9509	2.46087	10.0713	1.59124	-1.77393	5.32437	-0.104367
28	5.26591	4.71763	12.1326	0.636893	0.15007	12.0136	5.20209	-0.758223	10.9862	2.27786	-5.7403	12.3845	4.90681	-27.9338	9.03825	-0.45065	-13.7123	12.2308	2.56629	13.3258	12.5281	-0.136647	13.3276	12.3178	2.44166	10.1615	1.50341	-1.72654	5.42002	-0.177894
29	4.93197	4.42121	12.0985	0.370817	-0.122343	12.0483	5.09932	-0.816034	10.2831	2.0668	-5.74514	11.4439	4.73856	-27.6959	9.23916	-0.394704	-13.5213	11.7322	2.89571	13.4334	13.1376	-0.0157679	13.3975	12.679	2.45015	10.2496	1.41025	-1.69049	5.51298	-0.26486
30	4.61044	4.12865	12.0721	0.124826	-0.385989	12.0956	4.99845	-0.847833	9.59143	1.85523	-5.74151	10.5249	4.56459	-27.4803	9.44134	-0.319362	-13.3483	11.2477	3.22683	13.5222	13.729	0.0842739	13.4608	13.0382	2.45728	10.3346	1.29614	-1.67316	5.6058	-0.366493
31	4.2998	3.85423	12.0525	-0.100669	-0.641815	12.1521	4.89731	-0.852168	8.90076	1.64855	-5.7291	9.6217	4.38762	-27.29	9.62743	-0.23155	-13.2079	10.7778	3.51187	13.5807	14.3024	0.17516	13.531	13.3976	2.42455	10.4169	1.14793	-1.6692	5.6986	-0.482035
32	3.99645	3.6073	12.0415	-0.307254	-0.88846	12.2188	4.79122	-0.831604	8.20886	1.45	-5.71234	8.73631	4.21074	-27.1316	9.79328	-0.140448	-13.0862	10.3267	3.72108	13.6082	14.8636	0.273569	13.5979	13.755	2.32466	10.4978	0.95797	-1.6627	5.79019	-0.610982
33	3.6975	3.39191	12.044	-0.497377	-1.1219	12.3015	4.67579	-0.793801	7.52204	1.26014	-5.69428	7.87667	4.0369	-27.0072	9.94479	-0.0516279	-12.962	9.89907	3.85506	13.6109	15.4191	0.388466	13.6401	14.1079	2.15622	10.5772	0.72779	-1.64092	5.88024	-0.753796
34	3.40129	3.20704	12.0678	-0.674407	-1.33796	12.4084	4.54807	-0.746598	6.85186	1.07681	-5.6733	7.05191	3.86869	-26.9105	10.0917	0.0342393	-12.8301	9.49885	3.94672	13.5907	15.9734	0.516807	13.6463	14.457	1.94855	10.6562	0.470495	-1.60382	5.97026	-0.912444
35	3.10859	3.04885	12.1214	-0.83978	-1.5323	12.5457	4.40794	-0.696658	6.21071	0.898228	-5.64607	6.2673	3.7084	-26.8273	10.2419	0.119976	-12.7057	9.12769	4.04649	13.5407	16.5261	0.65097	13.6232	14.8036	1.75067	10.7389	0.204728	-1.55932	6.0623	-1.09096
36	2.82422	2.9136	12.2122	-0.990426	-1.70034	12.7139	4.25929	-0.650834	5.60645	0.725945	-5.61207	5.52012	3.55883	-26.7429	10.3967	0.20991	-12.6108	8.78433	4.19307	13.4538	17.0709	0.787739	13.5863	15.1469	1.60439	10.8297	-0.0585214	-1.51234	6.15819	-1.29401
37	2.55657	2.7981	12.3439	-1.12132	-1.84285	12.9048	4.1088	-0.613911	5.0384	0.563751	-5.57203	4.79779	3.42571	-26.6582	10.549	0.307248	-12.5602	8.46578	4.40057	13.3372	17.5954	0.931858	13.5511	15.4811	1.52965	10.9325	-0.321587	-1.45907	6.25944	-1.52672
38	2.31525	2.69845	12.5144	-1.22899	-1.96854	13.1023	3.96365	-0.585441	4.49596	0.415313	-5.52717	4.08222	3.31805	-26.5962	10.685	0.4117	-12.5626	8.17152	4.66939	13.2157	18.0836	1.09562	13.5361	15.7968	1.53092	11.0522	-0.594674	-1.38864	6.36599	-1.79601
39	2.10875	2.60966	12.714	-1.31404	-2.09204	13.2887	3.83011	-0.563619	3.95956	0.28183	-5.47985	3.35787	3.24441	-26.5836	10.7906	0.517896	-12.6181	7.90743	4.99697	13.1205	18.5197	1.29581	13.5616	16.0838	1.607	11.1916	-0.889701	-1.28742	6.47402	-2.10963
40	1.94181	2.52501	12.9256	-1.38137	-2.22927	13.4497	3.71158	-0.547714	3.40549	0.160765	-5.43385	2.61959	3.20871	-26.6289	10.8581	0.615721	-12.7139	7.68866	5.37721	13.0734	18.8909	1.54814	13.6422	16.3352	1.75269	11.347	-1.21897	-1.144	6.57456	-2.47528
41	1.81243	2.43426	13.1295	-1.44082	-2.39549	13.5786	3.60593	-0.537228	2.81408	0.0436829	-5.39456	1.87581	3.20726	-26.7209	10.8933	0.691904	-12.8236	7.53992	5.79836	13.0885	19.19	1.86303	13.7835	16.5481	1.95558	11.5046	-1.59717	-0.952262	6.65467	-2.9014
42	1.71176	2.3236	13.3078	-1.50611	-2.60967	13.6748	3.50547	-0.532778	2.17697	-0.0825064	-5.3659	1.14655	3.22759	-26.8324	10.9191	0.730753	-12.91	7.493	6.24948	13.1763	19.4132	2.24434	13.9828	16.7214	2.20118	11.6404	-2.04172	-0.711618	6.70088	-3.39897
43	1.62621	2.1764	13.4489	-1.58957	-2.89281	13.7415	3.39874	-0.536738	1.50168	-0.230074	-5.35069	0.456843	3.24977	-26.9228	10.9745	0.716329	-12.9326	7.58095	6.73308	13.3401	19.559	2.69025	14.2315	16.8528	2.48657	11.7257	-2.56822	-0.424642	6.70328	-3.98187
44	1.54097	1.97573	13.5511	-1.69794	-3.25699	13.7826	3.2734	-0.554287	0.812614	-0.407576	-5.35191	-0.171367	3.25034	-26.9441	11.1081	0.637929	-12.863	7.83016	7.2644	13.5753	19.6268	3.19514	14.519	16.9375	2.82144	11.7346	-3.18835	-0.0939414	6.65818	-4.66608
45	1.44435	1.70898	13.6218	-1.83217	-3.69403	13.8025	3.12007	-0.593416	0.145791	-0.620203	-5.373	-0.72418	3.20742	-26.8555	11.3677	0.493657	-12.7033	8.25425	7.86319	13.874	19.6138	3.75241	14.8419	16.9653	3.22227	11.6501	-3.9121	0.279443	6.567	-5.4689
46	1.32945	1.3728	13.674	-1.99164	-4.17469	13.8047	2.93306	-0.657632	-0.461246	-0.87278	-5.41705	-1.1982	3.10684	-26.6418	11.7899	0.288689	-12.4875	8.85266	8.54652	14.2321	19.5133	4.35759	15.2082	16.9197	3.70612	11.4657	-4.75018	0.696977	6.43131	-6.40841
47	1.19471	0.978754	13.7183	-2.1779	-4.65718	13.7893	2.71075	-0.746568	-0.982212	-1.17096	-5.48642	-1.60166	2.94428	-26.3213	12.3943	0.030815	-12.2686	9.61413	9.32085	14.6538	19.3169	5.00777	15.6367	16.7793	4.28047	11.1843	-5.71446	1.16107	6.2484	-7.50371
48	1.04186	0.553586	13.7579	-2.39557	-5.09983	13.7534	2.45493	-0.858183	-1.41062	-1.51974	-5.58347	-1.94901	2.72311	-25.9374	13.1814	-0.273712	-12.1033	10.5245	10.1762	15.1475	19.0183	5.69291	16.1525	16.5197	4.93669	10.8143	-6.81743	1.66727	6.01281	-8.77846
49	0.872383	0.132725	13.7884	-2.65311	-5.47414	13.6954	2.16856	-0.989606	-1.7576	-1.92253	-5.70969	-2.24929	2.45177	-25.5416	14.1372	-0.622878	-12.0458	11.5754	11.0879	15.7193	18.6105	6.39231	16.7856	16.1133	5.65517	10.3676	-8.07403	2.2013	5.72376	-10.263
50	0.686648	-0.246517	13.8035	-2.96138	-5.76814	13.6191	1.85511	-1.14229	-2.04202	-2.37979	-5.86646	-2.49628	2.14198	-25.1855	15.2427	-1.01978	-12.1465	12.7696	12.0261	16.3726	18.0805	7.07939	17.5668	15.528	6.4154	9.86233	-9.50467	2.74562	5.39147	-11.9937
51	0.481218	-0.553863	13.8005	-3.33064	-5.98126	13.5348	1.51591	-1.32094	-2.27775	-2.88848	-6.05383	-2.66507	1.80707	-24.9261	16.485	-1.46907	-12.4411	14.1237	12.9622	17.1176	17.4055	7.71342	18.5131	14.7269	7.19996	9.32616	-11.1375	3.28008	5.037	-14.016
52	0.245633	-0.773955	13.7846	-3.76517	-6.11756	13.4538	1.14805	-1.52398	-2.46176	-3.44142	-6.2677	-2.71904	1.45839	-24.8296	17.8659	-1.96954	-12.9329	15.6686	13.8642	17.9771	16.5515	8.22676	19.6035	13.6767	7.98989	8.79093	-13.0116	3.77823	4.68942	-16.3834
53	-0.0374414	-0.907296	13.7649	-4.25632	-6.18131	13.3786	0.74528	-1.73478	-2.57233	-4.02623	-6.4996	-2.62411	1.10266	-24.9562	19.4051	-2.50725	-13.5896	17.4473	14.6836	18.9727	15.4757	8.52847	20.7716	12.3627	8.75827	8.28244	-15.1803	4.20771	4.38351	-19.1491
54	-0.385777	-0.964567	13.7414	-4.78304	-6.17586	13.3021	0.301787	-1.92692	-2.58052	-4.62836	-6.73732	-2.35455	0.744789	-25.3249	21.1383	-3.05494	-14.3784	19.5069	15.3438	20.0901	14.1379	8.52496	21.9437	10.7938	9.47054	7.8186	-17.7103	4.53209	4.15252	-22.3531
55	-0.804277	-0.961369	13.6963	-5.32258	-6.10511	13.2196	-0.180818	-2.07577	-2.46209	-5.23693	-6.96699	-1.88423	0.398629	-25.8952	23.1135	-3.58425	-15.2966	21.8851	15.7425	21.2556	12.5177	8.14019	23.086	8.99571	10.0885	7.42181	-20.6711	4.7119	4.01283	-26.0125
56	-1.27607	-0.917119	13.6026	-5.86047	-5.97816	13.1378	-0.690161	-2.16583	-2.19551	-5.84641	-7.17733	-1.18211	0.0930621	-26.6121	25.381	-4.08799	-16.3384	24.5957	15.7746	22.3781	10.6157	7.32563	24.1904	7.01014	10.574	7.12761	-24.1181	4.70645	3.95226	-30.1122
57	-1.76724	-0.855074	13.4449	-6.39125	-5.81462	13.0688	-1.20641	-2.19155	-1.7534	-6.45088	-7.36557	-0.22252	-0.140407	-27.4582	27.9736	-4.59646	-17.435	27.624	15.3421	23.4131	8.44137	6.07236	25.223	4.90709	10.8778	6.97018	-28.0859	4.47844	3.93306	-34.5914
58	-2.24268	-0.800838	13.2335	-6.90922	-5.64659	13.0177	-1.70976	-2.1548	-1.10157	-7.03301	-7.5426	1.00031	-0.292079	-28.4365	30.8869	-5.17532	-18.4294	30.9339	14.3492	24.3627	6.01946	4.43838	26.0894	2.7902	10.9274	6.95603	-32.5824	4.01287	3.90993	-39.3279
59	-2.68115	-0.777817	13.0016	-7.39788	-5.51289	12.9764	-2.18556	-2.06818	-0.208834	-7.55741	-7.73134	2.46397	-0.393118	-29.4993	34.0767	-5.899	-19.1239	34.4734	12.7377	25.2131	3.4147	2.57228	26.6482	0.772877	10.6553	7.05301	-37.5671	3.34771	3.86178	-44.1374
60	-3.07528	-0.801456	12.7884	-7.8311	-5.44732	12.928	-2.61907	-1.96368	0.937036	-7.97994	-7.95318	4.12211	-0.513461	-30.5007	37.4749	-6.8103	-19.3856	38.1732	10.5815	25.8763	0.741604	0.683724	26.7657	-1.05073	10.0718	7.21584	-42.9057	2.5736	3.82106	-48.7962
61	-3.42358	-0.877864	12.6196	-8.18343	-5.46724	12.8587	-2.99078	-1.8926	2.31905	-8.26412	-8.21425	5.9167	-0.733288	-31.2294	41.0104	-7.89362	-19.2377	41.9425	8.17079	26.1911	-1.84354	-1.03385	26.3868	-2.5941	9.32379	7.43442	-48.3199	1.78637	3.87545	-53.066
62	-3.72401	-1.00609	12.5007	-8.43838	-5.56836	12.7648	-3.27948	-1.91063	3.89613	-8.39009	-8.50344	7.78805	-1.10171	-31.516	44.6198	-9.0782	-18.8646	45.6745	5.95824	25.991	-4.13382	-2.45996	25.5724	-3.74081	8.64517	7.76672	-53.3817	1.04248	4.13503	-56.706
63	-3.96886	-1.17864	12.4229	-8.59062	-5.72728	12.6536	-3.46464	-2.05961	5.61733	-8.35509	-8.79892	9.6828	-1.61363	-31.3464	48.2387	-10.2624	-18.5258	49.2621	4.33222	25.1991	-5.84783	-3.55355	24.4773	-4.34975	8.18659	8.32846	-57.6021	0.354528	4.6819	-59.5004
64	-4.14415	-1.37945	12.3722	-8.64386	-5.90934	12.5397	-3.52932	-2.3583	7.43014	-8.17058	-9.07597	11.5608	-2.21729	-30.8978	51.7864	-11.342	-18.4456	52.6102	3.38007	23.8958	-6.67374	-4.34098	23.2969	-4.32279	7.87732	9.23566	-60.5964	-0.295048	5.52754	-61.3198
65	-4.239	-1.58831	12.3369	-8.60759	-6.07825	12.4388	-3.46915	-2.78524	9.28624	-7.85939	-9.31066	13.3968	-2.83055	-30.481	55.1623	-12.2311	-18.7453	55.639	2.85627	22.3237	-6.43237	-4.89295	22.2122	-3.68147	7.47278	10.5229	-62.2439	-0.931171	6.60559	-62.1749
66	-4.25168	-1.78547	12.3076	-8.49443	-6.20442	12.3616	-3.2958	-3.27892	11.1413	-7.45277	-9.48273	15.1777	-3.36545	-30.4012	58.2556	-12.874	-19.4286	58.2879	2.39811	20.8012	-5.23424	-5.27944	21.3456	-2.58631	6.75651	12.1065	-62.7299	-1.55064	7.80296	-62.2116
67	-4.18482	-1.95107	12.2752	-8.31829	-6.26993	12.3121	-3.03017	-3.76425	12.9553	-6.98619	-9.58183	16.8996	-3.75364	-30.8091	60.9683	-13.2531	-20.4017	60.5243	1.79859	19.57	-3.44739	-5.5277	20.7373	-1.28032	5.71281	13.8344	-62.4161	-2.10041	9.0032	-61.6434
68	-4.04067	-2.06712	12.235	-8.09222	-6.26968	12.2884	-2.69538	-4.17636	14.7014	-6.49294	-9.61397	18.5647	-3.95273	-31.6495	63.2428	-13.3894	-21.5085	62.3452	1.09142	18.6993	-1.50009	-5.62734	20.349	0.0061675	4.52386	15.5583	-61.6432	-2.50533	10.1151	-60.669
69	-3.82378	-2.12265	12.1905	-7.82686	-6.20917	12.2848	-2.31578	-4.47005	16.3723	-5.99853	-9.60114	20.1764	-3.94314	-32.7243	65.0699	-13.3329	-22.5768	63.7698	0.432295	18.1157	0.290758	-5.57681	20.0998	1.13237	3.42843	17.1592	-60.6205	-2.72909	11.0787	-59.4233
70	-3.54548	-2.11555	12.1504	-7.5312	-6.10085	12.2927	-1.91764	-4.62414	17.9754	-5.51928	-9.56739	21.7355	-3.72985	-33.8041	66.4748	-13.1421	-23.4713	64.8274	-0.04499	17.7013	1.77457	-5.41515	19.918	2.06513	2.58846	18.5445	-59.426	-2.80675	11.8574	-57.974
71	-3.22524	-2.05003	12.1222	-7.21305	-5.95844	12.3022	-1.52868	-4.64067	19.5212	-5.06377	-9.52638	23.2379	-3.34192	-34.7151	67.4978	-12.8644	-24.1246	65.5452	-0.285695	17.3722	2.93914	-5.20206	19.7728	2.84065	2.04601	19.6456	-58.0594	-2.81389	12.4301	-56.3418
72	-2.88583	-1.93257	12.1068	-6.87925	-5.79151	12.3035	-1.17487	-4.53941	21.0146	-4.63611	-9.47795	24.6741	-2.8237	-35.3734	68.18	-12.5269	-24.536	65.9423	-0.29865	17.1058	3.85029	-4.97452	19.6695	3.51015	1.75667	20.4208	-56.4914	-2.8091	12.7922	-54.5215
73	-2.54682	-1.76963	12.0977	-6.53593	-5.60309	12.2905	-0.875814	-4.35043	22.4527	-4.23893	-9.41308	26.0344	-2.22455	-35.7793	68.5537	-12.139	-24.7497	66.0292	-0.117771	16.9326	4.59113	-4.73402	19.6292	4.10929	1.64821	20.8548	-54.6949	-2.81178	12.9574	-52.5002
74	-2.22061	-1.56801	12.0859	-6.1879	-5.39053	12.2626	-0.640846	-4.10564	23.8297	-3.87427	-9.32408	27.3113	-1.59181	-35.987	68.641	-11.7018	-24.8206	65.8101	0.22298	16.9077	5.21971	-4.46505	19.663	4.65454	1.66215	20.9554	-52.6608	-2.8158	12.9552	-50.2696
75	-1.91052	-1.33507	12.0674	-5.83891	-5.14979	12.2245	-0.466852	-3.83796	25.1446	-3.54397	-9.21069	28.5019	-0.97024	-36.067	68.4551	-11.2173	-24.7902	65.2876	0.694359	17.0758	5.75668	-4.15211	19.7581	5.15143	1.76453	20.7509	-50.4024	-2.80704	12.8276	-47.8288
76	-1.61308	-1.07905	12.0452	-5.49248	-4.88068	12.1843	-0.34145	-3.57911	26.4023	-3.24983	-9.07998	29.6089	-0.398545	-36.0707	68.0049	-10.6942	-24.6853	64.467	1.26334	17.4414	6.20006	-3.78964	19.8856	5.60242	1.93364	20.288	-47.9506	-2.77666	12.6226	-45.1857
77	-1.32188	-0.808066	12.0268	-5.15208	-4.58991	12.1494	-0.248884	-3.35381	27.6089	-2.99341	-8.94308	30.6368	0.0975379	-36.019	67.2961	-10.1473	-24.5155	63.3561	1.89328	17.9619	6.54862	-3.38675	20.0087	6.00849	2.14886	19.6279	-45.337	-2.72632	12.3859	-42.3573
78	-1.03304	-0.529726	12.0191	-4.82184	-4.29182	12.1223	-0.177312	-3.17681	28.7665	-2.77499	-8.80986	31.586	0.506518	-35.9112	66.3319	-9.59317	-24.2777	61.9635	2.563	18.5641	6.81309	-2.96826	20.0893	6.37009	2.39937	18.8418	-42.5747	-2.66961	12.1573	-39.3693
79	-0.748854	-0.250854	12.0268	-4.5038	-4.00339	12.1019	-0.123672	-3.05131	29.8727	-2.59026	-8.68736	32.452	0.830981	-35.7357	65.1132	-9.04467	-23.9673	60.2962	3.27628	19.1624	7.01063	-2.56632	20.0951	6.68711	2.69471	18.004	-39.6563	-2.62601	11.9697	-36.2499
80	-0.475924	0.0232134	12.051	-4.19573	-3.73737	12.088	-0.0921983	-2.97109	30.921	-2.42938	-8.58078	33.2286	1.08407	-35.4797	63.64	-8.50662	-23.5848	58.3569	4.02936	19.6817	7.15659	-2.20507	20.0046	6.95596	3.0408	17.1784	-36.5806	-2.60679	11.8462	-33.0239
81	-0.22028	0.290108	12.0889	-3.8936	-3.50052	12.0841	-0.0896234	-2.93039	31.9002	-2.28028	-8.49105	33.9106	1.28059	-35.1326	61.9126	-7.97457	-23.1388	56.1441	4.7906	20.0672	7.26135	-1.90438	19.8138	7.1696	3.42198	16.4122	-33.3684	-2.61862	11.795	-29.713
82	0.0162124	0.550898	12.1369	-3.59409	-3.29452	12.0969	-0.120502	-2.93304	32.7977	-2.13286	-8.41585	34.4939	1.42959	-34.6866	59.9304	-7.43871	-22.6477	53.6511	5.51613	20.2853	7.32585	-1.68343	19.5398	7.31987	3.81399	15.7368	-30.055	-2.66936	11.8091	-26.3378
83	0.234622	0.805603	12.1958	-3.29678	-3.11788	12.1345	-0.184936	-2.98125	33.6043	-1.9824	-8.35181	34.9737	1.54169	-34.1513	57.6889	-6.8898	-22.1352	50.8675	6.16964	20.3322	7.33848	-1.55357	19.2167	7.39756	4.20067	15.1704	-26.6774	-2.76406	11.8697	-22.9131
84	0.435608	1.049	12.2711	-3.00483	-2.96762	12.2047	-0.278514	-3.06098	34.3143	-1.82969	-8.29648	35.3463	1.63696	-33.5656	55.1777	-6.3239	-21.6223	47.7806	6.72865	20.2409	7.28382	-1.51548	18.8873	7.3886	4.57274	14.717	-23.2619	-2.90131	11.9484	-19.4498
85	0.620754	1.27446	12.3699	-2.72469	-2.84	12.3137	-0.391688	-3.15436	34.9212	-1.67933	-8.24982	35.6094	1.73297	-32.9876	52.3826	-5.7434	-21.1179	44.3784	7.18179	20.0722	7.15214	-1.55808	18.5893	7.27301	4.91936	14.3652	-19.8201	-3.06943	12.0113	-15.9558
86	0.792751	1.47851	12.4981	-2.46517	-2.7309	12.4629	-0.511989	-3.25301	35.4177	-1.53817	-8.21505	35.7603	1.8334	-32.4742	49.2867	-5.15509	-20.6099	40.655	7.52533	19.9006	6.93409	-1.66407	18.3448	7.03279	5.22934	14.0864	-16.3553	-3.2513	12.0211	-12.4347
87	0.951429	1.65909	12.6588	-2.23585	-2.6358	12.6468	-0.628473	-3.35216	35.7955	-1.41334	-8.19814	35.7946	1.92906	-32.0677	45.8758	-4.56725	-20.0648	36.6179	7.76653	19.8016	6.61126	-1.82537	18.16	6.66531	5.50085	13.8383	-12.872	-3.44163	11.9359	-8.88912
88	1.09293	1.81575	12.8473	-2.0445	-2.54915	12.8524	-0.73422	-3.44995	36.0426	-1.31098	-8.20743	35.7069	2.0018	-31.7762	42.1475	-3.9865	-19.434	32.2992	7.93217	19.8246	6.16081	-2.04402	18.0256	6.18957	5.75242	13.574	-9.37715	-3.64984	11.7142	-5.32414
89	1.21215	1.95263	13.0503	-1.89322	-2.46212	13.0616	-0.827362	-3.54981	36.1445	-1.2373	-8.252	35.4929	2.0342	-31.5596	38.1227	-3.41133	-18.6658	27.7621	8.06732	19.9676	5.56897	-2.30377	17.9124	5.6415	6.02384	13.257	-5.88091	-3.87229	11.3284	-1.74468
90	1.30596	2.07963	13.2503	-1.77683	-2.3624	13.2549	-0.911709	-3.65198	36.0897	-1.20069	-8.33758	35.1525	2.02717	-31.3439	33.8523	-2.82488	-17.7192	23.1021	8.22229	20.1678	4.84701	-2.55385	17.7689	5.06604	6.36234	12.875	-2.39641	-4.07105	10.7762	1.84459
91	1.3766	2.21116	13.4299	-1.6846	-2.23638	13.4156	-0.996363	-3.75573	35.8774	-1.21239	-8.46276	34.692	2.00523	-31.044	29.4208	-2.19312	-16.5828	18.4402	8.42124	20.3212	4.05483	-2.73102	17.5334	4.51784	6.7834	12.4416	1.06298	-4.18861	10.0858	5.43153
92	1.43245	2.36274	13.5766	-1.60229	-2.06897	13.5348	-1.09384	-3.85588	35.5208	-1.28378	-8.61447	34.1253	2.0154	-30.6035	24.9424	-1.47338	-15.3144	13.9128	8.64786	20.3297	3.3052	-2.78718	17.1728	4.06089	7.25081	11.9823	4.48515	-4.17184	9.31275	8.98544
93	1.48703	2.55158	13.6862	-1.51514	-1.84354	13.6156	-1.21815	-3.94254	35.0418	-1.41896	-8.75951	33.4735	2.11685	-30.0439	20.5451	-0.639918	-14.0987	9.66155	8.8933	20.1567	2.71733	-2.67522	16.7422	3.75034	7.73359	11.5288	7.8603	-3.96242	8.52997	12.4459
94	1.55548	2.79876	13.7613	-1.41271	-1.54768	13.6708	-1.3824	-4.00944	34.4584	-1.60619	-8.84229	32.7678	2.3592	-29.5066	16.3502	0.280337	-13.2389	5.83545	9.19809	19.8768	2.35967	-2.30723	16.4024	3.60873	8.25938	11.1226	11.1734	-3.4687	7.81105	15.7146
95	1.64864	3.12367	13.8075	-1.29003	-1.18163	13.7154	-1.59076	-4.0524	33.7799	-1.81375	-8.80912	32.0582	2.75666	-29.254	12.4669	1.18937	-13.0094	2.61173	9.65598	19.6908	2.22034	-1.57073	16.3385	3.62782	8.91542	10.8093	14.3872	-2.6	7.20486	18.6518
96	1.76947	3.53052	13.8312	-1.14709	-0.764002	13.7569	-1.82793	-4.06129	33.0213	-1.99607	-8.6476	31.4184	3.26747	-29.5782	9.01564	1.94279	-13.4512	0.207015	10.3958	19.8594	2.21534	-0.453403	16.6295	3.78772	9.81152	10.6212	17.4225	-1.39158	6.71065	21.0689
97	1.91589	3.99884	13.838	-0.986145	-0.32871	13.793	-2.05535	-4.03165	32.2237	-2.10456	-8.41492	30.9312	3.79875	-30.6179	6.15978	2.41216	-14.302	-1.16644	11.4817	20.5604	2.24492	0.837428	17.184	4.06042	10.971	10.5525	20.1332	-0.0912846	6.28484	22.7317
98	2.08589	4.48721	13.8305	-0.809451	0.0830075	13.8162	-2.21897	-3.98493	31.4602	-2.10011	-8.21775	30.6513	4.24527	-32.2118	4.09991	2.54335	-15.145	-1.40297	12.767	21.7457	2.26156	1.94556	17.7708	4.3824	12.2125	10.5514	22.2844	0.956228	5.9037	23.4099
99	2.28148	4.94969	13.8059	-0.617517	0.433739	13.8205	-2.26607	-3.97029	30.8079	-1.96476	-8.13885	30.5689	4.53942	-33.9307	3.00088	2.3715	-15.6517	-0.602958	13.8861	23.0873	2.29408	2.597	18.102	4.61663	13.1907	10.5703	23.5826	1.55777	5.63197	22.9748
100	2.51054	5.35256	13.7579	-0.404243	0.701012	13.8067	-2.16241	-4.03645	30.3038	-1.70332	-8.17596	30.6048	4.678	-35.2693	2.87822	1.99843	-15.7422	0.9042	14.4634	24.052	2.3829	2.77979	17.95	4.53682	13.6371	10.6497	23.7881	1.82537	5.60955	21.4723
