Time	Fx1	Fy1	Fz1	COPx1	COPy1	COPz1	Ty1	Fx2	Fy2	Fz2	COPx2	COPy2	COPz2	Ty2	Fx3	Fy3	Fz3	COPx3	COPy3	COPz3	Ty3	Fx4	Fy4	Fz4	COPx4	COPy4	COPz4	Ty4	Fx5	Fy5	Fz5	COPx5	COPy5	COPz5	Ty5
1	0	0	0	1506	0	-203	0	0	0	0	2109	0	-203	0	0	0	0	903	0	-403	0	0	0	0	300	0	-203	0	0	0	0	300	0	200	0
2	-0	-0	-0	1506	0	-203	-0	-0	-0	-0	2109	0	-203	-0	-0	-0	-0	903	0	-403	-0	0	0	0	300	0	-203	0	-0	-0	-0	300	0	200	-0
3	-0	-0	-0	1506	0	-203	-0	-0	-0	-0	2109	0	-203	-0	-0	-0	-0	903	0	-403	-0	-0	-0	-0	300	0	-203	-0	0	0	0	300	0	200	0
4	-0	-0	-0	1506	0	-203	-0	-0	-0	-0	2109	0	-203	-0	-0	-0	-0	903	0	-403	-0	-0	-0	-0	300	0	-203	-0	-0	-0	-0	300	0	200	-0
5	-0	-0	-0	1506	0	-203	-0	-0	-0	-0	2109	0	-203	-0	-0	-0	-0	903	0	-403	-0	-0	-0	-0	300	0	-203	-0	-0	-0	-0	300	0	200	-0
6	-0	-0	-0	1506	0	-203	-0	-0	-0	-0	2109	0	-203	-0	-0	-0	-0	903	0	-403	-0	-0	-0	-0	300	0	-203	-0	-0	-0	-0	300	0	200	-0
7	-0	-0	-0	1506	0	-203	-0	-0	-0	-0	2109	0	-203	-0	-0	-0	-0	903	0	-403	-0	-0	-0	-0	300	0	-203	-0	-0	-0	-0	300	0	200	-0
8	-0	-0	-0	1506	0	-203	-0	-0	-0	-0	2109	0	-203	-0	-0	-0	-0	903	0	-403	-0	-0	-0	-0	300	0	-203	-0	-0	-0	-0	300	0	200	-0
9	-0	-0	-0	1506	0	-203	-0	-0	-0	-0	2109	0	-203	-0	-0	-0	-0	903	0	-403	-0	-0	-0	-0	300	0	-203	-0	-0	-0	-0	300	0	200	-0
10	-0	-0	-0	1506	0	-203	-0	-0	-0	-0	2109	0	-203	-0	-0	-0	-0	903	0	-403	-0	-0	-0	-0	300	0	-203	-0	-0	-0	-0	300	0	200	-0
11	-0	-0	-0	1506	0	-203	-0	-0	-0	-0	2109	0	-203	-0	-0	-0	-0	903	0	-403	-0	-0	-0	-0	300	0	-203	-0	-0	-0	-0	300	0	200	-0
12	-0	-0	-0	1506	0	-203	-0	-0	-0	-0	2109	0	-203	-0	-0	-0	-0	903	0	-403	-0	-0	-0	-0	300	0	-203	-0	-0	-0	-0	300	0	200	-0
13	-0	-0	-0	1506	0	-203	-0	-0	-0	-0	2109	0	-203	-0	0	0	0	903	0	-403	0	-0	-0	-0	300	0	-203	-0	-0	-0	-0	300	0	200	-0
14	-0	-0	-0	1506	0	-203	-0	-0	-0	-0	2109	0	-203	-0	-0	-0	-0	903	0	-403	-0	-0	-0	-0	300	0	-203	-0	-0	-0	-0	300	0	200	-0
15	-0	-0	-0	1506	0	-203	-0	-0	-0	-0	2109	0	-203	-0	-0	-0	-0	903	0	-403	-0	-0	-0	-0	300	0	-203	-0	-0	-0	-0	300	0	200	-0
16	-0	-0	-0	1506	0	-203	-0	-0	-0	-0	2109	0	-203	-0	-0	-0	-0	903	0	-403	-0	-0	-0	-0	300	0	-203	-0	-0	-0	-0	300	0	200	-0
17	-0	-0	-0	1506	0	-203	-0	-0	-0	-0	2109	0	-203	-0	-0	-0	-0	903	0	-403	-0	-0	-0	-0	300	0	-203	-0	-0	-0	-0	300	0	200	-0
18	-0	-0	-0	1506	0	-203	-0	-0	-0	-0	2109	0	-203	-0	-0	-0	-0	903	0	-403	-0	0	0	0	300	0	-203	0	0	0	0	300	0	200	0
19	-0	-0	-0	1506	0	-203	-0	-0	-0	-0	2109	0	-203	-0	-0	-0	-0	903	0	-403	-0	-0	-0	-0	300	0	-203	-0	0	0	0	300	0	200	0
20	-0	-0	-0	1506	0	-203	-0	-0	-0	-0	2109	0	-203	-0	-0	-0	-0	903	0	-403	-0	-0	-0	-0	300	0	-203	-0	-0	-0	-0	300	0	200	-0
21	-0	-0	-0	1506	0	-203	-0	-0	-0	-0	2109	0	-203	-0	-0	-0	-0	903	0	-403	-0	-0	-0	-0	300	0	-203	-0	-0	-0	-0	300	0	200	-0
22	-0	-0	-0	1506	0	-203	-0	-0	-0	-0	2109	0	-203	-0	-0	-0	-0	903	0	-403	-0	0	0	0	300	0	-203	0	-0	-0	-0	300	0	200	-0
23	-0	-0	-0	1506	0	-203	-0	-0	-0	-0	2109	0	-203	-0	-0	-0	-0	903	0	-403	-0	-0	-0	-0	300	0	-203	-0	-0	-0	-0	300	0	200	-0
24	-0	-0	-0	1506	0	-203	-0	-0	-0	-0	2109	0	-203	-0	-0	-0	-0	903	0	-403	-0	-0	-0	-0	300	0	-203	-0	-0	-0	-0	300	0	200	-0
25	-0	-0	-0	1506	0	-203	-0	-0	-0	-0	2109	0	-203	-0	-0	-0	-0	903	0	-403	-0	-0	-0	-0	300	0	-203	-0	-0	-0	-0	300	0	200	-0
26	-0	-0	-0	1506	0	-203	-0	-0	-0	-0	2109	0	-203	-0	-0	-0	-0	903	0	-403	-0	-0	-0	-0	300	0	-203	-0	-0	-0	-0	300	0	200	-0
27	-0	-0	-0	1506	0	-203	-0	-0	-0	-0	2109	0	-203	-0	-0	-0	-0	903	0	-403	-0	-0	-0	-0	300	0	-203	-0	-0	-0	-0	300	0	200	-0
28	-0	-0	-0	1506	0	-203	-0	-0	-0	-0	2109	0	-203	-0	-0	-0	-0	903	0	-403	-0	-0	-0	-0	300	0	-203	-0	-0	-0	-0	300	0	200	-0
29	-0	-0	-0	1506	0	-203	-0	-0	-0	-0	2109	0	-203	-0	-0	-0	-0	903	0	-403	-0	-0	-0	-0	300	0	-203	-0	-0	-0	-0	300	0	200	-0
30	-0	-0	-0	1506	0	-203	-0	-0	-0	-0	2109	0	-203	-0	-0	-0	-0	903	0	-403	-0	-0	-0	-0	300	0	-203	-0	-0	-0	-0	300	0	200	-0
31	-0	-0	-0	1506	0	-203	-0	-0	-0	-0	2109	0	-203	-0	-0	-0	-0	903	0	-403	-0	-0	-0	-0	300	0	-203	-0	-0	-0	-0	300	0	200	-0
32	-0	-0	-0	1506	0	-203	-0	-0	-0	-0	2109	0	-203	-0	-0	-0	-0	903	0	-403	-0	-0	-0	-0	300	0	-203	-0	-0	-0	-0	300	0	200	-0
33	-0	-0	-0	1506	0	-203	-0	-0	-0	-0	2109	0	-203	-0	-0	-0	-0	903	0	-403	-0	-0	-0	-0	300	0	-203	-0	-0	-0	-0	300	0	200	-0
34	-0	-0	-0	1506	0	-203	-0	-0	-0	-0	2109	0	-203	-0	-0	-0	-0	903	0	-403	-0	-0	-0	-0	300	0	-203	-0	-0	-0	-0	300	0	200	-0
35	-0	-0	-0	1506	0	-203	-0	-0	-0	-0	2109	0	-203	-0	0	0	0	903	0	-403	0	-0	-0	-0	300	0	-203	-0	-0	-0	-0	300	0	200	-0
36	-0	-0	-0	1506	0	-203	-0	-0	-0	-0	2109	0	-203	-0	-0	-0	-0	903	0	-403	-0	-0	-0	-0	300	0	-203	-0	0	0	0	300	0	200	0
37	-0	-0	-0	1506	0	-203	-0	-0	-0	-0	2109	0	-203	-0	-0	-0	-0	903	0	-403	-0	-0	-0	-0	300	0	-203	-0	-0	-0	-0	300	0	200	-0
38	-0	-0	-0	1506	0	-203	-0	-0	-0	-0	2109	0	-203	-0	-0	-0	-0	903	0	-403	-0	-0	-0	-0	300	0	-203	-0	-0	-0	-0	300	0	200	-0
39	-0	-0	-0	1506	0	-203	-0	-0	-0	-0	2109	0	-203	-0	-0	-0	-0	903	0	-403	-0	-0	-0	-0	300	0	-203	-0	0	0	0	300	0	200	0
40	-0	-0	-0	1506	0	-203	-0	-0	-0	-0	2109	0	-203	-0	-0	-0	-0	903	0	-403	-0	-0	-0	-0	300	0	-203	-0	-0	-0	-0	300	0	200	-0
41	-0	-0	-0	1506	0	-203	-0	-0	-0	-0	2109	0	-203	-0	-0	-0	-0	903	0	-403	-0	-0	-0	-0	300	0	-203	-0	-0	-0	-0	300	0	200	-0
42	-0	-0	-0	1506	0	-203	-0	-0	-0	-0	2109	0	-203	-0	-0	-0	-0	903	0	-403	-0	-0	-0	-0	300	0	-203	-0	-0	-0	-0	300	0	200	-0
43	-0	-0	-0	1506	0	-203	-0	-0	-0	-0	2109	0	-203	-0	-0	-0	-0	903	0	-403	-0	-0	-0	-0	300	0	-203	-0	-0	-0	-0	300	0	200	-0
44	-0	-0	-0	1506	0	-203	-0	-0	-0	-0	2109	0	-203	-0	-0	-0	-0	903	0	-403	-0	-0	-0	-0	300	0	-203	-0	-0	-0	-0	300	0	200	-0
45	-0	-0	-0	1506	0	-203	-0	-0	-0	-0	2109	0	-203	-0	-0	-0	-0	903	0	-403	-0	-0	-0	-0	300	0	-203	-0	-0	-0	-0	300	0	200	-0
46	-0	-0	-0	1506	0	-203	-0	-0	-0	-0	2109	0	-203	-0	-0	-0	-0	903	0	-403	-0	-0	-0	-0	300	0	-203	-0	-0	-0	-0	300	0	200	-0
47	-0	-0	-0	1506	0	-203	-0	-0	-0	-0	2109	0	-203	-0	-0	-0	-0	903	0	-403	-0	-0	-0	-0	300	0	-203	-0	-0	-0	-0	300	0	200	-0
48	-0	-0	-0	1506	0	-203	-0	-0	-0	-0	2109	0	-203	-0	-0	-0	-0	903	0	-403	-0	-0	-0	-0	300	0	-203	-0	-0	-0	-0	300	0	200	-0
49	-0	-0	-0	1506	0	-203	-0	-0	-0	-0	2109	0	-203	-0	-0	-0	-0	903	0	-403	-0	-0	-0	-0	300	0	-203	-0	-0	-0	-0	300	0	200	-0
50	-0	-0	-0	1506	0	-203	-0	-0	-0	-0	2109	0	-203	-0	0	0	0	903	0	-403	0	-0	-0	-0	300	0	-203	-0	-0	-0	-0	300	0	200	-0
51	-0	-0	-0	1506	0	-203	-0	-0	-0	-0	2109	0	-203	-0	-0	-0	-0	903	0	-403	-0	-0	-0	-0	300	0	-203	-0	-0	-0	-0	300	0	200	-0
52	-0	-0	-0	1506	0	-203	-0	-0	-0	-0	2109	0	-203	-0	-0	-0	-0	903	0	-403	-0	-9.77	63.53	-4.28	363.83	0	-156.32	-89.11	-0	-0	-0	300	0	200	-0
53	-0	-0	-0	1506	0	-203	-0	-0	-0	-0	2109	0	-203	-0	-0	-0	-0	903	0	-403	-0	-37.33	280.73	-14.66	359.59	0	-162.76	-156.01	-0	-0	-0	300	0	200	-0
54	-0	-0	-0	1506	0	-203	-0	-0	-0	-0	2109	0	-203	-0	-0	-0	-0	903	0	-403	-0	-45.14	347.52	2.1	361.04	0	-163.95	-84.51	-0	-0	-0	300	0	200	-0
55	-0	-0	-0	1506	0	-203	-0	-0	-0	-0	2109	0	-203	-0	-0	-0	-0	903	0	-403	-0	-50.16	322.54	16.76	362.99	0	-164.99	-219.65	-0	-0	-0	300	0	200	-0
56	-0	-0	-0	1506	0	-203	-0	-0	-0	-0	2109	0	-203	-0	-0	-0	-0	903	0	-403	-0	-56.13	313.31	23.62	364.8	0	-165.01	-126.21	-0	-0	-0	300	0	200	-0
57	-0	-0	-0	1506	0	-203	-0	-0	-0	-0	2109	0	-203	-0	-0	-0	-0	903	0	-403	-0	-61.97	330.96	24.71	366.22	0	-165.04	-133.28	-0	-0	-0	300	0	200	-0
58	-0	-0	-0	1506	0	-203	-0	-0	-0	-0	2109	0	-203	-0	-0	-0	-0	903	0	-403	-0	-67.4	372.5	23.35	367.09	0	-165.09	-227.57	-0	-0	-0	300	0	200	-0
59	-0	-0	-0	1506	0	-203	-0	-0	-0	-0	2109	0	-203	-0	-0	-0	-0	903	0	-403	-0	-74.05	415.66	19.95	368.39	0	-164.91	-179.65	-0	-0	-0	300	0	200	-0
60	-0	-0	-0	1506	0	-203	-0	-0	-0	-0	2109	0	-203	-0	-0	-0	-0	903	0	-403	-0	-78.8	438.2	14.8	368.83	0	-164.79	-309.6	-0	-0	-0	300	0	200	-0
61	-0	-0	-0	1506	0	-203	-0	-0	-0	-0	2109	0	-203	-0	0	0	0	903	0	-403	0	-84.16	444.71	10.32	369.97	0	-164.11	-252.74	-0	-0	-0	300	0	200	-0
62	-0	-0	-0	1506	0	-203	-0	-0	-0	-0	2109	0	-203	-0	-0	-0	-0	903	0	-403	-0	-88.71	441.18	4.07	370.34	0	-163.67	-315.69	-0	-0	-0	300	0	200	-0
63	0	0	0	1506	0	-203	0	-0	-0	-0	2109	0	-203	-0	0	0	0	903	0	-403	0	-89.66	430.32	0.68	371.38	0	-163.19	-319.89	-0	-0	-0	300	0	200	-0
64	-0	-0	-0	1506	0	-203	-0	-0	-0	-0	2109	0	-203	-0	-0	-0	-0	903	0	-403	-0	-90.27	420.01	-3.33	372.18	0	-162.91	-163.27	-0	-0	-0	300	0	200	-0
65	-0	-0	-0	1506	0	-203	-0	-0	-0	-0	2109	0	-203	-0	-0	-0	-0	903	0	-403	-0	-89.59	414.03	-7.74	372.95	0	-162.46	-176.79	-0	-0	-0	300	0	200	-0
66	-0	-0	-0	1506	0	-203	-0	-0	-0	-0	2109	0	-203	-0	-0	-0	-0	903	0	-403	-0	-90.54	414.03	-12.22	373.69	0	-162.29	-231.38	-0	-0	-0	300	0	200	-0
67	-0	-0	-0	1506	0	-203	-0	-0	-0	-0	2109	0	-203	-0	-0	-0	-0	903	0	-403	-0	-91.63	417.56	-16.43	374.45	0	-161.61	-209.61	-0	-0	-0	300	0	200	-0
68	-0	-0	-0	1506	0	-203	-0	-0	-0	-0	2109	0	-203	-0	-0	-0	-0	903	0	-403	-0	-94.48	427.61	-19.41	376.09	0	-161.2	-392.78	-0	-0	-0	300	0	200	-0
69	-0	-0	-0	1506	0	-203	-0	-0	-0	-0	2109	0	-203	-0	-0	-0	-0	903	0	-403	-0	-98.49	442	-21.86	377.51	0	-159.81	-533.56	0	0	0	300	0	200	0
70	-0	-0	-0	1506	0	-203	-0	-0	-0	-0	2109	0	-203	-0	-0	-0	-0	903	0	-403	-0	-103.64	465.89	-24.3	379.87	0	-159.25	-610.71	-0	-0	-0	300	0	200	-0
71	-0	-0	-0	1506	0	-203	-0	-0	-0	-0	2109	0	-203	-0	-0	-0	-0	903	0	-403	-0	-111.11	493.04	-27.83	382.44	0	-158.1	-679.3	0	0	0	300	0	200	0
72	-0	-0	-0	1506	0	-203	-0	-0	-0	-0	2109	0	-203	-0	-0	-0	-0	903	0	-403	-0	-116.13	513.95	-28.1	385.12	0	-157.46	-763.16	-0	-0	-0	300	0	200	-0
73	-0	-0	-0	1506	0	-203	-0	-0	-0	-0	2109	0	-203	-0	-0	-0	-0	903	0	-403	-0	-120.41	540.28	-28.71	387.02	0	-156.74	-795.67	-0	-0	-0	300	0	200	-0
74	-0	-0	-0	1506	0	-203	-0	-0	-0	-0	2109	0	-203	-0	-0	-0	-0	903	0	-403	-0	-122.11	564.99	-29.8	389.15	0	-156.15	-878.95	-0	-0	-0	300	0	200	-0
75	-0	-0	-0	1506	0	-203	-0	-0	-0	-0	2109	0	-203	-0	-0	-0	-0	903	0	-403	-0	-122.72	580.73	-31.15	391.17	0	-155.67	-881.52	0	0	0	300	0	200	0
76	-0	-0	-0	1506	0	-203	-0	-0	-0	-0	2109	0	-203	-0	-0	-0	-0	903	0	-403	-0	-121.29	597.3	-32.65	392.43	0	-155.29	-882.71	-0	-0	-0	300	0	200	-0
77	-0	-0	-0	1506	0	-203	-0	-0	-0	-0	2109	0	-203	-0	-0	-0	-0	903	0	-403	-0	-120	612.77	-33.67	393.74	0	-153.48	-772.06	-0	-0	-0	300	0	200	-0
78	-0	-0	-0	1506	0	-203	-0	-0	-0	-0	2109	0	-203	-0	-0	-0	-0	903	0	-403	-0	-118.1	627.16	-33.53	394.96	0	-153.3	-903.51	-0	-0	-0	300	0	200	-0
79	-0	-0	-0	1506	0	-203	-0	-0	-0	-0	2109	0	-203	-0	-0	-0	-0	903	0	-403	-0	-117.08	641.28	-32.58	396.74	0	-153.08	-956.74	-0	-0	-0	300	0	200	-0
80	-0	-0	-0	1506	0	-203	-0	-0	-0	-0	2109	0	-203	-0	-0	-0	-0	903	0	-403	-0	-115.73	652.68	-30.81	398.32	0	-152.83	-1091.16	-0	-0	-0	300	0	200	-0
81	-0	-0	-0	1506	0	-203	-0	-0	-0	-0	2109	0	-203	-0	-0	-0	-0	903	0	-403	-0	-116.13	662.73	-29.46	399.23	0	-152.8	-1251.67	-0	-0	-0	300	0	200	-0
82	-0	-0	-0	1506	0	-203	-0	-0	-0	-0	2109	0	-203	-0	-0	-0	-0	903	0	-403	-0	-115.39	667.61	-28.85	400.92	0	-152.59	-1452.93	-0	-0	-0	300	0	200	-0
83	-0	-0	-0	1506	0	-203	-0	-0	-0	-0	2109	0	-203	-0	-0	-0	-0	903	0	-403	-0	-113.82	674.4	-27.42	402.23	0	-152.63	-1657.35	-0	-0	-0	300	0	200	-0
84	-0	-0	-0	1506	0	-203	-0	-0	-0	-0	2109	0	-203	-0	-0	-0	-0	903	0	-403	-0	-111.45	677.39	-27.29	403.45	0	-152.24	-1840.98	-0	-0	-0	300	0	200	-0
85	-0	-0	-0	1506	0	-203	-0	-0	-0	-0	2109	0	-203	-0	-0	-0	-0	903	0	-403	-0	-108.33	680.65	-26.81	405	0	-152.18	-1935.3	-0	-0	-0	300	0	200	-0
86	-0	-0	-0	1506	0	-203	-0	-0	-0	-0	2109	0	-203	-0	-0	-0	-0	903	0	-403	-0	-105.41	680.92	-27.01	406.66	0	-151.69	-1989.99	-0	-0	-0	300	0	200	-0
87	-0	-0	-0	1506	0	-203	-0	-0	-0	-0	2109	0	-203	-0	-0	-0	-0	903	0	-403	-0	-102.42	682	-26.4	408.03	0	-151.63	-1977	-0	-0	-0	300	0	200	-0
88	-0	-0	-0	1506	0	-203	-0	-0	-0	-0	2109	0	-203	-0	-0	-0	-0	903	0	-403	-0	-100.18	682.55	-26.27	409.64	0	-151.41	-1942.34	-0	-0	-0	300	0	200	-0
89	-0	-0	-0	1506	0	-203	-0	-0	-0	-0	2109	0	-203	-0	-0	-0	-0	903	0	-403	-0	-96.92	681.19	-25.86	411.3	0	-150.9	-1921.46	-0	-0	-0	300	0	200	-0
90	-0	-0	-0	1506	0	-203	-0	-0	-0	-0	2109	0	-203	-0	-0	-0	-0	903	0	-403	-0	-95.63	680.65	-25.18	412.48	0	-150.74	-1858.33	-0	-0	-0	300	0	200	-0
91	-0	-0	-0	1506	0	-203	-0	-0	-0	-0	2109	0	-203	-0	-0	-0	-0	903	0	-403	-0	-93.33	676.84	-24.5	414.21	0	-150.53	-1926.96	-0	-0	-0	300	0	200	-0
92	-0	-0	-0	1506	0	-203	-0	-0	-0	-0	2109	0	-203	-0	-0	-0	-0	903	0	-403	-0	-91.29	673.86	-23.96	415.64	0	-150.28	-1907.03	0	0	0	300	0	200	0
93	-0	-0	-0	1506	0	-203	-0	-0	-0	-0	2109	0	-203	-0	-0	-0	-0	903	0	-403	-0	-89.25	669.24	-24.03	417.35	0	-149.81	-1930.17	-0	-0	-0	300	0	200	-0
94	-0	-0	-0	1506	0	-203	-0	-0	-0	-0	2109	0	-203	-0	-0	-0	-0	903	0	-403	-0	-86.4	663.81	-24.43	419.07	0	-149.21	-1964.72	-0	-0	-0	300	0	200	-0
95	-0	-0	-0	1506	0	-203	-0	-0	-0	-0	2109	0	-203	-0	-0	-0	-0	903	0	-403	-0	-83.69	658.38	-25.38	420.52	0	-148.97	-1966.84	-0	-0	-0	300	0	200	-0
96	-0	-0	-0	1506	0	-203	-0	-0	-0	-0	2109	0	-203	-0	-0	-0	-0	903	0	-403	-0	-80.57	652.68	-26	421.76	0	-148.69	-1884.3	-0	-0	-0	300	0	200	-0
97	-0	-0	-0	1506	0	-203	-0	-0	-0	-0	2109	0	-203	-0	-0	-0	-0	903	0	-403	-0	-77.99	644.81	-26.81	423.55	0	-148.11	-1757.47	-0	-0	-0	300	0	200	-0
98	-0	-0	-0	1506	0	-203	-0	-0	-0	-0	2109	0	-203	-0	-0	-0	-0	903	0	-403	-0	-74.12	636.39	-27.69	425.31	0	-147.76	-1708.12	-0	-0	-0	300	0	200	-0
99	-0	-0	-0	1506	0	-203	-0	-0	-0	-0	2109	0	-203	-0	-0	-0	-0	903	0	-403	-0	-72.22	629.6	-28.51	426.7	0	-147.42	-1684.38	0	0	0	300	0	200	0
100	-0	-0	-0	1506	0	-203	-0	-0	-0	-0	2109	0	-203	-0	-0	-0	-0	903	0	-403	-0	-68.76	620.64	-29.8	428.4	0	-147.02	-1776.86	-0	-0	-0	300	0	200	-0
101	-0	-0	-0	1506	0	-203	-0	-0	-0	-0	2109	0	-203	-0	-0	-0	-0	903	0	-403	-0	-65.97	610.6	-30.61	430.31	0	-146.55	-1704.4	-0	-0	-0	300	0	200	-0
102	-0	-0	-0	1506	0	-203	-0	-0	-0	-0	2109	0	-203	-0	-0	-0	-0	903	0	-403	-0	-63.06	602.18	-31.9	432.13	0	-147.41	-1899.56	-0	-0	-0	300	0	200	-0
103	-0	-0	-0	1506	0	-203	-0	-0	-0	-0	2109	0	-203	-0	0	0	0	903	0	-403	0	-60.14	592.95	-32.51	433.72	0	-147.36	-1789.5	-0	-0	-0	300	0	200	-0
104	-0	-0	-0	1506	0	-203	-0	-0	-0	-0	2109	0	-203	-0	-0	-0	-0	903	0	-403	-0	-57.35	581.82	-33.73	435.83	0	-146.91	-1818.67	-0	-0	-0	300	0	200	-0
105	-0	-0	-0	1506	0	-203	-0	-0	-0	-0	2109	0	-203	-0	0	0	0	903	0	-403	0	-55.18	571.78	-34.34	437.66	0	-146.56	-1792.49	-0	-0	-0	300	0	200	-0
106	-0	-0	-0	1506	0	-203	-0	-0	-0	-0	2109	0	-203	-0	-0	-0	-0	903	0	-403	-0	-52.87	563.9	-34.41	438.9	0	-146.48	-1555.03	-0	-0	-0	300	0	200	-0
107	-0	-0	-0	1506	0	-203	-0	-0	-0	-0	2109	0	-203	-0	-0	-0	-0	903	0	-403	-0	-49.68	552.5	-34.75	441.09	0	-146.16	-1594.65	-0	-0	-0	300	0	200	-0
108	-0	-0	-0	1506	0	-203	-0	-0	-0	-0	2109	0	-203	-0	-0	-0	-0	903	0	-403	-0	-47.85	544.35	-34.34	442.97	0	-145.82	-1451.68	-0	-0	-0	300	0	200	-0
109	-0	-0	-0	1506	0	-203	-0	-0	-0	-0	2109	0	-203	-0	-0	-0	-0	903	0	-403	-0	-45.48	535.94	-34.41	445.35	0	-145.51	-1444.33	-0	-0	-0	300	0	200	-0
110	-0	-0	-0	1506	0	-203	-0	-0	-0	-0	2109	0	-203	-0	-0	-0	-0	903	0	-403	-0	-43.24	528.61	-34.21	447.7	0	-144.92	-1379.68	-0	-0	-0	300	0	200	-0
111	-0	-0	-0	1506	0	-203	-0	-0	-0	-0	2109	0	-203	-0	-0	-0	-0	903	0	-403	-0	-41.13	522.36	-33.94	449.73	0	-144.99	-1385.34	-0	-0	-0	300	0	200	-0
112	-0	-0	-0	1506	0	-203	-0	-0	-0	-0	2109	0	-203	-0	-0	-0	-0	903	0	-403	-0	-39.43	515.03	-32.72	452.72	0	-144.68	-1282.67	-0	-0	-0	300	0	200	-0
113	-0	-0	-0	1506	0	-203	-0	-0	-0	-0	2109	0	-203	-0	-0	-0	-0	903	0	-403	-0	-37.67	508.24	-31.83	455.47	0	-144.22	-1257.36	0	0	0	300	0	200	0
114	-0	-0	-0	1506	0	-203	-0	-0	-0	-0	2109	0	-203	-0	-0	-0	-0	903	0	-403	-0	-36.86	503.09	-30.48	457.66	0	-143.7	-1109.22	-0	-0	-0	300	0	200	-0
115	-0	-0	-0	1506	0	-203	-0	-0	-0	-0	2109	0	-203	-0	-0	-0	-0	903	0	-403	-0	-35.97	496.03	-29.32	461.3	0	-143.19	-1026.45	-0	-0	-0	300	0	200	-0
116	-0	-0	-0	1506	0	-203	-0	-0	-0	-0	2109	0	-203	-0	-0	-0	-0	903	0	-403	-0	-34.82	490.05	-28.44	464.02	0	-142.88	-994.11	-0	-0	-0	300	0	200	-0
117	-0	-0	-0	1506	0	-203	-0	-0	-0	-0	2109	0	-203	-0	0	0	0	903	0	-403	0	-34.41	487.07	-27.35	466.39	0	-142.83	-863.54	-0	-0	-0	300	0	200	-0
118	-0	-0	-0	1506	0	-203	-0	-0	-0	-0	2109	0	-203	-0	-0	-0	-0	903	0	-403	-0	-33.46	481.64	-26.67	469.55	0	-142.18	-867	-0	-0	-0	300	0	200	-0
119	-0	-0	-0	1506	0	-203	-0	-0	-0	-0	2109	0	-203	-0	-0	-0	-0	903	0	-403	-0	-32.58	476.48	-25.66	473.07	0	-141.87	-683.27	-0	-0	-0	300	0	200	-0
120	-0	-0	-0	1506	0	-203	-0	-0	-0	-0	2109	0	-203	-0	-0	-0	-0	903	0	-403	-0	-31.29	472.68	-24.98	475.51	0	-141.29	-690.97	-0	-0	-0	300	0	200	-0
121	-0	-0	-0	1506	0	-203	-0	-0	-0	-0	2109	0	-203	-0	-0	-0	-0	903	0	-403	-0	-30.41	468.61	-24.1	478.83	0	-140.93	-582.05	-0	-0	-0	300	0	200	-0
122	-0	-0	-0	1506	0	-203	-0	-0	-0	-0	2109	0	-203	-0	-0	-0	-0	903	0	-403	-0	-30.07	465.62	-23.28	481.87	0	-140.32	-368.73	-0	-0	-0	300	0	200	-0
123	-0	-0	-0	1506	0	-203	-0	-0	-0	-0	2109	0	-203	-0	-0	-0	-0	903	0	-403	-0	-30	463.18	-22.74	484.17	0	-140.29	-287.6	-0	-0	-0	300	0	200	-0
124	-0	-0	-0	1506	0	-203	-0	-0	-0	-0	2109	0	-203	-0	-0	-0	-0	903	0	-403	-0	-29.93	459.1	-22.6	487.55	0	-139.55	-209.06	-0	-0	-0	300	0	200	-0
125	-0	-0	-0	1506	0	-203	-0	-0	-0	-0	2109	0	-203	-0	-0	-0	-0	903	0	-403	-0	-29.59	456.12	-22.19	490.32	0	-138.93	-73.02	-0	-0	-0	300	0	200	-0
126	-0	-0	-0	1506	0	-203	-0	-0	-0	-0	2109	0	-203	-0	-0	-0	-0	903	0	-403	-0	-28.58	454.22	-22.19	492.63	0	-138.66	-109.56	-0	-0	-0	300	0	200	-0
127	-0	-0	-0	1506	0	-203	-0	-0	-0	-0	2109	0	-203	-0	-0	-0	-0	903	0	-403	-0	-28.17	452.04	-21.99	495.21	0	-138.23	12.45	-0	-0	-0	300	0	200	-0
128	-0	-0	-0	1506	0	-203	-0	-0	-0	-0	2109	0	-203	-0	-0	-0	-0	903	0	-403	-0	-27.76	450.42	-21.92	497.96	0	-137.72	78.87	-0	-0	-0	300	0	200	-0
129	-0	-0	-0	1506	0	-203	-0	-0	-0	-0	2109	0	-203	-0	-0	-0	-0	903	0	-403	-0	-27.01	449.06	-22.06	499.98	0	-137.24	123.39	-0	-0	-0	300	0	200	-0
130	-0	-0	-0	1506	0	-203	-0	-0	-0	-0	2109	0	-203	-0	-0	-0	-0	903	0	-403	-0	-26.74	447.7	-21.99	502.28	0	-136.95	195.27	-0	-0	-0	300	0	200	-0
131	-0	-0	-0	1506	0	-203	-0	-0	-0	-0	2109	0	-203	-0	-0	-0	-0	903	0	-403	-0	-25.93	446.34	-21.72	504.78	0	-136.22	340.21	-0	-0	-0	300	0	200	-0
132	-0	-0	-0	1506	0	-203	-0	-0	-0	-0	2109	0	-203	-0	-0	-0	-0	903	0	-403	-0	-25.86	446.07	-21.72	506.82	0	-135.94	407.39	-0	-0	-0	300	0	200	-0
133	-0	-0	-0	1506	0	-203	-0	-0	-0	-0	2109	0	-203	-0	-0	-0	-0	903	0	-403	-0	-25.45	445.8	-21.52	508.58	0	-135.8	572.07	-0	-0	-0	300	0	200	-0
134	-0	-0	-0	1506	0	-203	-0	-0	-0	-0	2109	0	-203	-0	-0	-0	-0	903	0	-403	-0	-24.84	445.8	-21.72	510.47	0	-135.18	640.49	0	0	0	300	0	200	0
135	-0	-0	-0	1506	0	-203	-0	-0	-0	-0	2109	0	-203	-0	-0	-0	-0	903	0	-403	-0	-23.76	446.61	-21.86	511.94	0	-135.15	665.5	-0	-0	-0	300	0	200	-0
136	-0	-0	-0	1506	0	-203	-0	-0	-0	-0	2109	0	-203	-0	-0	-0	-0	903	0	-403	-0	-22.6	447.43	-21.92	513.37	0	-134.63	753.23	-0	-0	-0	300	0	200	-0
137	-0	-0	-0	1506	0	-203	-0	-0	-0	-0	2109	0	-203	-0	-0	-0	-0	903	0	-403	-0	-21.31	447.43	-21.92	515.22	0	-134.29	798.96	-0	-0	-0	300	0	200	-0
138	-0	-0	-0	1506	0	-203	-0	-0	-0	-0	2109	0	-203	-0	-0	-0	-0	903	0	-403	-0	-20.23	449.87	-21.58	515.37	0	-133.99	970.92	-0	-0	-0	300	0	200	-0
139	-0	-0	-0	1506	0	-203	-0	-0	-0	-0	2109	0	-203	-0	0	0	0	903	0	-403	0	-19.48	450.14	-21.65	517.05	0	-133.42	1024.39	-0	-0	-0	300	0	200	-0
140	-0	-0	-0	1506	0	-203	-0	-0	-0	-0	2109	0	-203	-0	-0	-0	-0	903	0	-403	-0	-17.58	452.04	-21.45	518.36	0	-132.89	1110.57	-0	-0	-0	300	0	200	-0
141	-0	-0	-0	1506	0	-203	-0	-0	-0	-0	2109	0	-203	-0	-0	-0	-0	903	0	-403	-0	-17.17	455.03	-21.45	518.39	0	-132.92	1301.6	-0	-0	-0	300	0	200	-0
142	-0	-0	-0	1506	0	-203	-0	-0	-0	-0	2109	0	-203	-0	-0	-0	-0	903	0	-403	-0	-15.54	457.2	-21.58	520.09	0	-132.59	1293.3	-0	-0	-0	300	0	200	-0
143	-0	-0	-0	1506	0	-203	-0	-0	-0	-0	2109	0	-203	-0	-0	-0	-0	903	0	-403	-0	-14.25	461	-21.52	520.58	0	-132.27	1418.31	-0	-0	-0	300	0	200	-0
144	-0	-0	-0	1506	0	-203	-0	-0	-0	-0	2109	0	-203	-0	-0	-0	-0	903	0	-403	-0	-12.49	463.45	-21.72	521.06	0	-132.23	1435.37	-0	-0	-0	300	0	200	-0
145	-0	-0	-0	1506	0	-203	-0	-0	-0	-0	2109	0	-203	-0	-0	-0	-0	903	0	-403	-0	-11.06	467.52	-21.58	521.2	0	-131.96	1523.07	-0	-0	-0	300	0	200	-0
146	-0	-0	-0	1506	0	-203	-0	-0	-0	-0	2109	0	-203	-0	-0	-0	-0	903	0	-403	-0	-8.89	470.78	-21.86	522.13	0	-131.55	1521.39	-0	-0	-0	300	0	200	-0
147	-0	-0	-0	1506	0	-203	-0	-0	-0	-0	2109	0	-203	-0	-0	-0	-0	903	0	-403	-0	-7.26	473.76	-21.92	522.27	0	-131.65	1572.24	-0	-0	-0	300	0	200	-0
148	-0	-0	-0	1506	0	-203	-0	-0	-0	-0	2109	0	-203	-0	-0	-0	-0	903	0	-403	-0	-5.57	476.75	-21.72	523.13	0	-131.26	1755.66	0	0	0	300	0	200	0
149	-0	-0	-0	1506	0	-203	-0	-0	-0	-0	2109	0	-203	-0	-0	-0	-0	903	0	-403	-0	-3.05	481.37	-21.99	523.37	0	-131.08	1694.64	-0	-0	-0	300	0	200	-0
150	-0	-0	-0	1506	0	-203	-0	-0	-0	-0	2109	0	-203	-0	-0	-0	-0	903	0	-403	-0	-1.02	484.08	-22.53	523.66	0	-131	1686.05	-0	-0	-0	300	0	200	-0
151	-0	-0	-0	1506	0	-203	-0	-0	-0	-0	2109	0	-203	-0	0	0	0	903	0	-403	0	1.02	487.07	-22.94	524.44	0	-130.48	1691.96	-0	-0	-0	300	0	200	-0
152	-0	-0	-0	1506	0	-203	-0	-0	-0	-0	2109	0	-203	-0	-0	-0	-0	903	0	-403	-0	3.12	491.68	-22.6	524.83	0	-130.32	1795.86	-0	-0	-0	300	0	200	-0
153	-0	-0	-0	1506	0	-203	-0	-0	-0	-0	2109	0	-203	-0	-0	-0	-0	903	0	-403	-0	5.16	495.76	-22.87	524.45	0	-130.53	1755.02	-0	-0	-0	300	0	200	-0
154	-0	-0	-0	1506	0	-203	-0	-0	-0	-0	2109	0	-203	-0	-0	-0	-0	903	0	-403	-0	7.13	501.19	-22.6	524.64	0	-130.68	1830.59	-0	-0	-0	300	0	200	-0
155	-0	-0	-0	1506	0	-203	-0	-0	-0	-0	2109	0	-203	-0	-0	-0	-0	903	0	-403	-0	9.23	504.71	-22.67	525.31	0	-130.15	1779.27	-0	-0	-0	300	0	200	-0
156	-0	-0	-0	1506	0	-203	-0	-0	-0	-0	2109	0	-203	-0	0	0	0	903	0	-403	0	11.13	511.23	-22.26	524.67	0	-130.54	1949.23	-0	-0	-0	300	0	200	-0
157	-0	-0	-0	1506	0	-203	-0	-0	-0	-0	2109	0	-203	-0	-0	-0	-0	903	0	-403	-0	12.76	515.85	-21.65	525.04	0	-130.6	2116.36	-0	-0	-0	300	0	200	-0
158	-0	-0	-0	1506	0	-203	-0	-0	-0	-0	2109	0	-203	-0	-0	-0	-0	903	0	-403	-0	15.27	520.46	-21.24	525.94	0	-130.47	2134.58	-0	-0	-0	300	0	200	-0
159	-0	-0	-0	1506	0	-203	-0	-0	-0	-0	2109	0	-203	-0	-0	-0	-0	903	0	-403	-0	16.9	525.35	-20.77	525.99	0	-130.46	2226.02	-0	-0	-0	300	0	200	-0
160	-0	-0	-0	1506	0	-203	-0	-0	-0	-0	2109	0	-203	-0	-0	-0	-0	903	0	-403	-0	18.94	532.14	-20.84	525.88	0	-130.45	2261.63	-0	-0	-0	300	0	200	-0
161	-0	-0	-0	1506	0	-203	-0	-0	-0	-0	2109	0	-203	-0	-0	-0	-0	903	0	-403	-0	20.97	539.47	-20.23	525.93	0	-130.6	2431.43	-0	-0	-0	300	0	200	-0
162	-0	-0	-0	1506	0	-203	-0	-0	-0	-0	2109	0	-203	-0	-0	-0	-0	903	0	-403	-0	23.01	543.81	-20.09	526.79	0	-130.57	2429.48	-0	-0	-0	300	0	200	-0
163	-0	-0	-0	1506	0	-203	-0	-0	-0	-0	2109	0	-203	-0	-0	-0	-0	903	0	-403	-0	24.43	550.6	-19.62	526.67	0	-130.61	2571.72	-0	-0	-0	300	0	200	-0
164	-0	-0	-0	1506	0	-203	-0	-0	-0	-0	2109	0	-203	-0	-0	-0	-0	903	0	-403	-0	26.67	558.2	-19.21	526.6	0	-130.63	2629.72	0	0	0	300	0	200	0
165	-0	-0	-0	1506	0	-203	-0	-0	-0	-0	2109	0	-203	-0	-0	-0	-0	903	0	-403	-0	28.37	563.09	-19	526.93	0	-130.96	2726.83	-0	-0	-0	300	0	200	-0
166	-0	-0	-0	1506	0	-203	-0	-0	-0	-0	2109	0	-203	-0	-0	-0	-0	903	0	-403	-0	30.07	567.97	-18.53	527.77	0	-130.76	2833.75	-0	-0	-0	300	0	200	-0
167	-0	-0	-0	1506	0	-203	-0	-0	-0	-0	2109	0	-203	-0	-0	-0	-0	903	0	-403	-0	32.44	574.22	-18.46	528.08	0	-131.02	2931.92	-0	-0	-0	300	0	200	-0
168	-0	-0	-0	1506	0	-203	-0	-0	-0	-0	2109	0	-203	-0	-0	-0	-0	903	0	-403	-0	34.07	579.92	-17.72	527.82	0	-131.34	3068.09	-0	-0	-0	300	0	200	-0
169	-0	-0	-0	1506	0	-203	-0	-0	-0	-0	2109	0	-203	-0	-0	-0	-0	903	0	-403	-0	36.52	583.99	-17.65	528.73	0	-131.09	3055.36	-0	-0	-0	300	0	200	-0
170	-0	-0	-0	1506	0	-203	-0	-0	-0	-0	2109	0	-203	-0	-0	-0	-0	903	0	-403	-0	38.89	590.51	-16.9	528.96	0	-131.32	3174.21	-0	-0	-0	300	0	200	-0
171	-0	-0	-0	1506	0	-203	-0	-0	-0	-0	2109	0	-203	-0	-0	-0	-0	903	0	-403	-0	40.86	595.4	-17.24	529.1	0	-131.86	3235.53	-0	-0	-0	300	0	200	-0
172	-0	-0	-0	1506	0	-203	-0	-0	-0	-0	2109	0	-203	-0	-0	-0	-0	903	0	-403	-0	42.9	600.83	-16.63	529.14	0	-131.88	3363.67	-0	-0	-0	300	0	200	-0
173	-0	-0	-0	1506	0	-203	-0	-0	-0	-0	2109	0	-203	-0	-0	-0	-0	903	0	-403	-0	45.82	605.71	-16.7	529.36	0	-132.09	3451.57	-0	-0	-0	300	0	200	-0
174	-0	-0	-0	1506	0	-203	-0	-0	-0	-0	2109	0	-203	-0	-0	-0	-0	903	0	-403	-0	47.51	608.43	-16.22	529.81	0	-130.73	3547.55	-0	-0	-0	300	0	200	-0
175	-0	-0	-0	1506	0	-203	-0	-0	-0	-0	2109	0	-203	-0	-0	-0	-0	903	0	-403	-0	50.29	613.04	-15.41	530.13	0	-130.96	3798.85	-0	-0	-0	300	0	200	-0
176	-0	-0	-0	1506	0	-203	-0	-0	-0	-0	2109	0	-203	-0	-0	-0	-0	903	0	-403	-0	53.55	617.66	-15.95	529.84	0	-131.41	3773.01	-0	-0	-0	300	0	200	-0
177	-0	-0	-0	1506	0	-203	-0	-0	-0	-0	2109	0	-203	-0	-0	-0	-0	903	0	-403	-0	56.34	621.19	-15.07	530.27	0	-131.4	3977.92	-0	-0	-0	300	0	200	-0
178	-0	-0	-0	1506	0	-203	-0	-0	-0	-0	2109	0	-203	-0	-0	-0	-0	903	0	-403	-0	59.53	623.9	-16.36	530.7	0	-131.42	3810.62	-0	-0	-0	300	0	200	-0
179	-0	-0	-0	1506	0	-203	-0	-0	-0	-0	2109	0	-203	-0	-0	-0	-0	903	0	-403	-0	63.06	628.52	-16.15	530.61	0	-131.62	3929.15	-0	-0	-0	300	0	200	-0
180	-0	-0	-0	1506	0	-203	-0	-0	-0	-0	2109	0	-203	-0	-0	-0	-0	903	0	-403	-0	66.18	630.42	-16.56	531.29	0	-131.53	3905.33	-0	-0	-0	300	0	200	-0
181	-0	-0	-0	1506	0	-203	-0	-0	-0	-0	2109	0	-203	-0	-0	-0	-0	903	0	-403	-0	69.1	632.86	-16.97	531.57	0	-131.61	3992.84	-0	-0	-0	300	0	200	-0
182	-0	-0	-0	1506	0	-203	-0	-0	-0	-0	2109	0	-203	-0	-0	-0	-0	903	0	-403	-0	72.69	636.39	-17.17	531.7	0	-131.72	4057.05	-0	-0	-0	300	0	200	-0
183	-0	-0	-0	1506	0	-203	-0	-0	-0	-0	2109	0	-203	-0	-0	-0	-0	903	0	-403	-0	76.15	638.02	-17.1	532.32	0	-131.73	4002.32	-0	-0	-0	300	0	200	-0
184	-0	-0	-0	1506	0	-203	-0	-0	-0	-0	2109	0	-203	-0	-0	-0	-0	903	0	-403	-0	79.55	642.09	-17.85	532.13	0	-131.86	4071.26	-0	-0	-0	300	0	200	-0
185	-0	-0	-0	1506	0	-203	-0	-0	-0	-0	2109	0	-203	-0	-0	-0	-0	903	0	-403	-0	83.76	643.18	-18.33	532.84	0	-131.72	3952.72	-0	-0	-0	300	0	200	-0
186	-0	-0	-0	1506	0	-203	-0	-0	-0	-0	2109	0	-203	-0	-0	-0	-0	903	0	-403	-0	86.81	646.98	-19.28	532.87	0	-132.08	3819.64	-0	-0	-0	300	0	200	-0
187	-0	-0	-0	1506	0	-203	-0	-0	-0	-0	2109	0	-203	-0	-0	-0	-0	903	0	-403	-0	89.87	650.24	-19.68	532.94	0	-132.16	3939.89	-0	-0	-0	300	0	200	-0
188	-0	-0	-0	1506	0	-203	-0	-0	-0	-0	2109	0	-203	-0	-0	-0	-0	903	0	-403	-0	93.8	652.41	-20.43	533.56	0	-132.31	3740.31	-0	-0	-0	300	0	200	-0
189	-0	-0	-0	1506	0	-203	-0	-0	-0	-0	2109	0	-203	-0	-0	-0	-0	903	0	-403	-0	96.72	656.21	-19.95	533.8	0	-132.28	3949.02	0	0	0	300	0	200	0
190	-0	-0	-0	1506	0	-203	-0	-0	-0	-0	2109	0	-203	-0	-0	-0	-0	903	0	-403	-0	99.98	658.93	-20.09	534.14	0	-132.46	4005.68	-0	-0	-0	300	0	200	-0
191	-0	-0	-0	1506	0	-203	-0	-0	-0	-0	2109	0	-203	-0	-0	-0	-0	903	0	-403	-0	103.92	661.91	-20.23	534.56	0	-132.51	3978.75	-0	-0	-0	300	0	200	-0
192	-0	-0	-0	1506	0	-203	-0	-0	-0	-0	2109	0	-203	-0	-0	-0	-0	903	0	-403	-0	107.24	663.81	-20.23	534.55	0	-132.46	4032.42	-0	-0	-0	300	0	200	-0
193	-0	-0	-0	1506	0	-203	-0	-0	-0	-0	2109	0	-203	-0	-0	-0	-0	903	0	-403	-0	110.84	664.36	-20.77	535.38	0	-132.69	3895.14	-0	-0	-0	300	0	200	-0
194	-0	-0	-0	1506	0	-203	-0	-0	-0	-0	2109	0	-203	-0	-0	-0	-0	903	0	-403	-0	114.91	665.98	-20.77	535.78	0	-132.8	3754.52	-0	-0	-0	300	0	200	-0
195	-0	-0	-0	1506	0	-203	-0	-0	-0	-0	2109	0	-203	-0	-0	-0	-0	903	0	-403	-0	117.83	666.26	-21.38	536.07	0	-132.97	3595.52	-0	-0	-0	300	0	200	-0
196	-0	-0	-0	1506	0	-203	-0	-0	-0	-0	2109	0	-203	-0	-0	-0	-0	903	0	-403	-0	120.34	667.61	-21.11	536.09	0	-133.21	3759.5	-0	-0	-0	300	0	200	-0
197	-0	-0	-0	1506	0	-203	-0	-0	-0	-0	2109	0	-203	-0	-0	-0	-0	903	0	-403	-0	124.14	666.53	-21.11	536.78	0	-133.33	3507.51	-0	-0	-0	300	0	200	-0
198	-0	-0	-0	1506	0	-203	-0	-0	-0	-0	2109	0	-203	-0	-0	-0	-0	903	0	-403	-0	126.79	665.44	-20.63	537.19	0	-133.4	3667.43	-0	-0	-0	300	0	200	-0
199	-0	-0	-0	1506	0	-203	-0	-0	-0	-0	2109	0	-203	-0	-0	-0	-0	903	0	-403	-0	129.78	663.81	-19.95	537.73	0	-133.63	3692.28	0	0	0	300	0	200	0
200	-0	-0	-0	1506	0	-203	-0	-0	-0	-0	2109	0	-203	-0	-0	-0	-0	903	0	-403	-0	133.58	661.37	-20.09	538.11	0	-133.81	3562.97	-0	-0	-0	300	0	200	-0
201	-0	-0	-0	1506	0	-203	-0	-0	-0	-0	2109	0	-203	-0	-0	-0	-0	903	0	-403	-0	137.11	660.28	-19.75	537.75	0	-134.19	3611.52	-0	-0	-0	300	0	200	-0
202	-0	-0	-0	1506	0	-203	-0	-0	-0	-0	2109	0	-203	-0	-0	-0	-0	903	0	-403	-0	140.7	654.58	-20.02	539.06	0	-134.37	3319.24	-0	-0	-0	300	0	200	-0
203	-0	-0	-0	1506	0	-203	-0	-0	-0	-0	2109	0	-203	-0	-0	-0	-0	903	0	-403	-0	143.96	650.78	-19.95	539	0	-134.97	3283.37	-0	-0	-0	300	0	200	-0
204	-0	-0	-0	1506	0	-203	-0	-0	-0	-0	2109	0	-203	-0	-0	-0	-0	903	0	-403	-0	145.25	644.54	-20.29	539.68	0	-134.93	2934.62	-0	-0	-0	300	0	200	-0
205	-0	-0	-0	1506	0	-203	-0	-0	-0	-0	2109	0	-203	-0	-0	-0	-0	903	0	-403	-0	147.69	638.56	-20.23	539.79	0	-135.18	2886.45	-0	-0	-0	300	0	200	-0
206	-0	-0	-0	1506	0	-203	-0	-0	-0	-0	2109	0	-203	-0	-0	-0	-0	903	0	-403	-0	149.8	629.06	-19.62	540.41	0	-135.71	2821.63	-0	-0	-0	300	0	200	-0
207	-0	-0	-0	1506	0	-203	-0	-0	-0	-0	2109	0	-203	-0	-0	-0	-0	903	0	-403	-0	154.96	620.92	-19.62	540.83	0	-135.78	2343.03	-0	-0	-0	300	0	200	-0
208	-0	-0	-0	1506	0	-203	-0	-0	-0	-0	2109	0	-203	-0	-0	-0	-0	903	0	-403	-0	158.83	611.69	-19.95	540.83	0	-136.1	2063.43	-0	-0	-0	300	0	200	-0
209	-0	-0	-0	1506	0	-203	-0	-0	-0	-0	2109	0	-203	-0	-0	-0	-0	903	0	-403	-0	162.83	601.1	-19.34	541.2	0	-138.2	2245.21	-0	-0	-0	300	0	200	-0
210	-0	-0	-0	1506	0	-203	-0	-0	-0	-0	2109	0	-203	-0	-0	-0	-0	903	0	-403	-0	159.78	586.44	-18.39	541.91	0	-138.04	2223.03	-0	-0	-0	300	0	200	-0
211	-0	-0	-0	1506	0	-203	-0	-0	-0	-0	2109	0	-203	-0	-5.02	30.41	0.07	1113.46	0	-227.01	-103.4	160.32	573.95	-18.12	542.56	0	-138.41	2043.27	-0	-0	-0	300	0	200	-0
212	-0	-0	-0	1506	0	-203	-0	-0	-0	-0	2109	0	-203	-0	-18.12	164.26	-0.27	1117.62	0	-214.33	-166.2	161.88	554.67	-17.24	542.54	0	-138.47	1669.62	-0	-0	-0	300	0	200	-0
213	-0	-0	-0	1506	0	-203	-0	-0	-0	-0	2109	0	-203	-0	-31.56	330.14	-9.77	1119.49	0	-218.72	290.18	164.66	544.35	-16.83	542.78	0	-139.33	1491.09	-0	-0	-0	300	0	200	-0
214	-0	-0	-0	1506	0	-203	-0	-0	-0	-0	2109	0	-203	-0	-33.87	302.72	-15.75	1120.1	0	-218.84	1005.07	163.92	523.99	-15.61	543.58	0	-139.54	1296.95	0	0	0	300	0	200	0
215	-0	-0	-0	1506	0	-203	-0	-0	-0	-0	2109	0	-203	-0	-38.96	277.74	-18.19	1123.13	0	-217.48	1285.91	161.27	500.91	-12.69	545.55	0	-140.28	863.17	-0	-0	-0	300	0	200	-0
216	-0	-0	-0	1506	0	-203	-0	-0	-0	-0	2109	0	-203	-0	-45.34	287.51	-17.24	1124.72	0	-217.55	1591.49	158.62	476.75	-10.32	545.52	0	-140.43	986.3	-0	-0	-0	300	0	200	-0
217	-0	-0	-0	1506	0	-203	-0	-0	-0	-0	2109	0	-203	-0	-51.45	317.92	-15	1125.46	0	-219.45	1219	151.7	449.87	-7.87	545.6	0	-140.61	1055.74	-0	-0	-0	300	0	200	-0
218	-0	-0	-0	1506	0	-203	-0	-0	-0	-0	2109	0	-203	-0	-55.79	349.42	-12.22	1129.1	0	-217.52	323.08	146.34	420.55	-5.29	544.29	0	-141.54	794.51	-0	-0	-0	300	0	200	-0
219	-0	-0	-0	1506	0	-203	-0	-0	-0	-0	2109	0	-203	-0	-67.06	386.07	-8.96	1128.85	0	-219.02	963.61	140.16	389.6	-3.6	544.62	0	-141.37	461.46	-0	-0	-0	300	0	200	-0
220	-0	-0	-0	1506	0	-203	-0	-0	-0	-0	2109	0	-203	-0	-72.63	400.73	-7.47	1129.71	0	-219.93	355.69	133.24	356.48	-2.85	547	0	-142.1	74.07	-0	-0	-0	300	0	200	-0
221	-0	-0	-0	1506	0	-203	-0	-0	-0	-0	2109	0	-203	-0	-79.41	404.26	-5.09	1130.66	0	-219.96	710.85	120.95	310.59	-0.75	551.16	0	-141.72	-545.06	0	0	0	300	0	200	0
222	-0	-0	-0	1506	0	-203	-0	-0	-0	-0	2109	0	-203	-0	-80.77	405.62	-3.73	1133	0	-219.45	1026.72	113.21	278.01	0.34	553.11	0	-142.58	-524.67	-0	-0	-0	300	0	200	-0
223	-0	-0	-0	1506	0	-203	-0	-0	-0	-0	2109	0	-203	-0	-80.97	406.7	-1.15	1133.57	0	-220.45	1068.92	101	239.46	2.38	553.77	0	-143.39	-259.77	-0	-0	-0	300	0	200	-0
224	-0	-0	-0	1506	0	-203	-0	-0	-0	-0	2109	0	-203	-0	-77.92	404.8	0.54	1135.71	0	-219.49	707.84	86.4	197.11	3.12	559.53	0	-144.85	-764.23	-0	-0	-0	300	0	200	-0
225	-0	-0	-0	1506	0	-203	-0	-0	-0	-0	2109	0	-203	-0	-76.36	413.76	4.14	1135.43	0	-221.33	808.26	72.63	166.7	4.68	562.94	0	-144.92	-16.38	-0	-0	-0	300	0	200	-0
226	-0	-0	-0	1506	0	-203	-0	-0	-0	-0	2109	0	-203	-0	-76.7	425.71	8.01	1135.72	0	-221.21	251.36	59.25	141.72	4.95	569.38	0	-145.39	-15.5	-0	-0	-0	300	0	200	-0
227	-2.41	39.17	7.62	1309.32	0	-280.94	-220.3	-0	-0	-0	2109	0	-203	-0	-79.96	438.2	12.42	1136.57	0	-221.71	22.94	43.71	122.45	4.95	572.92	0	-144.77	-308.81	-0	-0	-0	300	0	200	-0
228	-5.3	49.84	7.96	1288.28	0	-272.98	136.19	-0	-0	-0	2109	0	-203	-0	-88.44	450.14	16.36	1138.01	0	-221.8	173.66	34.28	108.87	4.14	575.41	0	-146.5	-17.14	-0	-0	-0	300	0	200	-0
229	-7.39	57.36	11.36	1271.38	0	-272.75	-678.21	-0	-0	-0	2109	0	-203	-0	-96.99	459.1	18.94	1138.41	0	-221.58	239.57	28.17	95.3	2.99	574.26	0	-146.99	-306.94	-0	-0	-0	300	0	200	-0
230	-8.68	73.97	12.35	1302.04	0	-268.12	246.06	-0	-0	-0	2109	0	-203	-0	-106.9	464.8	20.7	1139.41	0	-221.91	700.89	22.19	75.2	2.44	580.78	0	-144.31	-525.09	-0	-0	-0	300	0	200	-0
231	-9.8	82.13	14.93	1288.04	0	-264.72	-713.09	-0	-0	-0	2109	0	-203	-0	-114.44	466.7	22.13	1140.84	0	-220.99	706.34	19.62	60	1.63	589.63	0	-142.55	-169.29	-0	-0	-0	300	0	200	-0
232	-10.93	92.16	13.65	1289.4	0	-263.55	331.61	-0	-0	-0	2109	0	-203	-0	-119.19	471.05	23.62	1140.78	0	-221.76	745.27	15.95	45.07	1.76	594.7	0	-139.65	4.43	-0	-0	-0	300	0	200	-0
233	-10.77	99.38	9.26	1280.62	0	-255.59	-102.03	-0	-0	-0	2109	0	-203	-0	-120.14	472.95	24.37	1142.74	0	-220.5	786.7	12.35	30.95	1.02	596.33	0	-138.39	-189.62	-0	-0	-0	300	0	200	-0
234	-12.21	110.35	10.07	1294.99	0	-254.43	-251.67	-0	-0	-0	2109	0	-203	-0	-121.36	485.71	26	1141.47	0	-221.32	721.23	-0	-0	-0	300	0	-203	-0	-0	-0	-0	300	0	200	-0
235	-10.61	117.57	7.48	1291	0	-251.36	-163.62	-0	-0	-0	2109	0	-203	-0	-120.61	495.21	25.18	1141.07	0	-222	196.7	-0	-0	-0	300	0	-203	-0	-0	-0	-0	300	0	200	-0
236	-10.45	121.96	6.84	1287.49	0	-252.34	172.94	-0	-0	-0	2109	0	-203	-0	-119.39	499.55	25.52	1142.37	0	-221.2	600.52	-0	-0	-0	300	0	-203	-0	-0	-0	-0	300	0	200	-0
237	-9.32	131.05	4.89	1297.79	0	-249.33	452.04	-0	-0	-0	2109	0	-203	-0	-119.66	508.24	25.79	1141.67	0	-221.51	492.18	-0	-0	-0	300	0	-203	-0	-0	-0	-0	300	0	200	-0
238	-8.36	136.37	6.17	1298.43	0	-251.75	-287.88	-0	-0	-0	2109	0	-203	-0	-119.66	509.87	26.34	1143.5	0	-220.28	1234.76	-0	-0	-0	300	0	-203	-0	-0	-0	-0	300	0	200	-0
239	-7.39	135.44	5.2	1289.49	0	-251.6	-137.55	-0	-0	-0	2109	0	-203	-0	-120.68	518.83	26.67	1141.48	0	-221.81	1523.57	-0	-0	-0	300	0	-203	-0	0	0	0	300	0	200	0
240	-7.07	143.9	5.21	1301	0	-246.9	22.51	-0	-0	-0	2109	0	-203	-0	-118.85	520.46	26.54	1143.46	0	-220.15	1443.41	-0	-0	-0	300	0	-203	-0	-0	-0	-0	300	0	200	-0
241	-4.5	146.72	6.82	1303.65	0	-249.38	-58.24	-0	-0	-0	2109	0	-203	-0	-116.88	526.43	26.61	1142.83	0	-220.52	1499.85	-0	-0	-0	300	0	-203	-0	-0	-0	-0	300	0	200	-0
242	-5.95	151.43	5.21	1308.23	0	-245.71	328.63	-0	-0	-0	2109	0	-203	-0	-113.28	526.97	25.32	1143.73	0	-219.79	1018.77	-0	-0	-0	300	0	-203	-0	-0	-0	-0	300	0	200	-0
243	-3.7	146.1	4.4	1294.47	0	-246.76	333.01	-0	-0	-0	2109	0	-203	-0	-110.97	528.06	26.47	1143.89	0	-219.7	1117.58	-0	-0	-0	300	0	-203	-0	-0	-0	-0	300	0	200	-0
244	-4.66	148.61	2.94	1297.73	0	-247.51	647.64	-0	-0	-0	2109	0	-203	-0	-107.24	529.42	25.93	1142.73	0	-220.14	890.14	-0	-0	-0	300	0	-203	-0	-0	-0	-0	300	0	200	-0
245	-1.93	149.55	4.71	1292.79	0	-247.41	-250.98	-0	-0	-0	2109	0	-203	-0	-106.02	526.43	26.13	1143.56	0	-219.84	1279.88	-0	-0	-0	300	0	-203	-0	-0	-0	-0	300	0	200	-0
246	-2.41	151.75	5.03	1293.66	0	-245.92	-146.71	-0	-0	-0	2109	0	-203	-0	-103.03	525.89	25.72	1142.18	0	-220.83	1093.85	-0	-0	-0	300	0	-203	-0	-0	-0	-0	300	0	200	-0
247	-0.8	153.95	4.06	1297.6	0	-242.92	-201.5	-0	-0	-0	2109	0	-203	-0	-100.86	518.83	25.93	1143.47	0	-219.52	1625.98	-0	-0	-0	300	0	-203	-0	-0	-0	-0	300	0	200	-0
248	0.16	156.45	3.11	1298.82	0	-244.98	748.44	-0	-0	-0	2109	0	-203	-0	-98.69	516.93	25.86	1142.54	0	-220.48	1644.71	-0	-0	-0	300	0	-203	-0	-0	-0	-0	300	0	200	-0
249	-1.45	157.72	5.03	1284.89	0	-243.58	-146.02	-0	-0	-0	2109	0	-203	-0	-95.16	507.97	24.84	1143.37	0	-220.11	1557.06	-0	-0	-0	300	0	-203	-0	-0	-0	-0	300	0	200	-0
250	-0.16	163.35	6.17	1295.96	0	-243.68	40.67	-0	-0	-0	2109	0	-203	-0	-91.36	503.08	24.03	1142.72	0	-220.52	1243.32	-0	-0	-0	300	0	-203	-0	-0	-0	-0	300	0	200	-0
251	0.64	164.93	6.82	1293.26	0	-241.51	-267.85	-0	-0	-0	2109	0	-203	-0	-88.24	494.12	22.53	1142.88	0	-220.48	838.48	-0	-0	-0	300	0	-203	-0	0	0	0	300	0	200	0
252	0.32	172.13	7.78	1300.98	0	-243.34	-295.89	-0	-0	-0	2109	0	-203	-0	-84.64	481.09	22.13	1144.19	0	-219.69	993.49	-0	-0	-0	300	0	-203	-0	-0	-0	-0	300	0	200	-0
253	0.48	174.02	6.33	1300.36	0	-239.84	219.64	-0	-0	-0	2109	0	-203	-0	-82.87	471.86	20.97	1143.61	0	-219.97	907.08	-0	-0	-0	300	0	-203	-0	-0	-0	-0	300	0	200	-0
254	2.89	179.03	7.95	1296.26	0	-244.68	-21.21	-0	-0	-0	2109	0	-203	-0	-81.04	459.92	21.92	1145.25	0	-219.41	1301.74	-0	-0	-0	300	0	-203	-0	-0	-0	-0	300	0	200	-0
255	-0	180.6	8.6	1294.2	0	-243.1	-127.41	-0	-0	-0	2109	0	-203	-0	-79.07	447.43	20.91	1143.9	0	-220.61	1333.13	-0	-0	-0	300	0	-203	-0	-0	-0	-0	300	0	200	-0
256	0.48	190.63	9.89	1301.5	0	-240.26	-572.63	-0	-0	-0	2109	0	-203	-0	-76.56	431.68	21.18	1145.4	0	-219.51	1411.2	-0	-0	-0	300	0	-203	-0	-0	-0	-0	300	0	200	-0
257	1.61	188.75	10.22	1294.45	0	-243.74	153.09	-0	-0	-0	2109	0	-203	-0	-74.19	419.19	20.63	1145.72	0	-219.8	1166.42	-0	-0	-0	300	0	-203	-0	-0	-0	-0	300	0	200	-0
258	-0	195.96	11.36	1294.48	0	-242.92	-503.65	-0	-0	-0	2109	0	-203	-0	-71.68	401.54	19.89	1146.35	0	-220.34	1178.65	-0	-0	-0	300	0	-203	-0	-0	-0	-0	300	0	200	-0
259	1.45	200.04	12.16	1293.8	0	-243.23	-314.96	-0	-0	-0	2109	0	-203	-0	-69.03	387.43	19.41	1146.5	0	-219.73	941.26	-0	-0	-0	300	0	-203	-0	-0	-0	-0	300	0	200	-0
260	1.61	213.52	12.82	1299.31	0	-240.36	89.8	-0	-0	-0	2109	0	-203	-0	-67.06	374.67	17.99	1145.96	0	-220.78	522.41	-0	-0	-0	300	0	-203	-0	-0	-0	-0	300	0	200	-0
261	2.09	213.83	12.98	1301.18	0	-244.32	-213.89	-0	-0	-0	2109	0	-203	-0	-64.48	356.75	18.26	1146.33	0	-221.02	768.14	-0	-0	-0	300	0	-203	-0	0	0	0	300	0	200	0
262	1.12	220.1	14.11	1299.41	0	-241.86	-68.58	-0	-0	-0	2109	0	-203	-0	-62.85	342.09	17.65	1147.12	0	-220.32	734.65	-0	-0	-0	300	0	-203	-0	-0	-0	-0	300	0	200	-0
263	1.61	226.68	15.41	1299.14	0	-242.61	-170.65	-0	-0	-0	2109	0	-203	-0	-61.15	327.7	18.12	1148.84	0	-220.17	987.78	-0	-0	-0	300	0	-203	-0	-0	-0	-0	300	0	200	-0
264	1.61	232.64	16.07	1296.09	0	-244.53	-2.53	-0	-0	-0	2109	0	-203	-0	-58.44	311.68	18.12	1148.46	0	-220.64	1029.38	-0	-0	-0	300	0	-203	-0	0	0	0	300	0	200	0
265	2.25	242.36	16.07	1297.64	0	-242.71	-58.02	-0	-0	-0	2109	0	-203	-0	-56.13	298.1	17.58	1148.63	0	-221.22	778.41	-0	-0	-0	300	0	-203	-0	-0	-0	-0	300	0	200	-0
266	1.45	248.95	17.85	1298.22	0	-243.58	183.05	-0	-0	-0	2109	0	-203	-0	-53.35	284.26	17.58	1149.58	0	-221.54	632.72	-0	-0	-0	300	0	-203	-0	-0	-0	-0	300	0	200	-0
267	1.29	257.41	17.37	1299.41	0	-243.65	246.06	-0	-0	-0	2109	0	-203	-0	-51.38	265.52	17.1	1150.61	0	-220.47	675.5	-0	-0	-0	300	0	-203	-0	-0	-0	-0	300	0	200	-0
268	0.96	263.36	18.99	1299.5	0	-244.57	-122.1	-0	-0	-0	2109	0	-203	-0	-49.14	251.41	16.43	1150.58	0	-220.81	465.94	-0	-0	-0	300	0	-203	-0	-0	-0	-0	300	0	200	-0
269	-3.22	268.07	19.32	1298.87	0	-243.08	15.52	-0	-0	-0	2109	0	-203	-0	-48.73	238.37	15.34	1150.98	0	-221.32	505.74	-0	-0	-0	300	0	-203	-0	-0	-0	-0	300	0	200	-0
270	-2.09	284.99	21.42	1302.99	0	-243.51	-104.45	-0	-0	-0	2109	0	-203	-0	-46.15	221	14.53	1151.82	0	-221.52	433.13	-0	-0	-0	300	0	-203	-0	-0	-0	-0	300	0	200	-0
271	-4.66	281.86	20.14	1298.53	0	-245.25	223.68	-0	-0	-0	2109	0	-203	-0	-45.27	208.78	13.51	1151.65	0	-222.99	435.27	0	0	0	300	0	-203	0	-0	-0	-0	300	0	200	-0
272	-3.22	289.07	21.58	1297.65	0	-244.08	-544.06	-0	-0	-0	2109	0	-203	-0	-43.37	194.12	12.96	1154.94	0	-220.05	774.7	-0	-0	-0	300	0	-203	-0	-0	-0	-0	300	0	200	-0
273	-1.93	294.4	20.94	1299.29	0	-244.08	87.98	-0	-0	-0	2109	0	-203	-0	-40.79	183.8	11.54	1149.65	0	-224.64	338.51	-0	-0	-0	300	0	-203	-0	-0	-0	-0	300	0	200	-0
274	-4.98	300.36	21.43	1298.94	0	-244.31	98.16	-0	-0	-0	2109	0	-203	-0	-39.5	171.31	10.25	1152.57	0	-222.34	507.55	-0	-0	-0	300	0	-203	-0	-0	-0	-0	300	0	200	-0
275	-4.02	308.51	19.82	1300.08	0	-244.44	402.54	-0	-0	-0	2109	0	-203	-0	-36.79	161.81	9.1	1152.48	0	-223.41	313.05	0	0	0	300	0	-203	0	-0	-0	-0	300	0	200	-0
276	-5.95	311.64	21.59	1299.44	0	-245.44	-349.85	-0	-0	-0	2109	0	-203	-0	-35.57	150.41	7.47	1152.05	0	-222.81	342.98	-0	-0	-0	300	0	-203	-0	-0	-0	-0	300	0	200	-0
277	-4.34	319.8	22.4	1298.68	0	-244	-619.02	-0	-0	-0	2109	0	-203	-0	-33.05	139.01	6.52	1156.6	0	-220.63	372.72	-0	-0	-0	300	0	-203	-0	-0	-0	-0	300	0	200	-0
278	-4.66	323.56	20.63	1302.2	0	-244.02	339.62	-0	-0	-0	2109	0	-203	-0	-32.31	132.22	5.36	1153.87	0	-222.75	373.04	-0	-0	-0	300	0	-203	-0	-0	-0	-0	300	0	200	-0
279	-6.75	328.26	21.76	1299.66	0	-244.29	-276.41	-0	-0	-0	2109	0	-203	-0	-30.34	121.09	3.8	1157	0	-221.44	231.55	-0	-0	-0	300	0	-203	-0	0	0	0	300	0	200	0
280	-8.04	337.98	20.32	1304.11	0	-244.09	503.56	-0	-0	-0	2109	0	-203	-0	-28.98	115.93	2.99	1150.46	0	-225.62	196.21	-0	-0	-0	300	0	-203	-0	0	0	0	300	0	200	0
281	-9.48	340.17	21.44	1301.34	0	-245.1	-404.28	-0	-0	-0	2109	0	-203	-0	-28.1	106.97	1.83	1154.94	0	-222.62	286.14	-0	-0	-0	300	0	-203	-0	-0	-0	-0	300	0	200	-0
282	-8.2	347.07	22.73	1302.33	0	-244.73	-407.68	-0	-0	-0	2109	0	-203	-0	-25.93	98.01	1.15	1158.13	0	-223.72	212.22	-0	-0	-0	300	0	-203	-0	-0	-0	-0	300	0	200	-0
283	-8.36	348.33	22.9	1300.88	0	-244.56	-260.43	-0	-0	-0	2109	0	-203	-0	-24.91	93.12	0.34	1149.15	0	-226.75	143.26	-0	-0	-0	300	0	-203	-0	-0	-0	-0	300	0	200	-0
284	-9.16	357.73	22.41	1304.06	0	-244.16	-287.21	-0	-0	-0	2109	0	-203	-0	-23.76	84.44	-0.68	1159.94	0	-221.36	175.57	-0	-0	-0	300	0	-203	-0	-0	-0	-0	300	0	200	-0
285	-8.2	361.81	23.88	1303.18	0	-242.98	33.88	-0	-0	-0	2109	0	-203	-0	-22.6	79.01	-1.02	1154.73	0	-223.72	173.93	-0	-0	-0	300	0	-203	-0	-0	-0	-0	300	0	200	-0
286	-11.09	363.38	21.13	1300.04	0	-244.52	-119.33	-0	-0	-0	2109	0	-203	-0	-21.45	71.4	-1.7	1161.83	0	-220.47	140	-0	-0	-0	300	0	-203	-0	-0	-0	-0	300	0	200	-0
287	-10.13	369.65	25.01	1302.64	0	-244.12	-624.16	-0	-0	-0	2109	0	-203	-0	-20.57	67.87	-1.29	1155.99	0	-223.98	214.44	-0	-0	-0	300	0	-203	-0	-0	-0	-0	300	0	200	-0
288	-11.9	370.28	23.24	1302.42	0	-243.67	-68	-0	-0	-0	2109	0	-203	-0	-19.95	61.9	-2.44	1155.22	0	-222.53	131.97	-0	-0	-0	300	0	-203	-0	-0	-0	-0	300	0	200	-0
289	-8.2	377.17	25.35	1304.95	0	-244.45	87.68	-0	-0	-0	2109	0	-203	-0	-18.6	57.83	-2.1	1155.57	0	-223.41	138.11	-0	-0	-0	300	0	-203	-0	-0	-0	-0	300	0	200	-0
290	-12.06	377.49	24.7	1304.8	0	-243.21	-86.07	-0	-0	-0	2109	0	-203	-0	-18.33	54.84	-2.78	1148.2	0	-222.94	300.54	-0	-0	-0	300	0	-203	-0	-0	-0	-0	300	0	200	-0
291	-10.13	384.38	24.86	1305.05	0	-242.26	-159.91	-0	-0	-0	2109	0	-203	-0	-17.17	49.96	-2.51	1152.31	0	-217.47	487.71	-0	-0	-0	300	0	-203	-0	-0	-0	-0	300	0	200	-0
292	-10.61	386.9	25.99	1304.68	0	-241.29	-442.46	-0	-0	-0	2109	0	-203	-0	-16.7	49.14	-2.92	1139.6	0	-228.71	276.76	-0	-0	-0	300	0	-203	-0	-0	-0	-0	300	0	200	-0
293	-9.81	387.84	26.32	1304.14	0	-242.22	-506.58	-0	-0	-0	2109	0	-203	-0	-15.75	44.8	-3.19	1153.92	0	-222.58	189.03	-0	-0	-0	300	0	-203	-0	-0	-0	-0	300	0	200	-0
294	-8.2	388.46	26.97	1303.37	0	-243.82	-156.93	-0	-0	-0	2109	0	-203	-0	-14.73	41.54	-2.71	1156.67	0	-216.07	375.1	-0	-0	-0	300	0	-203	-0	-0	-0	-0	300	0	200	-0
295	-9.49	391.91	26.64	1303.24	0	-242.25	-698.54	-0	-0	-0	2109	0	-203	-0	-14.8	39.64	-3.73	1160.83	0	-231.46	-265.49	-0	-0	-0	300	0	-203	-0	-0	-0	-0	300	0	200	-0
296	-7.72	396.93	28.58	1303.17	0	-241.9	-1012.48	-0	-0	-0	2109	0	-203	-0	-13.91	38.28	-2.71	1157.36	0	-235.47	-121.36	-0	-0	-0	300	0	-203	-0	-0	-0	-0	300	0	200	-0
297	-8.68	398.5	26.79	1303.69	0	-241.68	-797.66	-0	-0	-0	2109	0	-203	-0	-13.57	34.75	-3.05	1164.94	0	-227.98	-32.58	-0	-0	-0	300	0	-203	-0	-0	-0	-0	300	0	200	-0
298	-9.33	405.71	27.77	1306.44	0	-241.15	-1129.39	-0	-0	-0	2109	0	-203	-0	-12.62	33.12	-3.19	1160.75	0	-228.53	-122.9	-0	-0	-0	300	0	-203	-0	-0	-0	-0	300	0	200	-0
299	-8.68	403.52	28.26	1302.48	0	-241.02	-688.61	-0	-0	-0	2109	0	-203	-0	-12.35	32.04	-3.05	1157	0	-232.09	-71.24	-0	-0	-0	300	0	-203	-0	-0	-0	-0	300	0	200	-0
300	-9.33	410.1	27.93	1304.91	0	-241.82	-1165.43	-0	-0	-0	2109	0	-203	-0	-0	-0	-0	903	0	-403	-0	-0	-0	-0	300	0	-203	-0	-0	-0	-0	300	0	200	-0
301	-8.52	417.62	27.62	1306.52	0	-241.16	-563.58	-0	-0	-0	2109	0	-203	-0	-10.59	30.14	-3.39	1141.44	0	-245.56	-278.29	-0	-0	-0	300	0	-203	-0	-0	-0	-0	300	0	200	-0
302	-8.52	421.39	26.8	1306.22	0	-239.12	-798.9	-0	-0	-0	2109	0	-203	-0	-0	-0	-0	903	0	-403	-0	0	0	0	300	0	-203	0	-0	-0	-0	300	0	200	-0
303	-6.28	421.4	24.86	1304.39	0	-239.7	-561.51	-0	-0	-0	2109	0	-203	-0	-0	-0	-0	903	0	-403	-0	-0	-0	-0	300	0	-203	-0	-0	-0	-0	300	0	200	-0
304	-7.72	425.47	26.31	1303.65	0	-240.33	-994.43	-0	-0	-0	2109	0	-203	-0	-0	-0	-0	903	0	-403	-0	-0	-0	-0	300	0	-203	-0	-0	-0	-0	300	0	200	-0
305	-6.6	435.81	25.02	1306.71	0	-241.06	-807.14	-0	-0	-0	2109	0	-203	-0	-0	-0	-0	903	0	-403	-0	-0	-0	-0	300	0	-203	-0	-0	-0	-0	300	0	200	-0
306	-6.44	439.89	26.16	1306.44	0	-240.49	-848.81	-0	-0	-0	2109	0	-203	-0	-0	-0	-0	903	0	-403	-0	-0	-0	-0	300	0	-203	-0	-0	-0	-0	300	0	200	-0
307	-6.12	444.91	27.77	1305.9	0	-239.72	-1372.82	-0	-0	-0	2109	0	-203	-0	-0	-0	-0	903	0	-403	-0	-0	-0	-0	300	0	-203	-0	-0	-0	-0	300	0	200	-0
308	-4.35	453.37	28.25	1307.75	0	-239.73	-1313.35	-0	-0	-0	2109	0	-203	-0	-0	-0	-0	903	0	-403	-0	-0	-0	-0	300	0	-203	-0	-0	-0	-0	300	0	200	-0
309	-2.58	458.09	25.66	1305.19	0	-238.23	-1231.46	-0	-0	-0	2109	0	-203	-0	-0	-0	-0	903	0	-403	-0	-0	-0	-0	300	0	-203	-0	0	0	0	300	0	200	0
310	-2.26	464.35	26.3	1306.03	0	-239.95	-1536.27	-0	-0	-0	2109	0	-203	-0	-0	-0	-0	903	0	-403	-0	-0	-0	-0	300	0	-203	-0	-0	-0	-0	300	0	200	-0
311	-0.49	470.31	26.63	1304.61	0	-239.21	-1373.2	-0	-0	-0	2109	0	-203	-0	-0	-0	-0	903	0	-403	-0	-0	-0	-0	300	0	-203	-0	-0	-0	-0	300	0	200	-0
312	1.44	480.03	27.76	1306.92	0	-238.75	-1768.26	-0	-0	-0	2109	0	-203	-0	-0	-0	-0	903	0	-403	-0	-0	-0	-0	300	0	-203	-0	-0	-0	-0	300	0	200	-0
313	1.76	482.22	26.31	1306.17	0	-239.44	-1147.21	-0	-0	-0	2109	0	-203	-0	-0	-0	-0	903	0	-403	-0	-0	-0	-0	300	0	-203	-0	-0	-0	-0	300	0	200	-0
314	2.72	487.55	26.94	1306.27	0	-239.21	-1752.14	-0	-0	-0	2109	0	-203	-0	-0	-0	-0	903	0	-403	-0	-0	-0	-0	300	0	-203	-0	-0	-0	-0	300	0	200	-0
315	4.81	494.76	27.27	1305.7	0	-239.03	-1840.51	-0	-0	-0	2109	0	-203	-0	-0	-0	-0	903	0	-403	-0	-0	-0	-0	300	0	-203	-0	-0	-0	-0	300	0	200	-0
316	5.29	504.17	27.43	1306.75	0	-239.53	-1875.27	-0	-0	-0	2109	0	-203	-0	-0	-0	-0	903	0	-403	-0	-0	-0	-0	300	0	-203	-0	-0	-0	-0	300	0	200	-0
317	8.18	507.94	27.42	1305.05	0	-238.82	-2400.12	-0	-0	-0	2109	0	-203	-0	-0	-0	-0	903	0	-403	-0	-0	-0	-0	300	0	-203	-0	-0	-0	-0	300	0	200	-0
318	10.43	519.22	26.94	1307.69	0	-239.67	-1866.3	-0	-0	-0	2109	0	-203	-0	-0	-0	-0	903	0	-403	-0	-0	-0	-0	300	0	-203	-0	-0	-0	-0	300	0	200	-0
319	11.72	522.68	25.46	1304.2	0	-238.63	-2333.43	-0	-0	-0	2109	0	-203	-0	-0	-0	-0	903	0	-403	-0	-0	-0	-0	300	0	-203	-0	0	0	0	300	0	200	0
320	13.65	530.51	26.92	1305.34	0	-239.18	-2640.14	-0	-0	-0	2109	0	-203	-0	-0	-0	-0	903	0	-403	-0	-0	-0	-0	300	0	-203	-0	-0	-0	-0	300	0	200	-0
321	15.1	537.41	25.3	1306.41	0	-239.55	-2007.73	-0	-0	-0	2109	0	-203	-0	-0	-0	-0	903	0	-403	-0	-0	-0	-0	300	0	-203	-0	-0	-0	-0	300	0	200	-0
322	17.02	542.11	26.75	1305.65	0	-240.01	-2861.24	-0	-0	-0	2109	0	-203	-0	-0	-0	-0	903	0	-403	-0	-0	-0	-0	300	0	-203	-0	-0	-0	-0	300	0	200	-0
323	21.04	548.38	25.46	1306.46	0	-240.52	-2378.65	-0	-0	-0	2109	0	-203	-0	-0	-0	-0	903	0	-403	-0	-0	-0	-0	300	0	-203	-0	-0	-0	-0	300	0	200	-0
324	20.88	557.79	25.28	1306.89	0	-239.9	-2739.91	-0	-0	-0	2109	0	-203	-0	-0	-0	-0	903	0	-403	-0	-0	-0	-0	300	0	-203	-0	-0	-0	-0	300	0	200	-0
325	24.74	564.37	25.45	1306.55	0	-240.46	-2605.28	-0	-0	-0	2109	0	-203	-0	-0	-0	-0	903	0	-403	-0	-0	-0	-0	300	0	-203	-0	-0	-0	-0	300	0	200	-0
326	25.38	568.76	23.5	1303.95	0	-240.86	-2286.04	-0	-0	-0	2109	0	-203	-0	-0	-0	-0	903	0	-403	-0	-0	-0	-0	300	0	-203	-0	-0	-0	-0	300	0	200	-0
327	30.04	575.35	24.46	1304.58	0	-240.67	-2994.07	-0	-0	-0	2109	0	-203	-0	-0	-0	-0	903	0	-403	-0	-0	-0	-0	300	0	-203	-0	-0	-0	-0	300	0	200	-0
328	30.84	582.55	23.97	1306.17	0	-240.57	-2832.03	-0	-0	-0	2109	0	-203	-0	-0	-0	-0	903	0	-403	-0	-0	-0	-0	300	0	-203	-0	-0	-0	-0	300	0	200	-0
329	36.15	588.83	22.03	1304.26	0	-240.84	-2440.26	-0	-0	-0	2109	0	-203	-0	-0	-0	-0	903	0	-403	-0	-0	-0	-0	300	0	-203	-0	-0	-0	-0	300	0	200	-0
330	36.15	597.92	23.16	1305.75	0	-240.36	-2836.13	-0	-0	-0	2109	0	-203	-0	-0	-0	-0	903	0	-403	-0	-0	-0	-0	300	0	-203	-0	-0	-0	-0	300	0	200	-0
331	40	602	21.53	1303.77	0	-240.55	-3124.74	-0	-0	-0	2109	0	-203	-0	-0	-0	-0	903	0	-403	-0	-0	-0	-0	300	0	-203	-0	-0	-0	-0	300	0	200	-0
332	44.82	609.21	20.55	1307.27	0	-240.49	-3090.65	-0	-0	-0	2109	0	-203	-0	-0	-0	-0	903	0	-403	-0	-0	-0	-0	300	0	-203	-0	-0	-0	-0	300	0	200	-0
333	46.75	615.48	20.06	1306.59	0	-240.02	-3298.43	-0	-0	-0	2109	0	-203	-0	-0	-0	-0	903	0	-403	-0	-0	-0	-0	300	0	-203	-0	-0	-0	-0	300	0	200	-0
334	50.29	617.98	22.32	1306.86	0	-241.28	-3572.01	-0	-0	-0	2109	0	-203	-0	-0	-0	-0	903	0	-403	-0	-0	-0	-0	300	0	-203	-0	-0	-0	-0	300	0	200	-0
335	52.21	625.2	19.25	1308.2	0	-240.17	-3224.59	-0	-0	-0	2109	0	-203	-0	-0	-0	-0	903	0	-403	-0	-0	-0	-0	300	0	-203	-0	-0	-0	-0	300	0	200	-0
336	54.95	629.59	19.24	1307.2	0	-239.67	-3754.36	-0	-0	-0	2109	0	-203	-0	-0	-0	-0	903	0	-403	-0	-0	-0	-0	300	0	-203	-0	-0	-0	-0	300	0	200	-0
337	58.16	632.41	19.88	1308.23	0	-240.47	-3632.57	-0	-0	-0	2109	0	-203	-0	-0	-0	-0	903	0	-403	-0	-0	-0	-0	300	0	-203	-0	-0	-0	-0	300	0	200	-0
338	62.66	635.86	21.49	1307.97	0	-239.61	-4226.1	-0	-0	-0	2109	0	-203	-0	-0	-0	-0	903	0	-403	-0	-0	-0	-0	300	0	-203	-0	-0	-0	-0	300	0	200	-0
339	67.64	637.12	22.47	1306.76	0	-240.17	-4088.27	-0	-0	-0	2109	0	-203	-0	-0	-0	-0	903	0	-403	-0	-0	-0	-0	300	0	-203	-0	-0	-0	-0	300	0	200	-0
340	68.93	649.34	18.59	1310.12	0	-239.35	-2958.44	-0	-0	-0	2109	0	-203	-0	-0	-0	-0	903	0	-403	-0	-0	-0	-0	300	0	-203	-0	-0	-0	-0	300	0	200	-0
341	73.1	644.34	20.52	1307.75	0	-239.02	-3988.65	-0	-0	-0	2109	0	-203	-0	-0	-0	-0	903	0	-403	-0	-0	-0	-0	300	0	-203	-0	-0	-0	-0	300	0	200	-0
342	75.52	651.85	21.49	1309.63	0	-239.34	-3700.38	-0	-0	-0	2109	0	-203	-0	-0	-0	-0	903	0	-403	-0	-0	-0	-0	300	0	-203	-0	-0	-0	-0	300	0	200	-0
343	76.96	654.99	20.19	1309.72	0	-239.26	-3971.69	-0	-0	-0	2109	0	-203	-0	-0	-0	-0	903	0	-403	-0	-0	-0	-0	300	0	-203	-0	-0	-0	-0	300	0	200	-0
344	81.3	657.82	22.95	1309.26	0	-237.93	-3993	-0	-0	-0	2109	0	-203	-0	-0	-0	-0	903	0	-403	-0	0	0	0	300	0	-203	0	-0	-0	-0	300	0	200	-0
345	82.27	658.76	21.32	1309.52	0	-238.52	-3705.43	-0	-0	-0	2109	0	-203	-0	-0	-0	-0	903	0	-403	-0	-0	-0	-0	300	0	-203	-0	0	0	0	300	0	200	0
346	86.76	657.82	21.81	1308.71	0	-238.82	-4113.5	-0	-0	-0	2109	0	-203	-0	0	0	0	903	0	-403	0	-0	-0	-0	300	0	-203	-0	-0	-0	-0	300	0	200	-0
347	91.75	660.64	23.1	1310.01	0	-237.94	-3692.05	-0	-0	-0	2109	0	-203	-0	-0	-0	-0	903	0	-403	-0	-0	-0	-0	300	0	-203	-0	-0	-0	-0	300	0	200	-0
348	93.03	664.72	22.61	1310.83	0	-238.16	-3597.44	-0	-0	-0	2109	0	-203	-0	-0	-0	-0	903	0	-403	-0	-0	-0	-0	300	0	-203	-0	-0	-0	-0	300	0	200	-0
349	98.66	660.65	23.1	1309.56	0	-237.37	-3690.13	-0	-0	-0	2109	0	-203	-0	-0	-0	-0	903	0	-403	-0	0	0	0	300	0	-203	0	-0	-0	-0	300	0	200	-0
350	100.91	664.41	24.08	1309.7	0	-237.45	-3418.51	-0	-0	-0	2109	0	-203	-0	-0	-0	-0	903	0	-403	-0	-0	-0	-0	300	0	-203	-0	-0	-0	-0	300	0	200	-0
351	105.41	665.34	24.88	1311.71	0	-238.07	-3619.44	-0	-0	-0	2109	0	-203	-0	-0	-0	-0	903	0	-403	-0	-0	-0	-0	300	0	-203	-0	-0	-0	-0	300	0	200	-0
352	109.91	665.67	24.25	1311.85	0	-236.46	-2739.32	-0	-0	-0	2109	0	-203	-0	0	0	0	903	0	-403	0	-0	-0	-0	300	0	-203	-0	-0	-0	-0	300	0	200	-0
353	113.44	664.42	22.78	1310.61	0	-236.52	-2972.36	-0	-0	-0	2109	0	-203	-0	-0	-0	-0	903	0	-403	-0	-0	-0	-0	300	0	-203	-0	-0	-0	-0	300	0	200	-0
354	115.69	664.73	24.56	1312.09	0	-236.55	-3234.97	-0	-0	-0	2109	0	-203	-0	-0	-0	-0	903	0	-403	-0	-0	-0	-0	300	0	-203	-0	-0	-0	-0	300	0	200	-0
355	117.46	657.2	23.92	1312.28	0	-236.4	-2632.33	-0	-0	-0	2109	0	-203	-0	-0	-0	-0	903	0	-403	-0	-0	-0	-0	300	0	-203	-0	-0	-0	-0	300	0	200	-0
356	121.48	658.76	25.54	1313.51	0	-236.61	-2797.75	-0	-0	-0	2109	0	-203	-0	-0	-0	-0	903	0	-403	-0	-0	-0	-0	300	0	-203	-0	0	0	0	300	0	200	0
357	124.53	653.13	22.47	1312.46	0	-235.97	-2082.08	-0	-0	-0	2109	0	-203	-0	-0	-0	-0	903	0	-403	-0	-0	-0	-0	300	0	-203	-0	-0	-0	-0	300	0	200	-0
358	127.74	649.37	22.14	1311.58	0	-235.84	-2438.64	-0	-0	-0	2109	0	-203	-0	0	0	0	903	0	-403	0	-0	-0	-0	300	0	-203	-0	-0	-0	-0	300	0	200	-0
359	131.28	649.37	24.08	1313.58	0	-235.12	-2332.14	-0	-0	-0	2109	0	-203	-0	-0	-0	-0	903	0	-403	-0	-0	-0	-0	300	0	-203	-0	-0	-0	-0	300	0	200	-0
360	134.98	644.99	20.68	1313.9	0	-233.96	-2190.19	-0	-0	-0	2109	0	-203	-0	-0	-0	-0	903	0	-403	-0	-0	-0	-0	300	0	-203	-0	-0	-0	-0	300	0	200	-0
361	138.51	639.03	22.31	1313.07	0	-234.77	-1780.57	-0	-0	-0	2109	0	-203	-0	-0	-0	-0	903	0	-403	-0	-0	-0	-0	300	0	-203	-0	-0	-0	-0	300	0	200	-0
362	141.57	633.39	21.82	1313.16	0	-233.67	-1667.51	-0	-0	-0	2109	0	-203	-0	-0	-0	-0	903	0	-403	-0	-0	-0	-0	300	0	-203	-0	-0	-0	-0	300	0	200	-0
363	144.62	625.86	21.81	1314.88	0	-234.04	-1964.55	-0	-0	-0	2109	0	-203	-0	-0	-0	-0	903	0	-403	-0	-0	-0	-0	300	0	-203	-0	-0	-0	-0	300	0	200	-0
364	148.16	618.97	20.04	1314.04	0	-233.91	-941.59	-0	-0	-0	2109	0	-203	-0	-0	-0	-0	903	0	-403	-0	-0	-0	-0	300	0	-203	-0	-0	-0	-0	300	0	200	-0
365	149.12	606.12	20.03	1312.43	0	-233.14	-1649.86	-0	-0	-0	2109	0	-203	-0	-0	-0	-0	903	0	-403	-0	-0	-0	-0	300	0	-203	-0	-0	-0	-0	300	0	200	-0
366	153.14	602.04	19.88	1315.5	0	-233.05	-847.28	-11.19	122.39	-5.73	1900.53	0	-127.6	-504.56	-0	-0	-0	903	0	-403	-0	-0	-0	-0	300	0	-203	-0	-0	-0	-0	300	0	200	-0
367	153.94	583.54	17.11	1313.5	0	-232.62	-1071.19	-26.21	349.94	-5.55	1896.83	0	-124.12	42.83	-0	-0	-0	903	0	-403	-0	-0	-0	-0	300	0	-203	-0	-0	-0	-0	300	0	200	-0
368	156.99	577.89	16.79	1315.78	0	-232.81	-1063.33	-35.8	368.73	16.97	1899.27	0	-126.63	99.63	-0	-0	-0	903	0	-403	-0	-0	-0	-0	300	0	-203	-0	-0	-0	-0	300	0	200	-0
369	157.96	560.96	14.52	1315.93	0	-232.96	-245.52	-44.91	330.55	29.26	1900.99	0	-129.43	335.64	-0	-0	-0	903	0	-403	-0	-0	-0	-0	300	0	-203	-0	-0	-0	-0	300	0	200	-0
370	157.96	542.47	14.68	1314.2	0	-231.41	-939.11	-55.93	336.5	34.38	1904.02	0	-128.11	430.13	-0	-0	-0	903	0	-403	-0	-0	-0	-0	300	0	-203	-0	-0	-0	-0	300	0	200	-0
371	160.53	525.23	13.23	1315.65	0	-231.4	-268.37	-65.2	363.11	35.51	1905.23	0	-129	128.55	-0	-0	-0	903	0	-403	-0	-0	-0	-0	300	0	-203	-0	-0	-0	-0	300	0	200	-0
372	156.68	504.22	11.44	1314.94	0	-230.9	-649.73	-75.43	395.97	33.6	1907.15	0	-126.93	509.7	-0	-0	-0	903	0	-403	-0	-0	-0	-0	300	0	-203	-0	-0	-0	-0	300	0	200	-0
373	156.36	477.88	9.5	1314.35	0	-231.53	-16.89	-84.55	421.32	27.39	1907.41	0	-125.89	393.31	-0	-0	-0	903	0	-403	-0	-0	-0	-0	300	0	-203	-0	-0	-0	-0	300	0	200	-0
374	155.71	453.11	8.21	1315.29	0	-231.16	623.19	-91.74	423.82	21.17	1906.9	0	-124.74	277.53	-0	-0	-0	903	0	-403	-0	-0	-0	-0	300	0	-203	-0	-0	-0	-0	300	0	200	-0
375	151.86	429.28	5.94	1315.38	0	-230.35	114.03	-96.06	415.99	12.71	1907.86	0	-123.43	329.7	0	0	0	903	0	-403	0	-0	-0	-0	300	0	-203	-0	-0	-0	-0	300	0	200	-0
376	147.36	403.88	5.61	1318.53	0	-228.86	42.35	-96.22	401.59	7.61	1910.92	0	-124	-430.72	-0	-0	-0	903	0	-403	-0	-0	-0	-0	300	0	-203	-0	-0	-0	-0	300	0	200	-0
377	139.97	364.38	1.24	1314.11	0	-229.57	480.46	-89.99	377.17	0.74	1909.84	0	-122.35	282.83	-0	-0	-0	903	0	-403	-0	-0	-0	-0	300	0	-203	-0	-0	-0	-0	300	0	200	-0
378	134.02	341.8	0.28	1318.58	0	-228.16	133.4	-84.4	364.96	-4.06	1912.65	0	-121.62	192.8	-0	-0	-0	903	0	-403	-0	-0	-0	-0	300	0	-203	-0	-0	-0	-0	300	0	200	-0
379	127.27	302.61	-2.14	1319.14	0	-227.22	736.54	-78.64	353.7	-7.41	1910.72	0	-120.97	-310.76	-0	-0	-0	903	0	-403	-0	0	0	0	300	0	-203	0	-0	-0	-0	300	0	200	-0
380	113.61	269.36	-1.5	1320.64	0	-229.27	174.91	-76.73	353.06	-12.2	1912.4	0	-119.35	166.07	-0	-0	-0	903	0	-403	-0	-0	-0	-0	300	0	-203	-0	-0	-0	-0	300	0	200	-0
381	102.36	230.8	-4.89	1321.84	0	-227.04	584.85	-77.05	354.63	-15.71	1910.58	0	-119.66	-454.48	-0	-0	-0	903	0	-403	-0	-0	-0	-0	300	0	-203	-0	-0	-0	-0	300	0	200	-0
382	86.13	197.57	-7.3	1322.48	0	-223.7	356.64	-80.88	367.77	-18.74	1915.12	0	-119.15	-299.57	0	0	0	903	0	-403	0	-0	-0	-0	300	0	-203	-0	0	0	0	300	0	200	0
383	74.72	167.77	-5.84	1327.37	0	-225.41	-97.55	-86.96	381.85	-21.44	1915.44	0	-116.59	-282.47	-0	-0	-0	903	0	-403	-0	-0	-0	-0	300	0	-203	-0	-0	-0	-0	300	0	200	-0
384	64.27	144.25	-8.89	1343.02	0	-221.49	450.68	-93.99	405.32	-23.99	1918.24	0	-115.69	-596.34	-0	-0	-0	903	0	-403	-0	-0	-0	-0	300	0	-203	-0	-0	-0	-0	300	0	200	-0
385	51.58	116.66	-7.44	1324	0	-222.07	-28.63	-101.83	430.04	-29.41	1921.77	0	-114.24	201.65	0	0	0	903	0	-403	0	-0	-0	-0	300	0	-203	-0	-0	-0	-0	300	0	200	-0
386	41.45	110.07	-8.56	1342.31	0	-224.74	244.3	-109.5	458.51	-31.64	1924.27	0	-114.01	-6.95	-0	-0	-0	903	0	-403	-0	-0	-0	-0	300	0	-203	-0	-0	-0	-0	300	0	200	-0
387	33.1	91.26	-8.57	1331.68	0	-216.88	-531.02	-114.77	486.99	-34.66	1926.7	0	-112.64	403.48	-0	-0	-0	903	0	-403	-0	-0	-0	-0	300	0	-203	-0	-0	-0	-0	300	0	200	-0
388	26.67	79.96	-6.94	1340.82	0	-226.34	201.07	-119.09	514.84	-38.17	1929.23	0	-111.95	390.27	-0	-0	-0	903	0	-403	-0	-0	-0	-0	300	0	-203	-0	-0	-0	-0	300	0	200	-0
389	22.01	64.29	-7.41	1341.97	0	-217.21	347.57	-120.53	540.18	-41.2	1932.32	0	-111.42	568.98	-0	-0	-0	903	0	-403	-0	-0	-0	-0	300	0	-203	-0	-0	-0	-0	300	0	200	-0
390	16.38	52.37	-3.86	1323.43	0	-230.13	-60.21	-125.48	567.71	-42.47	1935.61	0	-111.08	1055.62	-0	-0	-0	903	0	-403	-0	-0	-0	-0	300	0	-203	-0	-0	-0	-0	300	0	200	-0
391	13.97	47.03	-5.3	1370.9	0	-229.1	437.23	-124.36	589.62	-42.15	1936.83	0	-111.79	749.81	-0	-0	-0	903	0	-403	-0	0	0	0	300	0	-203	0	-0	-0	-0	300	0	200	-0
392	9.96	38.57	-4.01	1363.88	0	-216.65	108.31	-125.48	610.89	-38.95	1939.26	0	-111.27	544.65	-0	-0	-0	903	0	-403	-0	-0	-0	-0	300	0	-203	-0	-0	-0	-0	300	0	200	-0
393	-0	-0	-0	1506	0	-203	-0	-126.44	627.48	-33.99	1940.18	0	-112.54	38.79	-0	-0	-0	903	0	-403	-0	-0	-0	-0	300	0	-203	-0	-0	-0	-0	300	0	200	-0
394	-0	-0	-0	1506	0	-203	-0	-126.43	639.06	-30.16	1942.55	0	-112.54	98.47	-0	-0	-0	903	0	-403	-0	-0	-0	-0	300	0	-203	-0	-0	-0	-0	300	0	200	-0
395	-0	-0	-0	1506	0	-203	-0	-123.71	649.38	-27.61	1944.14	0	-112.12	29.68	-0	-0	-0	903	0	-403	-0	-0	-0	-0	300	0	-203	-0	-0	-0	-0	300	0	200	-0
396	-0	-0	-0	1506	0	-203	-0	-124.19	664.09	-25.21	1946.53	0	-112.88	-581.06	-0	-0	-0	903	0	-403	-0	-0	-0	-0	300	0	-203	-0	-0	-0	-0	300	0	200	-0
397	-0	-0	-0	1506	0	-203	-0	-122.11	675.03	-23.61	1947.55	0	-112.06	-498.25	-0	-0	-0	903	0	-403	-0	-0	-0	-0	300	0	-203	-0	-0	-0	-0	300	0	200	-0
398	-0	-0	-0	1506	0	-203	-0	-122.11	689.43	-24.25	1949.83	0	-113.13	-555.77	-0	-0	-0	903	0	-403	-0	-0	-0	-0	300	0	-203	-0	-0	-0	-0	300	0	200	-0
399	-0	-0	-0	1506	0	-203	-0	-119.07	696.31	-23.93	1950.89	0	-112.71	-169.44	-0	-0	-0	903	0	-403	-0	-0	-0	-0	300	0	-203	-0	-0	-0	-0	300	0	200	-0
400	-0	-0	-0	1506	0	-203	-0	-118.91	709.44	-22.81	1952.94	0	-112.72	-230.34	-0	-0	-0	903	0	-403	-0	-0	-0	-0	300	0	-203	-0	-0	-0	-0	300	0	200	-0
401	-0	-0	-0	1506	0	-203	-0	-116.36	713.82	-23.77	1953.72	0	-113.02	-57.23	-0	-0	-0	903	0	-403	-0	-0	-0	-0	300	0	-203	-0	-0	-0	-0	300	0	200	-0
402	-0	-0	-0	1506	0	-203	-0	-116.36	716.95	-21.86	1956.84	0	-112.87	-252.75	-0	-0	-0	903	0	-403	-0	-0	-0	-0	300	0	-203	-0	-0	-0	-0	300	0	200	-0
403	-0	-0	-0	1506	0	-203	-0	-114.12	719.13	-21.06	1958.23	0	-112.72	-493.11	-0	-0	-0	903	0	-403	-0	-0	-0	-0	300	0	-203	-0	-0	-0	-0	300	0	200	-0
404	-0	-0	-0	1506	0	-203	-0	-113.8	718.18	-18.34	1960.76	0	-112.89	-684.77	-0	-0	-0	903	0	-403	-0	-0	-0	-0	300	0	-203	-0	-0	-0	-0	300	0	200	-0
405	-0	-0	-0	1506	0	-203	-0	-113.32	719.75	-17.07	1962.59	0	-113.06	-372.7	-0	-0	-0	903	0	-403	-0	-0	-0	-0	300	0	-203	-0	-0	-0	-0	300	0	200	-0
406	-0	-0	-0	1506	0	-203	-0	-110.92	716.62	-17.07	1964.2	0	-113.08	-778.36	-0	-0	-0	903	0	-403	-0	-0	-0	-0	300	0	-203	-0	-0	-0	-0	300	0	200	-0
407	-0	-0	-0	1506	0	-203	-0	-107.72	709.09	-18.67	1966.59	0	-112.35	-490.97	-0	-0	-0	903	0	-403	-0	-0	-0	-0	300	0	-203	-0	-0	-0	-0	300	0	200	-0
408	-0	-0	-0	1506	0	-203	-0	-108.04	710.34	-20.43	1968.93	0	-112.73	-831.19	-0	-0	-0	903	0	-403	-0	-0	-0	-0	300	0	-203	-0	-0	-0	-0	300	0	200	-0
409	-0	-0	-0	1506	0	-203	-0	-103.89	701.57	-21.08	1969.79	0	-112.4	-318.48	-0	-0	-0	903	0	-403	-0	-0	-0	-0	300	0	-203	-0	0	0	0	300	0	200	0
410	-0	-0	-0	1506	0	-203	-0	-102.13	698.75	-21.24	1972.3	0	-111.88	-545.25	-0	-0	-0	903	0	-403	-0	-0	-0	-0	300	0	-203	-0	-0	-0	-0	300	0	200	-0
411	-0	-0	-0	1506	0	-203	-0	-98.77	689.35	-22.84	1973.03	0	-111.51	-362.19	-0	-0	-0	903	0	-403	-0	-0	-0	-0	300	0	-203	-0	-0	-0	-0	300	0	200	-0
412	-0	-0	-0	1506	0	-203	-0	-95.1	682.46	-24.12	1975.4	0	-110.57	-177.37	-0	-0	-0	903	0	-403	-0	-0	-0	-0	300	0	-203	-0	-0	-0	-0	300	0	200	-0
413	-0	-0	-0	1506	0	-203	-0	-93.34	675.26	-25.08	1977.15	0	-110.6	-430.26	-0	-0	-0	903	0	-403	-0	-0	-0	-0	300	0	-203	-0	-0	-0	-0	300	0	200	-0
414	-0	-0	-0	1506	0	-203	-0	-89.66	668.68	-26.37	1980.33	0	-110.51	-222.08	-0	-0	-0	903	0	-403	-0	-0	-0	-0	300	0	-203	-0	-0	-0	-0	300	0	200	-0
415	-0	-0	-0	1506	0	-203	-0	-87.27	658.66	-28.45	1981.59	0	-109.37	-315.81	-0	-0	-0	903	0	-403	-0	-0	-0	-0	300	0	-203	-0	-0	-0	-0	300	0	200	-0
416	-0	-0	-0	1506	0	-203	-0	-83.11	650.52	-30.21	1983.76	0	-109.26	-234.71	-0	-0	-0	903	0	-403	-0	-0	-0	-0	300	0	-203	-0	-0	-0	-0	300	0	200	-0
417	-0	-0	-0	1506	0	-203	-0	-79.6	640.18	-33.09	1985.03	0	-108.13	62.69	-0	-0	-0	903	0	-403	-0	-0	-0	-0	300	0	-203	-0	-0	-0	-0	300	0	200	-0
418	-0	-0	-0	1506	0	-203	-0	-77.84	632.66	-34.69	1988.24	0	-107.84	-102.05	-0	-0	-0	903	0	-403	-0	-0	-0	-0	300	0	-203	-0	-0	-0	-0	300	0	200	-0
419	-0	-0	-0	1506	0	-203	-0	-74.16	622.02	-36.46	1990.69	0	-107.68	158.4	0	0	0	903	0	-403	0	-0	-0	-0	300	0	-203	-0	-0	-0	-0	300	0	200	-0
420	-0	-0	-0	1506	0	-203	-0	-72.89	611.68	-37.9	1992.78	0	-105.75	224.29	-0	-0	-0	903	0	-403	-0	-0	-0	-0	300	0	-203	-0	-0	-0	-0	300	0	200	-0
421	-0	-0	-0	1506	0	-203	-0	-69.53	601.03	-37.75	1994.53	0	-105.89	124.18	-0	-0	-0	903	0	-403	-0	-0	-0	-0	300	0	-203	-0	-0	-0	-0	300	0	200	-0
422	-0	-0	-0	1506	0	-203	-0	-67.77	592.58	-37.27	1996.73	0	-104.41	301.32	-0	-0	-0	903	0	-403	-0	-0	-0	-0	300	0	-203	-0	-0	-0	-0	300	0	200	-0
423	-0	-0	-0	1506	0	-203	-0	-65.05	585.07	-38.08	1999.36	0	-105.13	424.4	-0	-0	-0	903	0	-403	-0	-0	-0	-0	300	0	-203	-0	-0	-0	-0	300	0	200	-0
424	-0	-0	-0	1506	0	-203	-0	-62.5	575.04	-37.44	2002.67	0	-103.77	552.19	-0	-0	-0	903	0	-403	-0	-0	-0	-0	300	0	-203	-0	-0	-0	-0	300	0	200	-0
425	-0	-0	-0	1506	0	-203	-0	-61.22	565.96	-36.65	2005.17	0	-102.84	593.83	-0	-0	-0	903	0	-403	-0	-0	-0	-0	300	0	-203	-0	-0	-0	-0	300	0	200	-0
426	-0	-0	-0	1506	0	-203	-0	-58.98	560.32	-34.74	2007.88	0	-103.68	346.16	-0	-0	-0	903	0	-403	-0	-0	-0	-0	300	0	-203	-0	-0	-0	-0	300	0	200	-0
427	-0	-0	-0	1506	0	-203	-0	-56.58	550.62	-35.38	2009.38	0	-102.87	607.72	-0	-0	-0	903	0	-403	-0	-0	-0	-0	300	0	-203	-0	-0	-0	-0	300	0	200	-0
428	-0	-0	-0	1506	0	-203	-0	-54.51	542.16	-33.95	2012.28	0	-102.64	567.17	-0	-0	-0	903	0	-403	-0	0	0	0	300	0	-203	0	-0	-0	-0	300	0	200	-0
429	-0	-0	-0	1506	0	-203	-0	-52.59	533.4	-32.52	2014.62	0	-102.13	883.55	-0	-0	-0	903	0	-403	-0	-0	-0	-0	300	0	-203	-0	-0	-0	-0	300	0	200	-0
430	-0	-0	-0	1506	0	-203	-0	-52.11	526.51	-31.24	2017.23	0	-101.55	746.01	-0	-0	-0	903	0	-403	-0	-0	-0	-0	300	0	-203	-0	-0	-0	-0	300	0	200	-0
431	-0	-0	-0	1506	0	-203	-0	-49.39	517.74	-29.65	2020.28	0	-102.3	829.58	-0	-0	-0	903	0	-403	-0	-0	-0	-0	300	0	-203	-0	-0	-0	-0	300	0	200	-0
432	-0	-0	-0	1506	0	-203	-0	-49.07	514.61	-28.85	2022.69	0	-101.9	848.82	0	0	0	903	0	-403	0	-0	-0	-0	300	0	-203	-0	-0	-0	-0	300	0	200	-0
433	-0	-0	-0	1506	0	-203	-0	-47.16	501.78	-27.74	2024.04	0	-101.23	879.16	-0	-0	-0	903	0	-403	-0	-0	-0	-0	300	0	-203	-0	-0	-0	-0	300	0	200	-0
434	-0	-0	-0	1506	0	-203	-0	-45.56	494.89	-27.11	2028.32	0	-100.66	1032.63	-0	-0	-0	903	0	-403	-0	-0	-0	-0	300	0	-203	-0	-0	-0	-0	300	0	200	-0
435	-0	-0	-0	1506	0	-203	-0	-44.12	487.37	-25.83	2029.53	0	-99.73	734.42	-0	-0	-0	903	0	-403	-0	-0	-0	-0	300	0	-203	-0	-0	-0	-0	300	0	200	-0
436	-0	-0	-0	1506	0	-203	-0	-43.64	482.05	-23.12	2031.94	0	-100.74	893.04	-0	-0	-0	903	0	-403	-0	-0	-0	-0	300	0	-203	-0	0	0	0	300	0	200	0
437	-0	-0	-0	1506	0	-203	-0	-42.04	471.41	-24.08	2034.09	0	-99.16	1189.62	-0	-0	-0	903	0	-403	-0	-0	-0	-0	300	0	-203	-0	-0	-0	-0	300	0	200	-0
438	-0	-0	-0	1506	0	-203	-0	-41.4	464.21	-22.81	2035.28	0	-99.28	995.21	0	0	0	903	0	-403	0	-0	-0	-0	300	0	-203	-0	0	0	0	300	0	200	0
439	-0	-0	-0	1506	0	-203	-0	-39.17	458.88	-22.18	2038.62	0	-98.91	1091.56	-0	-0	-0	903	0	-403	-0	-0	-0	-0	300	0	-203	-0	-0	-0	-0	300	0	200	-0
440	-0	-0	-0	1506	0	-203	-0	-39.65	455.13	-21.54	2040.46	0	-98.81	1105.3	-0	-0	-0	903	0	-403	-0	-0	-0	-0	300	0	-203	-0	-0	-0	-0	300	0	200	-0
441	-0	-0	-0	1506	0	-203	-0	-37.57	449.81	-20.1	2041.68	0	-99.01	1013.87	-0	-0	-0	903	0	-403	-0	0	0	0	300	0	-203	0	-0	-0	-0	300	0	200	-0
442	-0	-0	-0	1506	0	-203	-0	-37.41	446.99	-20.42	2044.49	0	-99.32	1033.29	-0	-0	-0	903	0	-403	-0	-0	-0	-0	300	0	-203	-0	-0	-0	-0	300	0	200	-0
443	-0	-0	-0	1506	0	-203	-0	-36.29	438.22	-19.47	2045.9	0	-98.51	799.73	-0	-0	-0	903	0	-403	-0	-0	-0	-0	300	0	-203	-0	0	0	0	300	0	200	0
444	-0	-0	-0	1506	0	-203	-0	-35.33	436.66	-19.63	2047.64	0	-98.58	1011.93	-0	-0	-0	903	0	-403	-0	-0	-0	-0	300	0	-203	-0	-0	-0	-0	300	0	200	-0
445	-0	-0	-0	1506	0	-203	-0	-33.89	429.77	-20.11	2047.98	0	-97.66	954.39	-0	-0	-0	903	0	-403	-0	-0	-0	-0	300	0	-203	-0	-0	-0	-0	300	0	200	-0
446	-0	-0	-0	1506	0	-203	-0	-33.1	431.96	-18.67	2049.68	0	-99.17	674.68	-0	-0	-0	903	0	-403	-0	-0	-0	-0	300	0	-203	-0	-0	-0	-0	300	0	200	-0
447	-0	-0	-0	1506	0	-203	-0	-31.02	420.69	-21.23	2051.31	0	-96.85	796.21	-0	-0	-0	903	0	-403	-0	-0	-0	-0	300	0	-203	-0	-0	-0	-0	300	0	200	-0
448	-0	-0	-0	1506	0	-203	-0	-29.74	420.07	-21.39	2050.77	0	-97.97	399.02	-0	-0	-0	903	0	-403	-0	-0	-0	-0	300	0	-203	-0	-0	-0	-0	300	0	200	-0
449	-0	-0	-0	1506	0	-203	-0	-27.98	417.25	-21.4	2052.83	0	-97.89	550.06	-0	-0	-0	903	0	-403	-0	-0	-0	-0	300	0	-203	-0	0	0	0	300	0	200	0
450	-0	-0	-0	1506	0	-203	-0	-27.82	416.31	-21.4	2053.17	0	-98.46	503.65	-0	-0	-0	903	0	-403	-0	-0	-0	-0	300	0	-203	-0	-0	-0	-0	300	0	200	-0
451	-0	-0	-0	1506	0	-203	-0	-26.38	413.81	-21.72	2054.52	0	-98.59	76.56	-0	-0	-0	903	0	-403	-0	-0	-0	-0	300	0	-203	-0	-0	-0	-0	300	0	200	-0
452	-0	-0	-0	1506	0	-203	-0	-26.06	411.61	-22.84	2055.63	0	-97.71	607.43	0	0	0	903	0	-403	0	-0	-0	-0	300	0	-203	-0	-0	-0	-0	300	0	200	-0
453	-0	-0	-0	1506	0	-203	-0	-25.26	409.74	-20.6	2055.18	0	-97.88	248.09	-0	-0	-0	903	0	-403	-0	-0	-0	-0	300	0	-203	-0	-0	-0	-0	300	0	200	-0
454	-0	-0	-0	1506	0	-203	-0	-23.34	407.86	-21.24	2056.07	0	-98.21	681.2	-0	-0	-0	903	0	-403	-0	-0	-0	-0	300	0	-203	-0	-0	-0	-0	300	0	200	-0
455	-0	-0	-0	1506	0	-203	-0	-22.39	408.18	-21.08	2055.77	0	-98.55	424.24	-0	-0	-0	903	0	-403	-0	-0	-0	-0	300	0	-203	-0	-0	-0	-0	300	0	200	-0
456	-0	-0	-0	1506	0	-203	-0	-20.15	409.12	-21.25	2056	0	-99.27	646.77	-0	-0	-0	903	0	-403	-0	-0	-0	-0	300	0	-203	-0	-0	-0	-0	300	0	200	-0
457	-0	-0	-0	1506	0	-203	-0	-16.95	404.11	-21.73	2056.34	0	-97.48	805.1	-0	-0	-0	903	0	-403	-0	-0	-0	-0	300	0	-203	-0	-0	-0	-0	300	0	200	-0
458	-0	-0	-0	1506	0	-203	-0	-16.15	407.55	-20.45	2055.81	0	-99.05	644.76	-0	-0	-0	903	0	-403	-0	0	0	0	300	0	-203	0	-0	-0	-0	300	0	200	-0
459	-0	-0	-0	1506	0	-203	-0	-12.95	406.93	-21.1	2056.1	0	-99.34	925.51	-0	-0	-0	903	0	-403	-0	-0	-0	-0	300	0	-203	-0	-0	-0	-0	300	0	200	-0
460	-0	-0	-0	1506	0	-203	-0	-11.03	407.86	-20.14	2055.38	0	-98.82	657.66	-0	-0	-0	903	0	-403	-0	-0	-0	-0	300	0	-203	-0	-0	-0	-0	300	0	200	-0
461	-0	-0	-0	1506	0	-203	-0	-8.48	409.12	-19.66	2055.54	0	-99.27	863.78	-0	-0	-0	903	0	-403	-0	-0	-0	-0	300	0	-203	-0	-0	-0	-0	300	0	200	-0
462	-0	-0	-0	1506	0	-203	-0	-6.4	410.05	-20.78	2056.66	0	-98.99	750.85	-0	-0	-0	903	0	-403	-0	-0	-0	-0	300	0	-203	-0	-0	-0	-0	300	0	200	-0
463	-0	-0	-0	1506	0	-203	-0	-4.16	411.31	-20.62	2055.87	0	-100.02	848.15	-0	-0	-0	903	0	-403	-0	-0	-0	-0	300	0	-203	-0	0	0	0	300	0	200	0
464	-0	-0	-0	1506	0	-203	-0	-2.4	414.43	-20.63	2057.68	0	-99.17	1188.37	0	0	0	903	0	-403	0	-0	-0	-0	300	0	-203	-0	-0	-0	-0	300	0	200	-0
465	-0	-0	-0	1506	0	-203	-0	-0.8	416.94	-20.62	2054.87	0	-99.43	670.94	-0	-0	-0	903	0	-403	-0	-0	-0	-0	300	0	-203	-0	-0	-0	-0	300	0	200	-0
466	-0	-0	-0	1506	0	-203	-0	1.28	422.26	-20.63	2057.42	0	-101.01	987.34	-0	-0	-0	903	0	-403	-0	-0	-0	-0	300	0	-203	-0	-0	-0	-0	300	0	200	-0
467	-0	-0	-0	1506	0	-203	-0	3.36	423.5	-20.63	2055.73	0	-99.35	1156.49	-0	-0	-0	903	0	-403	-0	-0	-0	-0	300	0	-203	-0	-0	-0	-0	300	0	200	-0
468	-0	-0	-0	1506	0	-203	-0	3.68	431.02	-20.31	2057.57	0	-102.17	1271.23	-0	-0	-0	903	0	-403	-0	-0	-0	-0	300	0	-203	-0	-0	-0	-0	300	0	200	-0
469	-0	-0	-0	1506	0	-203	-0	6.07	432.89	-20.95	2058.05	0	-100.6	1407.54	-0	-0	-0	903	0	-403	-0	-0	-0	-0	300	0	-203	-0	-0	-0	-0	300	0	200	-0
470	-0	-0	-0	1506	0	-203	-0	6.55	439.15	-20.15	2056.26	0	-101.29	1281.15	-0	-0	-0	903	0	-403	-0	0	0	0	300	0	-203	0	-0	-0	-0	300	0	200	-0
471	-0	-0	-0	1506	0	-203	-0	9.27	441.96	-20.16	2057.32	0	-101.17	1615.9	-0	-0	-0	903	0	-403	-0	-0	-0	-0	300	0	-203	-0	-0	-0	-0	300	0	200	-0
472	-0	-0	-0	1506	0	-203	-0	10.23	449.16	-20	2056.43	0	-101.7	1501.06	0	0	0	903	0	-403	0	-0	-0	-0	300	0	-203	-0	-0	-0	-0	300	0	200	-0
473	-0	-0	-0	1506	0	-203	-0	11.51	456.67	-19.36	2057.98	0	-102.64	1651.23	-0	-0	-0	903	0	-403	-0	-0	-0	-0	300	0	-203	-0	-0	-0	-0	300	0	200	-0
474	-0	-0	-0	1506	0	-203	-0	12.79	462.6	-19.37	2058.63	0	-101.74	1997.8	-0	-0	-0	903	0	-403	-0	-0	-0	-0	300	0	-203	-0	0	0	0	300	0	200	0
475	-0	-0	-0	1506	0	-203	-0	13.75	473.24	-19.53	2058.01	0	-104.03	2035.82	-0	-0	-0	903	0	-403	-0	-0	-0	-0	300	0	-203	-0	0	0	0	300	0	200	0
476	-0	-0	-0	1506	0	-203	-0	16.95	477	-19.69	2058.2	0	-103.57	2515.62	-0	-0	-0	903	0	-403	-0	-0	-0	-0	300	0	-203	-0	-0	-0	-0	300	0	200	-0
477	-0	-0	-0	1506	0	-203	-0	17.91	486.7	-19.53	2057.89	0	-103.3	2240.46	-0	-0	-0	903	0	-403	-0	-0	-0	-0	300	0	-203	-0	-0	-0	-0	300	0	200	-0
478	-0	-0	-0	1506	0	-203	-0	19.02	497.96	-17.46	2059.66	0	-104.75	2274.77	-0	-0	-0	903	0	-403	-0	-0	-0	-0	300	0	-203	-0	-0	-0	-0	300	0	200	-0
479	-0	-0	-0	1506	0	-203	-0	21.58	502.96	-18.26	2059.64	0	-103.42	2616.85	0	0	0	903	0	-403	0	-0	-0	-0	300	0	-203	-0	-0	-0	-0	300	0	200	-0
480	-0	-0	-0	1506	0	-203	-0	21.26	515.48	-17.46	2058.38	0	-105.62	2850.32	-0	-0	-0	903	0	-403	-0	-0	-0	-0	300	0	-203	-0	-0	-0	-0	300	0	200	-0
481	-0	-0	-0	1506	0	-203	-0	25.26	522.35	-16.67	2058.93	0	-104.53	2729.47	0	0	0	903	0	-403	0	-0	-0	-0	300	0	-203	-0	-0	-0	-0	300	0	200	-0
482	-0	-0	-0	1506	0	-203	-0	25.9	531.74	-16.67	2059.87	0	-104.29	2874.84	-0	-0	-0	903	0	-403	-0	-0	-0	-0	300	0	-203	-0	-0	-0	-0	300	0	200	-0
483	-0	-0	-0	1506	0	-203	-0	29.1	542.37	-15.71	2059.04	0	-105.73	2809.99	-0	-0	-0	903	0	-403	-0	-0	-0	-0	300	0	-203	-0	-0	-0	-0	300	0	200	-0
484	-0	-0	-0	1506	0	-203	-0	31.18	554.57	-15.4	2060.88	0	-106.01	3116.18	-0	-0	-0	903	0	-403	-0	-0	-0	-0	300	0	-203	-0	-0	-0	-0	300	0	200	-0
485	-0	-0	-0	1506	0	-203	-0	33.41	561.77	-16.04	2059.79	0	-106.44	3320.29	-0	-0	-0	903	0	-403	-0	-0	-0	-0	300	0	-203	-0	-0	-0	-0	300	0	200	-0
486	-0	-0	-0	1506	0	-203	-0	36.29	568.96	-15.88	2060.76	0	-106.13	3103.98	-0	-0	-0	903	0	-403	-0	-0	-0	-0	300	0	-203	-0	-0	-0	-0	300	0	200	-0
487	-0	-0	-0	1506	0	-203	-0	39.65	578.66	-15.57	2061.09	0	-105.72	3298.38	-0	-0	-0	903	0	-403	-0	-0	-0	-0	300	0	-203	-0	-0	-0	-0	300	0	200	-0
488	-0	-0	-0	1506	0	-203	-0	42.53	586.79	-15.57	2060.71	0	-106.81	3352.62	-0	-0	-0	903	0	-403	-0	-0	-0	-0	300	0	-203	-0	-0	-0	-0	300	0	200	-0
489	-0	-0	-0	1506	0	-203	-0	44.61	595.55	-15.89	2061.37	0	-106.36	3719.86	-0	-0	-0	903	0	-403	-0	-0	-0	-0	300	0	-203	-0	-0	-0	-0	300	0	200	-0
490	-0	-0	-0	1506	0	-203	-0	49.4	602.74	-16.69	2060.14	0	-106.89	3437.91	-0	-0	-0	903	0	-403	-0	0	0	0	300	0	-203	0	-0	-0	-0	300	0	200	-0
491	-0	-0	-0	1506	0	-203	-0	53.24	610.88	-17.02	2061.5	0	-107.22	3757.17	-0	-0	-0	903	0	-403	-0	-0	-0	-0	300	0	-203	-0	-0	-0	-0	300	0	200	-0
492	-0	-0	-0	1506	0	-203	-0	55.32	620.26	-16.7	2061.57	0	-106.95	3840.45	-0	-0	-0	903	0	-403	-0	-0	-0	-0	300	0	-203	-0	-0	-0	-0	300	0	200	-0
493	-0	-0	-0	1506	0	-203	-0	61.39	624.64	-17.99	2061.17	0	-107.72	3910.65	-0	-0	-0	903	0	-403	-0	-0	-0	-0	300	0	-203	-0	0	0	0	300	0	200	0
494	-0	-0	-0	1506	0	-203	-0	63.95	633.4	-17.35	2062.02	0	-107.45	3911.09	-0	-0	-0	903	0	-403	-0	-0	-0	-0	300	0	-203	-0	-0	-0	-0	300	0	200	-0
495	-0	-0	-0	1506	0	-203	-0	68.74	640.59	-18.47	2062.03	0	-107.84	3680.49	-0	-0	-0	903	0	-403	-0	-0	-0	-0	300	0	-203	-0	0	0	0	300	0	200	0
496	-0	-0	-0	1506	0	-203	-0	70.66	647.78	-18.96	2062.59	0	-107.84	4104.4	-0	-0	-0	903	0	-403	-0	-0	-0	-0	300	0	-203	-0	-0	-0	-0	300	0	200	-0
497	-0	-0	-0	1506	0	-203	-0	74.82	653.1	-19.92	2062.22	0	-108.16	3709.29	-0	-0	-0	903	0	-403	-0	-0	-0	-0	300	0	-203	-0	-0	-0	-0	300	0	200	-0
498	-0	-0	-0	1506	0	-203	-0	78.66	657.79	-21.04	2062.74	0	-108.18	3728.08	-0	-0	-0	903	0	-403	-0	-0	-0	-0	300	0	-203	-0	-0	-0	-0	300	0	200	-0
499	-0	-0	-0	1506	0	-203	-0	81.69	664.36	-22	2062.75	0	-108	3617.15	-0	-0	-0	903	0	-403	-0	-0	-0	-0	300	0	-203	-0	-0	-0	-0	300	0	200	-0
500	-0	-0	-0	1506	0	-203	-0	84.25	670.93	-22.48	2062.92	0	-108.8	3684.03	-0	-0	-0	903	0	-403	-0	-0	-0	-0	300	0	-203	-0	-0	-0	-0	300	0	200	-0
501	-0	-0	-0	1506	0	-203	-0	89.37	674.68	-23.29	2063.35	0	-108.38	3659.06	-0	-0	-0	903	0	-403	-0	-0	-0	-0	300	0	-203	-0	-0	-0	-0	300	0	200	-0
502	-0	-0	-0	1506	0	-203	-0	92.4	677.81	-23.45	2063.78	0	-109.05	3405.63	-0	-0	-0	903	0	-403	-0	-0	-0	-0	300	0	-203	-0	-0	-0	-0	300	0	200	-0
503	-0	-0	-0	1506	0	-203	-0	95.92	676.24	-24.89	2064.02	0	-108.1	3472.78	-0	-0	-0	903	0	-403	-0	-0	-0	-0	300	0	-203	-0	-0	-0	-0	300	0	200	-0
504	-0	-0	-0	1506	0	-203	-0	99.12	680.62	-25.37	2064.16	0	-108.75	3219.75	-0	-0	-0	903	0	-403	-0	-0	-0	-0	300	0	-203	-0	-0	-0	-0	300	0	200	-0
505	-0	-0	-0	1506	0	-203	-0	102.47	682.5	-25.37	2064.34	0	-108.67	3269.26	-0	-0	-0	903	0	-403	-0	-0	-0	-0	300	0	-203	-0	-0	-0	-0	300	0	200	-0
506	-0	-0	-0	1506	0	-203	-0	105.83	686.25	-25.86	2064.82	0	-108.57	3193.87	-0	-0	-0	903	0	-403	-0	0	0	0	300	0	-203	0	-0	-0	-0	300	0	200	-0
507	-0	-0	-0	1506	0	-203	-0	109.03	686.88	-26.81	2065.45	0	-110.14	2936.41	-0	-0	-0	903	0	-403	-0	-0	-0	-0	300	0	-203	-0	-0	-0	-0	300	0	200	-0
508	-0	-0	-0	1506	0	-203	-0	113.82	683.43	-26.82	2066.02	0	-108.96	2763.59	-0	-0	-0	903	0	-403	-0	-0	-0	-0	300	0	-203	-0	-0	-0	-0	300	0	200	-0
509	-0	-0	-0	1506	0	-203	-0	116.06	683.75	-26.66	2065.37	0	-110.04	2490.07	-0	-0	-0	903	0	-403	-0	-0	-0	-0	300	0	-203	-0	-0	-0	-0	300	0	200	-0
510	-0	-0	-0	1506	0	-203	-0	119.9	679.99	-26.82	2066.32	0	-109.42	2700.6	-0	-0	-0	903	0	-403	-0	-0	-0	-0	300	0	-203	-0	-0	-0	-0	300	0	200	-0
511	-0	-0	-0	1506	0	-203	-0	123.42	680.31	-26.18	2066.13	0	-110.03	2065.81	-0	-0	-0	903	0	-403	-0	-0	-0	-0	300	0	-203	-0	-0	-0	-0	300	0	200	-0
512	-0	-0	-0	1506	0	-203	-0	126.77	676.56	-26.83	2066.87	0	-111	2377.68	-0	-0	-0	903	0	-403	-0	-0	-0	-0	300	0	-203	-0	-0	-0	-0	300	0	200	-0
513	-0	-0	-0	1506	0	-203	-0	129.97	669.36	-26.83	2067.31	0	-110.07	2142.73	-0	-0	-0	903	0	-403	-0	-0	-0	-0	300	0	-203	-0	-0	-0	-0	300	0	200	-0
514	-0	-0	-0	1506	0	-203	-0	133.65	666.23	-25.55	2068.13	0	-111.57	2112.5	-0	-0	-0	903	0	-403	-0	-0	-0	-0	300	0	-203	-0	-0	-0	-0	300	0	200	-0
515	-0	-0	-0	1506	0	-203	-0	136.52	657.78	-26.19	2068.67	0	-110.96	2225.73	-0	-0	-0	903	0	-403	-0	-0	-0	-0	300	0	-203	-0	-0	-0	-0	300	0	200	-0
516	-0	-0	-0	1506	0	-203	-0	140.2	653.09	-24.43	2068.17	0	-111.49	1314.09	-0	-0	-0	903	0	-403	-0	-0	-0	-0	300	0	-203	-0	-0	-0	-0	300	0	200	-0
517	-0	-0	-0	1506	0	-203	-0	144.04	642.15	-25.72	2068.84	0	-111.83	1650.14	-0	-0	-0	903	0	-403	-0	-0	-0	-0	300	0	-203	-0	-0	-0	-0	300	0	200	-0
518	-0	-0	-0	1506	0	-203	-0	146.12	633.39	-23.96	2068.44	0	-111.98	1394.8	-0	-0	-0	903	0	-403	-0	-0	-0	-0	300	0	-203	-0	-0	-0	-0	300	0	200	-0
519	-0	-0	-0	1506	0	-203	-0	148.67	621.19	-23	2069.16	0	-112.6	1210.91	-0	-0	-0	903	0	-403	-0	-0	-0	-0	300	0	-203	-0	0	0	0	300	0	200	0
520	-0	-0	-0	1506	0	-203	-0	149.63	612.43	-21.88	2070.91	0	-112.93	1212.65	0	0	0	903	0	-403	0	-0	-0	-0	300	0	-203	-0	-0	-0	-0	300	0	200	-0
521	-0	-0	-0	1506	0	-203	-0	152.99	602.11	-20.76	2070.01	0	-113.86	1129.7	-0	-0	-0	903	0	-403	-0	-0	-0	-0	300	0	-203	-0	0	0	0	300	0	200	0
522	-0	-0	-0	1506	0	-203	-0	154.43	587.1	-19.65	2070.84	0	-113.66	987.32	-0	-0	-0	903	0	-403	-0	-0	-0	-0	300	0	-203	-0	-0	-0	-0	300	0	200	-0
523	-0	-0	-0	1506	0	-203	-0	155.55	569.27	-16.77	2069.64	0	-114.37	773.9	-0	-0	-0	903	0	-403	-0	-0	-0	-0	300	0	-203	-0	-0	-0	-0	300	0	200	-0
524	-0	-0	-0	1506	0	-203	-0	154.75	558.95	-14.85	2071.64	0	-115.86	643.04	-0	-0	-0	903	0	-403	-0	0	0	0	300	0	-203	0	-0	-0	-0	300	0	200	-0
525	-0	-0	-0	1506	0	-203	-0	153.15	535.8	-13.25	2072.46	0	-115.88	342.43	-0	-0	-0	903	0	-403	-0	-0	-0	-0	300	0	-203	-0	-0	-0	-0	300	0	200	-0
526	-0	-0	-0	1506	0	-203	-0	155.54	512.35	-9.41	2072.61	0	-116.88	37.29	-0	-0	-0	903	0	-403	-0	0	0	0	300	0	-203	0	-0	-0	-0	300	0	200	-0
527	-0	-0	-0	1506	0	-203	-0	152.99	491.39	-8.93	2074	0	-116.75	34.67	-0	-0	-0	903	0	-403	-0	-0	-0	-0	300	0	-203	-0	-0	-0	-0	300	0	200	-0
528	-0	-0	-0	1506	0	-203	-0	148.35	466.69	-5.41	2072.88	0	-117.85	-358.53	-0	-0	-0	903	0	-403	-0	-0	-0	-0	300	0	-203	-0	-0	-0	-0	300	0	200	-0
529	-0	-0	-0	1506	0	-203	-0	145.15	440.41	-3.81	2074.08	0	-119.07	-381.36	-0	-0	-0	903	0	-403	-0	-0	-0	-0	300	0	-203	-0	-0	-0	-0	300	0	200	-0
530	-0	-0	-0	1506	0	-203	-0	144.19	412.88	0.19	2074.38	0	-119.74	-518.59	-0	-0	-0	903	0	-403	-0	0	0	0	300	0	-203	0	-0	-0	-0	300	0	200	-0
531	-0	-0	-0	1506	0	-203	-0	135.88	384.74	1.15	2074.73	0	-121.33	-718.43	-0	-0	-0	903	0	-403	-0	-0	-0	-0	300	0	-203	-0	-0	-0	-0	300	0	200	-0
532	-0	-0	-0	1506	0	-203	-0	123.25	353.14	5.31	2076.87	0	-121	-494.09	-0	-0	-0	903	0	-403	-0	-0	-0	-0	300	0	-203	-0	-0	-0	-0	300	0	200	-0
533	-0	-0	-0	1506	0	-203	-0	117.49	314.99	6.6	2075.3	0	-122.55	-788.25	-0	-0	-0	903	0	-403	-0	-0	-0	-0	300	0	-203	-0	-0	-0	-0	300	0	200	-0
534	-0	-0	-0	1506	0	-203	-0	111.09	280.26	8.36	2078.31	0	-123.66	-780.29	-0	-0	-0	903	0	-403	-0	-0	-0	-0	300	0	-203	-0	-0	-0	-0	300	0	200	-0
535	-0	-0	-0	1506	0	-203	-0	101.5	242.11	9.96	2076.76	0	-125.4	-815.93	-0	-0	-0	903	0	-403	-0	-0	-0	-0	300	0	-203	-0	-0	-0	-0	300	0	200	-0
536	-0	-0	-0	1506	0	-203	-0	92.39	198.31	9.49	2085.77	0	-123.52	-1077.8	-0	-0	-0	903	0	-403	-0	-0	-0	-0	300	0	-203	-0	-0	-0	-0	300	0	200	-0
537	-0	-0	-0	1506	0	-203	-0	77.84	160.77	8.54	2085.37	0	-126.25	-835.4	-0	-0	-0	903	0	-403	-0	-0	-0	-0	300	0	-203	-0	-0	-0	-0	300	0	200	-0
538	-0	-0	-0	1506	0	-203	-0	63.93	132.62	9.19	2092.35	0	-130.1	-542.08	-0	-0	-0	903	0	-403	-0	-0	-0	-0	300	0	-203	-0	-0	-0	-0	300	0	200	-0
539	-0	-0	-0	1506	0	-203	-0	51.14	106.34	8.72	2098.97	0	-130.64	-636.12	-0	-0	-0	903	0	-403	-0	-0	-0	-0	300	0	-203	-0	0	0	0	300	0	200	0
540	-0	-0	-0	1506	0	-203	-0	36.59	92.27	8.42	2100.07	0	-133.18	-623.36	-0	-0	-0	903	0	-403	-0	-0	-0	-0	300	0	-203	-0	-0	-0	-0	300	0	200	-0
541	-0	-0	-0	1506	0	-203	-0	25.88	76.94	5.71	2113.6	0	-133.15	-848.89	-0	-0	-0	903	0	-403	-0	-0	-0	-0	300	0	-203	-0	-0	-0	-0	300	0	200	-0
542	-0	-0	-0	1506	0	-203	-0	15.17	67.87	5.56	2114.96	0	-134.43	-625.09	-0	-0	-0	903	0	-403	-0	-0	-0	-0	300	0	-203	-0	-0	-0	-0	300	0	200	-0
543	-0	-0	-0	1506	0	-203	-0	10.38	55.04	5.88	2122.44	0	-139.3	-379.23	-0	-0	-0	903	0	-403	-0	-0	-0	-0	300	0	-203	-0	-0	-0	-0	300	0	200	-0
544	-0	-0	-0	1506	0	-203	-0	5.42	44.72	3.81	2135.65	0	-141.08	-273.93	-0	-0	-0	903	0	-403	-0	-0	-0	-0	300	0	-203	-0	-0	-0	-0	300	0	200	-0
545	-0	-0	-0	1506	0	-203	-0	1.75	39.72	3.34	2125.16	0	-160.32	-546.31	-0	-0	-0	903	0	-403	-0	-0	-0	-0	300	0	-203	-0	-0	-0	-0	300	0	200	-0
546	-0	-0	-0	1506	0	-203	-0	-0	-0	-0	2109	0	-203	-0	0	0	0	903	0	-403	0	-0	-0	-0	300	0	-203	-0	-0	-0	-0	300	0	200	-0
547	-0	-0	-0	1506	0	-203	-0	-0	-0	-0	2109	0	-203	-0	-0	-0	-0	903	0	-403	-0	-0	-0	-0	300	0	-203	-0	-0	-0	-0	300	0	200	-0
548	-0	-0	-0	1506	0	-203	-0	-0	-0	-0	2109	0	-203	-0	-0	-0	-0	903	0	-403	-0	-0	-0	-0	300	0	-203	-0	-0	-0	-0	300	0	200	-0
549	-0	-0	-0	1506	0	-203	-0	-0	-0	-0	2109	0	-203	-0	-0	-0	-0	903	0	-403	-0	-0	-0	-0	300	0	-203	-0	-0	-0	-0	300	0	200	-0
550	-0	-0	-0	1506	0	-203	-0	-0	-0	-0	2109	0	-203	-0	-0	-0	-0	903	0	-403	-0	-0	-0	-0	300	0	-203	-0	0	0	0	300	0	200	0
551	-0	-0	-0	1506	0	-203	-0	-0	-0	-0	2109	0	-203	-0	-0	-0	-0	903	0	-403	-0	-0	-0	-0	300	0	-203	-0	-0	-0	-0	300	0	200	-0
552	-0	-0	-0	1506	0	-203	-0	-0	-0	-0	2109	0	-203	-0	-0	-0	-0	903	0	-403	-0	-0	-0	-0	300	0	-203	-0	-0	-0	-0	300	0	200	-0
553	-0	-0	-0	1506	0	-203	-0	-0	-0	-0	2109	0	-203	-0	-0	-0	-0	903	0	-403	-0	-0	-0	-0	300	0	-203	-0	-0	-0	-0	300	0	200	-0
554	-0	-0	-0	1506	0	-203	-0	-0	-0	-0	2109	0	-203	-0	-0	-0	-0	903	0	-403	-0	-0	-0	-0	300	0	-203	-0	-0	-0	-0	300	0	200	-0
555	-0	-0	-0	1506	0	-203	-0	-0	-0	-0	2109	0	-203	-0	-0	-0	-0	903	0	-403	-0	-0	-0	-0	300	0	-203	-0	-0	-0	-0	300	0	200	-0
556	-0	-0	-0	1506	0	-203	-0	-0	-0	-0	2109	0	-203	-0	-0	-0	-0	903	0	-403	-0	-0	-0	-0	300	0	-203	-0	-0	-0	-0	300	0	200	-0
557	-0	-0	-0	1506	0	-203	-0	-0	-0	-0	2109	0	-203	-0	-0	-0	-0	903	0	-403	-0	-0	-0	-0	300	0	-203	-0	0	0	0	300	0	200	0
558	-0	-0	-0	1506	0	-203	-0	-0	-0	-0	2109	0	-203	-0	-0	-0	-0	903	0	-403	-0	-0	-0	-0	300	0	-203	-0	-0	-0	-0	300	0	200	-0
559	-0	-0	-0	1506	0	-203	-0	-0	-0	-0	2109	0	-203	-0	-0	-0	-0	903	0	-403	-0	-0	-0	-0	300	0	-203	-0	-0	-0	-0	300	0	200	-0
560	-0	-0	-0	1506	0	-203	-0	-0	-0	-0	2109	0	-203	-0	-0	-0	-0	903	0	-403	-0	-0	-0	-0	300	0	-203	-0	-0	-0	-0	300	0	200	-0
561	-0	-0	-0	1506	0	-203	-0	-0	-0	-0	2109	0	-203	-0	-0	-0	-0	903	0	-403	-0	0	0	0	300	0	-203	0	-0	-0	-0	300	0	200	-0
562	-0	-0	-0	1506	0	-203	-0	-0	-0	-0	2109	0	-203	-0	-0	-0	-0	903	0	-403	-0	-0	-0	-0	300	0	-203	-0	-0	-0	-0	300	0	200	-0
563	-0	-0	-0	1506	0	-203	-0	-0	-0	-0	2109	0	-203	-0	-0	-0	-0	903	0	-403	-0	-0	-0	-0	300	0	-203	-0	-0	-0	-0	300	0	200	-0
564	-0	-0	-0	1506	0	-203	-0	-0	-0	-0	2109	0	-203	-0	-0	-0	-0	903	0	-403	-0	-0	-0	-0	300	0	-203	-0	-0	-0	-0	300	0	200	-0
565	-0	-0	-0	1506	0	-203	-0	-0	-0	-0	2109	0	-203	-0	-0	-0	-0	903	0	-403	-0	-0	-0	-0	300	0	-203	-0	-0	-0	-0	300	0	200	-0
566	-0	-0	-0	1506	0	-203	-0	-0	-0	-0	2109	0	-203	-0	-0	-0	-0	903	0	-403	-0	0	0	0	300	0	-203	0	-0	-0	-0	300	0	200	-0
567	-0	-0	-0	1506	0	-203	-0	-0	-0	-0	2109	0	-203	-0	0	0	0	903	0	-403	0	-0	-0	-0	300	0	-203	-0	-0	-0	-0	300	0	200	-0
568	-0	-0	-0	1506	0	-203	-0	-0	-0	-0	2109	0	-203	-0	-0	-0	-0	903	0	-403	-0	-0	-0	-0	300	0	-203	-0	-0	-0	-0	300	0	200	-0
569	-0	-0	-0	1506	0	-203	-0	-0	-0	-0	2109	0	-203	-0	-0	-0	-0	903	0	-403	-0	-0	-0	-0	300	0	-203	-0	-0	-0	-0	300	0	200	-0
570	-0	-0	-0	1506	0	-203	-0	-0	-0	-0	2109	0	-203	-0	-0	-0	-0	903	0	-403	-0	-0	-0	-0	300	0	-203	-0	-0	-0	-0	300	0	200	-0
571	-0	-0	-0	1506	0	-203	-0	-0	-0	-0	2109	0	-203	-0	-0	-0	-0	903	0	-403	-0	-0	-0	-0	300	0	-203	-0	-0	-0	-0	300	0	200	-0
572	-0	-0	-0	1506	0	-203	-0	-0	-0	-0	2109	0	-203	-0	-0	-0	-0	903	0	-403	-0	-0	-0	-0	300	0	-203	-0	-0	-0	-0	300	0	200	-0
573	-0	-0	-0	1506	0	-203	-0	-0	-0	-0	2109	0	-203	-0	-0	-0	-0	903	0	-403	-0	-0	-0	-0	300	0	-203	-0	-0	-0	-0	300	0	200	-0
574	-0	-0	-0	1506	0	-203	-0	-0	-0	-0	2109	0	-203	-0	-0	-0	-0	903	0	-403	-0	-0	-0	-0	300	0	-203	-0	-0	-0	-0	300	0	200	-0
575	-0	-0	-0	1506	0	-203	-0	-0	-0	-0	2109	0	-203	-0	-0	-0	-0	903	0	-403	-0	-0	-0	-0	300	0	-203	-0	-0	-0	-0	300	0	200	-0
576	-0	-0	-0	1506	0	-203	-0	-0	-0	-0	2109	0	-203	-0	0	0	0	903	0	-403	0	-0	-0	-0	300	0	-203	-0	-0	-0	-0	300	0	200	-0
577	-0	-0	-0	1506	0	-203	-0	-0	-0	-0	2109	0	-203	-0	-0	-0	-0	903	0	-403	-0	-0	-0	-0	300	0	-203	-0	-0	-0	-0	300	0	200	-0
578	-0	-0	-0	1506	0	-203	-0	-0	-0	-0	2109	0	-203	-0	-0	-0	-0	903	0	-403	-0	-0	-0	-0	300	0	-203	-0	-0	-0	-0	300	0	200	-0
579	-0	-0	-0	1506	0	-203	-0	-0	-0	-0	2109	0	-203	-0	-0	-0	-0	903	0	-403	-0	-0	-0	-0	300	0	-203	-0	-0	-0	-0	300	0	200	-0
580	-0	-0	-0	1506	0	-203	-0	-0	-0	-0	2109	0	-203	-0	-0	-0	-0	903	0	-403	-0	-0	-0	-0	300	0	-203	-0	-0	-0	-0	300	0	200	-0
581	-0	-0	-0	1506	0	-203	-0	-0	-0	-0	2109	0	-203	-0	-0	-0	-0	903	0	-403	-0	-0	-0	-0	300	0	-203	-0	-0	-0	-0	300	0	200	-0
582	-0	-0	-0	1506	0	-203	-0	-0	-0	-0	2109	0	-203	-0	-0	-0	-0	903	0	-403	-0	-0	-0	-0	300	0	-203	-0	-0	-0	-0	300	0	200	-0
583	-0	-0	-0	1506	0	-203	-0	-0	-0	-0	2109	0	-203	-0	-0	-0	-0	903	0	-403	-0	-0	-0	-0	300	0	-203	-0	-0	-0	-0	300	0	200	-0
584	-0	-0	-0	1506	0	-203	-0	-0	-0	-0	2109	0	-203	-0	-0	-0	-0	903	0	-403	-0	-0	-0	-0	300	0	-203	-0	-0	-0	-0	300	0	200	-0
585	-0	-0	-0	1506	0	-203	-0	-0	-0	-0	2109	0	-203	-0	0	0	0	903	0	-403	0	-0	-0	-0	300	0	-203	-0	-0	-0	-0	300	0	200	-0
586	-0	-0	-0	1506	0	-203	-0	-0	-0	-0	2109	0	-203	-0	-0	-0	-0	903	0	-403	-0	-0	-0	-0	300	0	-203	-0	-0	-0	-0	300	0	200	-0
587	-0	-0	-0	1506	0	-203	-0	-0	-0	-0	2109	0	-203	-0	-0	-0	-0	903	0	-403	-0	-0	-0	-0	300	0	-203	-0	-0	-0	-0	300	0	200	-0
588	-0	-0	-0	1506	0	-203	-0	-0	-0	-0	2109	0	-203	-0	-0	-0	-0	903	0	-403	-0	-0	-0	-0	300	0	-203	-0	-0	-0	-0	300	0	200	-0
589	-0	-0	-0	1506	0	-203	-0	-0	-0	-0	2109	0	-203	-0	-0	-0	-0	903	0	-403	-0	-0	-0	-0	300	0	-203	-0	-0	-0	-0	300	0	200	-0
590	-0	-0	-0	1506	0	-203	-0	-0	-0	-0	2109	0	-203	-0	0	0	0	903	0	-403	0	-0	-0	-0	300	0	-203	-0	-0	-0	-0	300	0	200	-0
591	-0	-0	-0	1506	0	-203	-0	-0	-0	-0	2109	0	-203	-0	-0	-0	-0	903	0	-403	-0	-0	-0	-0	300	0	-203	-0	-0	-0	-0	300	0	200	-0
592	-0	-0	-0	1506	0	-203	-0	-0	-0	-0	2109	0	-203	-0	0	0	0	903	0	-403	0	-0	-0	-0	300	0	-203	-0	-0	-0	-0	300	0	200	-0
593	-0	-0	-0	1506	0	-203	-0	-0	-0	-0	2109	0	-203	-0	-0	-0	-0	903	0	-403	-0	-0	-0	-0	300	0	-203	-0	-0	-0	-0	300	0	200	-0
594	-0	-0	-0	1506	0	-203	-0	-0	-0	-0	2109	0	-203	-0	-0	-0	-0	903	0	-403	-0	-0	-0	-0	300	0	-203	-0	-0	-0	-0	300	0	200	-0
595	-0	-0	-0	1506	0	-203	-0	-0	-0	-0	2109	0	-203	-0	-0	-0	-0	903	0	-403	-0	-0	-0	-0	300	0	-203	-0	0	0	0	300	0	200	0
596	-0	-0	-0	1506	0	-203	-0	-0	-0	-0	2109	0	-203	-0	-0	-0	-0	903	0	-403	-0	-0	-0	-0	300	0	-203	-0	-0	-0	-0	300	0	200	-0
597	-0	-0	-0	1506	0	-203	-0	-0	-0	-0	2109	0	-203	-0	-0	-0	-0	903	0	-403	-0	-0	-0	-0	300	0	-203	-0	-0	-0	-0	300	0	200	-0
598	-0	-0	-0	1506	0	-203	-0	-0	-0	-0	2109	0	-203	-0	-0	-0	-0	903	0	-403	-0	-0	-0	-0	300	0	-203	-0	-0	-0	-0	300	0	200	-0
599	-0	-0	-0	1506	0	-203	-0	-0	-0	-0	2109	0	-203	-0	-0	-0	-0	903	0	-403	-0	-0	-0	-0	300	0	-203	-0	-0	-0	-0	300	0	200	-0
600	-0	-0	-0	1506	0	-203	-0	-0	-0	-0	2109	0	-203	-0	-0	-0	-0	903	0	-403	-0	-0	-0	-0	300	0	-203	-0	-0	-0	-0	300	0	200	-0
601	-0	-0	-0	1506	0	-203	-0	-0	-0	-0	2109	0	-203	-0	-0	-0	-0	903	0	-403	-0	-0	-0	-0	300	0	-203	-0	-0	-0	-0	300	0	200	-0
602	-0	-0	-0	1506	0	-203	-0	-0	-0	-0	2109	0	-203	-0	-0	-0	-0	903	0	-403	-0	-0	-0	-0	300	0	-203	-0	-0	-0	-0	300	0	200	-0
603	-0	-0	-0	1506	0	-203	-0	-0	-0	-0	2109	0	-203	-0	-0	-0	-0	903	0	-403	-0	-0	-0	-0	300	0	-203	-0	-0	-0	-0	300	0	200	-0
604	-0	-0	-0	1506	0	-203	-0	-0	-0	-0	2109	0	-203	-0	-0	-0	-0	903	0	-403	-0	-0	-0	-0	300	0	-203	-0	-0	-0	-0	300	0	200	-0
605	-0	-0	-0	1506	0	-203	-0	-0	-0	-0	2109	0	-203	-0	-0	-0	-0	903	0	-403	-0	-0	-0	-0	300	0	-203	-0	-0	-0	-0	300	0	200	-0
606	-0	-0	-0	1506	0	-203	-0	-0	-0	-0	2109	0	-203	-0	-0	-0	-0	903	0	-403	-0	-0	-0	-0	300	0	-203	-0	-0	-0	-0	300	0	200	-0
607	-0	-0	-0	1506	0	-203	-0	-0	-0	-0	2109	0	-203	-0	0	0	0	903	0	-403	0	-0	-0	-0	300	0	-203	-0	-0	-0	-0	300	0	200	-0
608	-0	-0	-0	1506	0	-203	-0	-0	-0	-0	2109	0	-203	-0	-0	-0	-0	903	0	-403	-0	-0	-0	-0	300	0	-203	-0	-0	-0	-0	300	0	200	-0
609	-0	-0	-0	1506	0	-203	-0	-0	-0	-0	2109	0	-203	-0	-0	-0	-0	903	0	-403	-0	-0	-0	-0	300	0	-203	-0	-0	-0	-0	300	0	200	-0
610	-0	-0	-0	1506	0	-203	-0	-0	-0	-0	2109	0	-203	-0	-0	-0	-0	903	0	-403	-0	-0	-0	-0	300	0	-203	-0	-0	-0	-0	300	0	200	-0
611	-0	-0	-0	1506	0	-203	-0	-0	-0	-0	2109	0	-203	-0	-0	-0	-0	903	0	-403	-0	-0	-0	-0	300	0	-203	-0	-0	-0	-0	300	0	200	-0
612	-0	-0	-0	1506	0	-203	-0	-0	-0	-0	2109	0	-203	-0	-0	-0	-0	903	0	-403	-0	-0	-0	-0	300	0	-203	-0	-0	-0	-0	300	0	200	-0
613	-0	-0	-0	1506	0	-203	-0	-0	-0	-0	2109	0	-203	-0	-0	-0	-0	903	0	-403	-0	-0	-0	-0	300	0	-203	-0	-0	-0	-0	300	0	200	-0
614	-0	-0	-0	1506	0	-203	-0	-0	-0	-0	2109	0	-203	-0	-0	-0	-0	903	0	-403	-0	-0	-0	-0	300	0	-203	-0	-0	-0	-0	300	0	200	-0
615	-0	-0	-0	1506	0	-203	-0	-0	-0	-0	2109	0	-203	-0	-0	-0	-0	903	0	-403	-0	-0	-0	-0	300	0	-203	-0	-0	-0	-0	300	0	200	-0
616	-0	-0	-0	1506	0	-203	-0	-0	-0	-0	2109	0	-203	-0	-0	-0	-0	903	0	-403	-0	-0	-0	-0	300	0	-203	-0	-0	-0	-0	300	0	200	-0
617	-0	-0	-0	1506	0	-203	-0	-0	-0	-0	2109	0	-203	-0	-0	-0	-0	903	0	-403	-0	-0	-0	-0	300	0	-203	-0	-0	-0	-0	300	0	200	-0
618	-0	-0	-0	1506	0	-203	-0	-0	-0	-0	2109	0	-203	-0	-0	-0	-0	903	0	-403	-0	0	0	0	300	0	-203	0	-0	-0	-0	300	0	200	-0
619	-0	-0	-0	1506	0	-203	-0	-0	-0	-0	2109	0	-203	-0	-0	-0	-0	903	0	-403	-0	-0	-0	-0	300	0	-203	-0	-0	-0	-0	300	0	200	-0
620	-0	-0	-0	1506	0	-203	-0	-0	-0	-0	2109	0	-203	-0	-0	-0	-0	903	0	-403	-0	-0	-0	-0	300	0	-203	-0	-0	-0	-0	300	0	200	-0
621	-0	-0	-0	1506	0	-203	-0	-0	-0	-0	2109	0	-203	-0	-0	-0	-0	903	0	-403	-0	0	0	0	300	0	-203	0	-0	-0	-0	300	0	200	-0
622	-0	-0	-0	1506	0	-203	-0	-0	-0	-0	2109	0	-203	-0	-0	-0	-0	903	0	-403	-0	-0	-0	-0	300	0	-203	-0	-0	-0	-0	300	0	200	-0
623	-0	-0	-0	1506	0	-203	-0	-0	-0	-0	2109	0	-203	-0	-0	-0	-0	903	0	-403	-0	-0	-0	-0	300	0	-203	-0	-0	-0	-0	300	0	200	-0
624	-0	-0	-0	1506	0	-203	-0	-0	-0	-0	2109	0	-203	-0	-0	-0	-0	903	0	-403	-0	-0	-0	-0	300	0	-203	-0	-0	-0	-0	300	0	200	-0
625	-0	-0	-0	1506	0	-203	-0	-0	-0	-0	2109	0	-203	-0	-0	-0	-0	903	0	-403	-0	-0	-0	-0	300	0	-203	-0	-0	-0	-0	300	0	200	-0
626	-0	-0	-0	1506	0	-203	-0	-0	-0	-0	2109	0	-203	-0	-0	-0	-0	903	0	-403	-0	-0	-0	-0	300	0	-203	-0	-0	-0	-0	300	0	200	-0
627	-0	-0	-0	1506	0	-203	-0	-0	-0	-0	2109	0	-203	-0	-0	-0	-0	903	0	-403	-0	-0	-0	-0	300	0	-203	-0	-0	-0	-0	300	0	200	-0
628	-0	-0	-0	1506	0	-203	-0	-0	-0	-0	2109	0	-203	-0	-0	-0	-0	903	0	-403	-0	-0	-0	-0	300	0	-203	-0	0	0	0	300	0	200	0
629	-0	-0	-0	1506	0	-203	-0	-0	-0	-0	2109	0	-203	-0	-0	-0	-0	903	0	-403	-0	-0	-0	-0	300	0	-203	-0	-0	-0	-0	300	0	200	-0
630	-0	-0	-0	1506	0	-203	-0	-0	-0	-0	2109	0	-203	-0	-0	-0	-0	903	0	-403	-0	-0	-0	-0	300	0	-203	-0	-0	-0	-0	300	0	200	-0
631	-0	-0	-0	1506	0	-203	-0	-0	-0	-0	2109	0	-203	-0	-0	-0	-0	903	0	-403	-0	-0	-0	-0	300	0	-203	-0	0	0	0	300	0	200	0
632	-0	-0	-0	1506	0	-203	-0	-0	-0	-0	2109	0	-203	-0	0	0	0	903	0	-403	0	-0	-0	-0	300	0	-203	-0	-0	-0	-0	300	0	200	-0
633	-0	-0	-0	1506	0	-203	-0	-0	-0	-0	2109	0	-203	-0	-0	-0	-0	903	0	-403	-0	-0	-0	-0	300	0	-203	-0	-0	-0	-0	300	0	200	-0
634	-0	-0	-0	1506	0	-203	-0	-0	-0	-0	2109	0	-203	-0	-0	-0	-0	903	0	-403	-0	-0	-0	-0	300	0	-203	-0	0	0	0	300	0	200	0
635	-0	-0	-0	1506	0	-203	-0	-0	-0	-0	2109	0	-203	-0	-0	-0	-0	903	0	-403	-0	-0	-0	-0	300	0	-203	-0	-0	-0	-0	300	0	200	-0
636	-0	-0	-0	1506	0	-203	-0	-0	-0	-0	2109	0	-203	-0	-0	-0	-0	903	0	-403	-0	-0	-0	-0	300	0	-203	-0	-0	-0	-0	300	0	200	-0
637	-0	-0	-0	1506	0	-203	-0	-0	-0	-0	2109	0	-203	-0	-0	-0	-0	903	0	-403	-0	-0	-0	-0	300	0	-203	-0	-0	-0	-0	300	0	200	-0
638	-0	-0	-0	1506	0	-203	-0	-0	-0	-0	2109	0	-203	-0	-0	-0	-0	903	0	-403	-0	-0	-0	-0	300	0	-203	-0	0	0	0	300	0	200	0
639	-0	-0	-0	1506	0	-203	-0	-0	-0	-0	2109	0	-203	-0	-0	-0	-0	903	0	-403	-0	-0	-0	-0	300	0	-203	-0	0	0	0	300	0	200	0
640	-0	-0	-0	1506	0	-203	-0	-0	-0	-0	2109	0	-203	-0	-0	-0	-0	903	0	-403	-0	-0	-0	-0	300	0	-203	-0	-0	-0	-0	300	0	200	-0
641	-0	-0	-0	1506	0	-203	-0	-0	-0	-0	2109	0	-203	-0	-0	-0	-0	903	0	-403	-0	-0	-0	-0	300	0	-203	-0	-0	-0	-0	300	0	200	-0
642	-0	-0	-0	1506	0	-203	-0	-0	-0	-0	2109	0	-203	-0	-0	-0	-0	903	0	-403	-0	-0	-0	-0	300	0	-203	-0	-0	-0	-0	300	0	200	-0
643	-0	-0	-0	1506	0	-203	-0	-0	-0	-0	2109	0	-203	-0	-0	-0	-0	903	0	-403	-0	-0	-0	-0	300	0	-203	-0	-0	-0	-0	300	0	200	-0
644	-0	-0	-0	1506	0	-203	-0	-0	-0	-0	2109	0	-203	-0	-0	-0	-0	903	0	-403	-0	-0	-0	-0	300	0	-203	-0	-0	-0	-0	300	0	200	-0
645	-0	-0	-0	1506	0	-203	-0	-0	-0	-0	2109	0	-203	-0	-0	-0	-0	903	0	-403	-0	-0	-0	-0	300	0	-203	-0	-0	-0	-0	300	0	200	-0
646	-0	-0	-0	1506	0	-203	-0	-0	-0	-0	2109	0	-203	-0	-0	-0	-0	903	0	-403	-0	-0	-0	-0	300	0	-203	-0	-0	-0	-0	300	0	200	-0
647	-0	-0	-0	1506	0	-203	-0	-0	-0	-0	2109	0	-203	-0	-0	-0	-0	903	0	-403	-0	-0	-0	-0	300	0	-203	-0	-0	-0	-0	300	0	200	-0
648	-0	-0	-0	1506	0	-203	-0	-0	-0	-0	2109	0	-203	-0	-0	-0	-0	903	0	-403	-0	0	0	0	300	0	-203	0	-0	-0	-0	300	0	200	-0
649	-0	-0	-0	1506	0	-203	-0	-0	-0	-0	2109	0	-203	-0	-0	-0	-0	903	0	-403	-0	-0	-0	-0	300	0	-203	-0	-0	-0	-0	300	0	200	-0
650	-0	-0	-0	1506	0	-203	-0	-0	-0	-0	2109	0	-203	-0	-0	-0	-0	903	0	-403	-0	-0	-0	-0	300	0	-203	-0	-0	-0	-0	300	0	200	-0
651	-0	-0	-0	1506	0	-203	-0	-0	-0	-0	2109	0	-203	-0	-0	-0	-0	903	0	-403	-0	-0	-0	-0	300	0	-203	-0	0	0	0	300	0	200	0
652	-0	-0	-0	1506	0	-203	-0	-0	-0	-0	2109	0	-203	-0	0	0	0	903	0	-403	0	-0	-0	-0	300	0	-203	-0	-0	-0	-0	300	0	200	-0
653	-0	-0	-0	1506	0	-203	-0	-0	-0	-0	2109	0	-203	-0	-0	-0	-0	903	0	-403	-0	-0	-0	-0	300	0	-203	-0	-0	-0	-0	300	0	200	-0
654	-0	-0	-0	1506	0	-203	-0	-0	-0	-0	2109	0	-203	-0	-0	-0	-0	903	0	-403	-0	-0	-0	-0	300	0	-203	-0	-0	-0	-0	300	0	200	-0
655	-0	-0	-0	1506	0	-203	-0	-0	-0	-0	2109	0	-203	-0	0	0	0	903	0	-403	0	0	0	0	300	0	-203	0	-0	-0	-0	300	0	200	-0
656	-0	-0	-0	1506	0	-203	-0	-0	-0	-0	2109	0	-203	-0	-0	-0	-0	903	0	-403	-0	-0	-0	-0	300	0	-203	-0	-0	-0	-0	300	0	200	-0
657	-0	-0	-0	1506	0	-203	-0	-0	-0	-0	2109	0	-203	-0	-0	-0	-0	903	0	-403	-0	-0	-0	-0	300	0	-203	-0	-0	-0	-0	300	0	200	-0
658	-0	-0	-0	1506	0	-203	-0	-0	-0	-0	2109	0	-203	-0	-0	-0	-0	903	0	-403	-0	-0	-0	-0	300	0	-203	-0	-0	-0	-0	300	0	200	-0
659	-0	-0	-0	1506	0	-203	-0	-0	-0	-0	2109	0	-203	-0	-0	-0	-0	903	0	-403	-0	-0	-0	-0	300	0	-203	-0	-0	-0	-0	300	0	200	-0
660	-0	-0	-0	1506	0	-203	-0	-0	-0	-0	2109	0	-203	-0	-0	-0	-0	903	0	-403	-0	-0	-0	-0	300	0	-203	-0	-0	-0	-0	300	0	200	-0
661	-0	-0	-0	1506	0	-203	-0	-0	-0	-0	2109	0	-203	-0	-0	-0	-0	903	0	-403	-0	-0	-0	-0	300	0	-203	-0	-0	-0	-0	300	0	200	-0
662	-0	-0	-0	1506	0	-203	-0	-0	-0	-0	2109	0	-203	-0	0	0	0	903	0	-403	0	-0	-0	-0	300	0	-203	-0	-0	-0	-0	300	0	200	-0
663	-0	-0	-0	1506	0	-203	-0	-0	-0	-0	2109	0	-203	-0	-0	-0	-0	903	0	-403	-0	-0	-0	-0	300	0	-203	-0	-0	-0	-0	300	0	200	-0
664	-0	-0	-0	1506	0	-203	-0	-0	-0	-0	2109	0	-203	-0	-0	-0	-0	903	0	-403	-0	-0	-0	-0	300	0	-203	-0	-0	-0	-0	300	0	200	-0
665	-0	-0	-0	1506	0	-203	-0	-0	-0	-0	2109	0	-203	-0	-0	-0	-0	903	0	-403	-0	-0	-0	-0	300	0	-203	-0	-0	-0	-0	300	0	200	-0
666	-0	-0	-0	1506	0	-203	-0	-0	-0	-0	2109	0	-203	-0	-0	-0	-0	903	0	-403	-0	-0	-0	-0	300	0	-203	-0	-0	-0	-0	300	0	200	-0
667	-0	-0	-0	1506	0	-203	-0	-0	-0	-0	2109	0	-203	-0	0	0	0	903	0	-403	0	-0	-0	-0	300	0	-203	-0	-0	-0	-0	300	0	200	-0
668	-0	-0	-0	1506	0	-203	-0	-0	-0	-0	2109	0	-203	-0	-0	-0	-0	903	0	-403	-0	-0	-0	-0	300	0	-203	-0	-0	-0	-0	300	0	200	-0
669	-0	-0	-0	1506	0	-203	-0	-0	-0	-0	2109	0	-203	-0	0	0	0	903	0	-403	0	-0	-0	-0	300	0	-203	-0	-0	-0	-0	300	0	200	-0
670	-0	-0	-0	1506	0	-203	-0	-0	-0	-0	2109	0	-203	-0	-0	-0	-0	903	0	-403	-0	-0	-0	-0	300	0	-203	-0	-0	-0	-0	300	0	200	-0
671	-0	-0	-0	1506	0	-203	-0	-0	-0	-0	2109	0	-203	-0	-0	-0	-0	903	0	-403	-0	-0	-0	-0	300	0	-203	-0	-0	-0	-0	300	0	200	-0
672	-0	-0	-0	1506	0	-203	-0	-0	-0	-0	2109	0	-203	-0	-0	-0	-0	903	0	-403	-0	-0	-0	-0	300	0	-203	-0	-0	-0	-0	300	0	200	-0
673	-0	-0	-0	1506	0	-203	-0	-0	-0	-0	2109	0	-203	-0	-0	-0	-0	903	0	-403	-0	-0	-0	-0	300	0	-203	-0	-0	-0	-0	300	0	200	-0
674	-0	-0	-0	1506	0	-203	-0	-0	-0	-0	2109	0	-203	-0	-0	-0	-0	903	0	-403	-0	-0	-0	-0	300	0	-203	-0	-0	-0	-0	300	0	200	-0
675	-0	-0	-0	1506	0	-203	-0	-0	-0	-0	2109	0	-203	-0	-0	-0	-0	903	0	-403	-0	-0	-0	-0	300	0	-203	-0	-0	-0	-0	300	0	200	-0
676	-0	-0	-0	1506	0	-203	-0	-0	-0	-0	2109	0	-203	-0	-0	-0	-0	903	0	-403	-0	-0	-0	-0	300	0	-203	-0	-0	-0	-0	300	0	200	-0
677	-0	-0	-0	1506	0	-203	-0	-0	-0	-0	2109	0	-203	-0	-0	-0	-0	903	0	-403	-0	-0	-0	-0	300	0	-203	-0	0	0	0	300	0	200	0
678	-0	-0	-0	1506	0	-203	-0	-0	-0	-0	2109	0	-203	-0	-0	-0	-0	903	0	-403	-0	-0	-0	-0	300	0	-203	-0	-0	-0	-0	300	0	200	-0
679	-0	-0	-0	1506	0	-203	-0	-0	-0	-0	2109	0	-203	-0	0	0	0	903	0	-403	0	-0	-0	-0	300	0	-203	-0	-0	-0	-0	300	0	200	-0
680	-0	-0	-0	1506	0	-203	-0	-0	-0	-0	2109	0	-203	-0	-0	-0	-0	903	0	-403	-0	-0	-0	-0	300	0	-203	-0	-0	-0	-0	300	0	200	-0
681	-0	-0	-0	1506	0	-203	-0	-0	-0	-0	2109	0	-203	-0	-0	-0	-0	903	0	-403	-0	0	0	0	300	0	-203	0	-0	-0	-0	300	0	200	-0
682	-0	-0	-0	1506	0	-203	-0	-0	-0	-0	2109	0	-203	-0	0	0	0	903	0	-403	0	-0	-0	-0	300	0	-203	-0	-0	-0	-0	300	0	200	-0
683	-0	-0	-0	1506	0	-203	-0	-0	-0	-0	2109	0	-203	-0	-0	-0	-0	903	0	-403	-0	-0	-0	-0	300	0	-203	-0	-0	-0	-0	300	0	200	-0
684	-0	-0	-0	1506	0	-203	-0	-0	-0	-0	2109	0	-203	-0	-0	-0	-0	903	0	-403	-0	-0	-0	-0	300	0	-203	-0	-0	-0	-0	300	0	200	-0
685	-0	-0	-0	1506	0	-203	-0	-0	-0	-0	2109	0	-203	-0	-0	-0	-0	903	0	-403	-0	-0	-0	-0	300	0	-203	-0	-0	-0	-0	300	0	200	-0
686	-0	-0	-0	1506	0	-203	-0	-0	-0	-0	2109	0	-203	-0	-0	-0	-0	903	0	-403	-0	-0	-0	-0	300	0	-203	-0	-0	-0	-0	300	0	200	-0
687	-0	-0	-0	1506	0	-203	-0	-0	-0	-0	2109	0	-203	-0	-0	-0	-0	903	0	-403	-0	-0	-0	-0	300	0	-203	-0	-0	-0	-0	300	0	200	-0
688	-0	-0	-0	1506	0	-203	-0	-0	-0	-0	2109	0	-203	-0	-0	-0	-0	903	0	-403	-0	-0	-0	-0	300	0	-203	-0	-0	-0	-0	300	0	200	-0
689	-0	-0	-0	1506	0	-203	-0	-0	-0	-0	2109	0	-203	-0	-0	-0	-0	903	0	-403	-0	-0	-0	-0	300	0	-203	-0	0	0	0	300	0	200	0
690	-0	-0	-0	1506	0	-203	-0	-0	-0	-0	2109	0	-203	-0	-0	-0	-0	903	0	-403	-0	-0	-0	-0	300	0	-203	-0	-0	-0	-0	300	0	200	-0
691	-0	-0	-0	1506	0	-203	-0	-0	-0	-0	2109	0	-203	-0	-0	-0	-0	903	0	-403	-0	-0	-0	-0	300	0	-203	-0	-0	-0	-0	300	0	200	-0
692	-0	-0	-0	1506	0	-203	-0	-0	-0	-0	2109	0	-203	-0	0	0	0	903	0	-403	0	-0	-0	-0	300	0	-203	-0	-0	-0	-0	300	0	200	-0
693	-0	-0	-0	1506	0	-203	-0	-0	-0	-0	2109	0	-203	-0	-0	-0	-0	903	0	-403	-0	-0	-0	-0	300	0	-203	-0	-0	-0	-0	300	0	200	-0
694	-0	-0	-0	1506	0	-203	-0	-0	-0	-0	2109	0	-203	-0	-0	-0	-0	903	0	-403	-0	0	0	0	300	0	-203	0	-0	-0	-0	300	0	200	-0
695	-0	-0	-0	1506	0	-203	-0	-0	-0	-0	2109	0	-203	-0	-0	-0	-0	903	0	-403	-0	-0	-0	-0	300	0	-203	-0	-0	-0	-0	300	0	200	-0
696	-0	-0	-0	1506	0	-203	-0	-0	-0	-0	2109	0	-203	-0	-0	-0	-0	903	0	-403	-0	-0	-0	-0	300	0	-203	-0	-0	-0	-0	300	0	200	-0
697	-0	-0	-0	1506	0	-203	-0	-0	-0	-0	2109	0	-203	-0	-0	-0	-0	903	0	-403	-0	-0	-0	-0	300	0	-203	-0	0	0	0	300	0	200	0
698	-0	-0	-0	1506	0	-203	-0	-0	-0	-0	2109	0	-203	-0	-0	-0	-0	903	0	-403	-0	-0	-0	-0	300	0	-203	-0	-0	-0	-0	300	0	200	-0
699	-0	-0	-0	1506	0	-203	-0	-0	-0	-0	2109	0	-203	-0	-0	-0	-0	903	0	-403	-0	0	0	0	300	0	-203	0	-0	-0	-0	300	0	200	-0
700	-0	-0	-0	1506	0	-203	-0	-0	-0	-0	2109	0	-203	-0	-0	-0	-0	903	0	-403	-0	-0	-0	-0	300	0	-203	-0	-0	-0	-0	300	0	200	-0
701	-0	-0	-0	1506	0	-203	-0	-0	-0	-0	2109	0	-203	-0	0	0	0	903	0	-403	0	-0	-0	-0	300	0	-203	-0	-0	-0	-0	300	0	200	-0
702	-0	-0	-0	1506	0	-203	-0	-0	-0	-0	2109	0	-203	-0	-0	-0	-0	903	0	-403	-0	0	0	0	300	0	-203	0	-0	-0	-0	300	0	200	-0
703	-0	-0	-0	1506	0	-203	-0	-0	-0	-0	2109	0	-203	-0	-0	-0	-0	903	0	-403	-0	-0	-0	-0	300	0	-203	-0	-0	-0	-0	300	0	200	-0
704	-0	-0	-0	1506	0	-203	-0	-0	-0	-0	2109	0	-203	-0	-0	-0	-0	903	0	-403	-0	-0	-0	-0	300	0	-203	-0	-0	-0	-0	300	0	200	-0
705	-0	-0	-0	1506	0	-203	-0	-0	-0	-0	2109	0	-203	-0	-0	-0	-0	903	0	-403	-0	-0	-0	-0	300	0	-203	-0	-0	-0	-0	300	0	200	-0
706	-0	-0	-0	1506	0	-203	-0	-0	-0	-0	2109	0	-203	-0	-0	-0	-0	903	0	-403	-0	-0	-0	-0	300	0	-203	-0	-0	-0	-0	300	0	200	-0
707	-0	-0	-0	1506	0	-203	-0	-0	-0	-0	2109	0	-203	-0	-0	-0	-0	903	0	-403	-0	-0	-0	-0	300	0	-203	-0	-0	-0	-0	300	0	200	-0
708	-0	-0	-0	1506	0	-203	-0	-0	-0	-0	2109	0	-203	-0	-0	-0	-0	903	0	-403	-0	-0	-0	-0	300	0	-203	-0	-0	-0	-0	300	0	200	-0
709	-0	-0	-0	1506	0	-203	-0	-0	-0	-0	2109	0	-203	-0	-0	-0	-0	903	0	-403	-0	-0	-0	-0	300	0	-203	-0	-0	-0	-0	300	0	200	-0
710	-0	-0	-0	1506	0	-203	-0	-0	-0	-0	2109	0	-203	-0	-0	-0	-0	903	0	-403	-0	-0	-0	-0	300	0	-203	-0	-0	-0	-0	300	0	200	-0
711	-0	-0	-0	1506	0	-203	-0	-0	-0	-0	2109	0	-203	-0	-0	-0	-0	903	0	-403	-0	-0	-0	-0	300	0	-203	-0	-0	-0	-0	300	0	200	-0
712	-0	-0	-0	1506	0	-203	-0	-0	-0	-0	2109	0	-203	-0	-0	-0	-0	903	0	-403	-0	-0	-0	-0	300	0	-203	-0	-0	-0	-0	300	0	200	-0
